-0.7686357456115503,-0.8319814689455924,-0.8477220783999273,-0.8457499193658314,-0.8414777467397804,-0.8465097250669184,-0.8662574709203756,-0.8947037353922495,-0.9210461451678176,-0.9395082020131719,-0.9506098964156839,-0.956637061444765,-0.9580984545580419,-0.9551961406597601,-0.9486066740162883,-0.9371207868883092,-0.916730117445123,-0.8779841163125596,-0.8021026284496607,-0.6647627310519991,-0.47404768991034407,-0.2756718734866852,-0.05441764788826746,0.2512545255657219,0.5312816305303432,0.6512929395974021,0.6704659011281303,0.629579059736318,0.5419132503166071,0.4300977668132824,0.3229726051177552,0.24418562662223214,0.19776091855953104,0.19018703055854186,0.22613196813684602,0.3131613006889659,0.4337750623500524,0.5480316923171156,0.6206879368479358,0.645785565852349,0.645178476132712,0.6413640257820173,0.6570325553880715,0.7070641878950314,0.7830402317184804,0.8564006470596746,0.9079126098234499,0.9356880596274666,0.9448079230561833,0.9405807514559527,0.9264862474982386,0.9039883778527327,0.8748338490203474,0.8488340711318122,0.8350619288433389,0.8260492050226406,0.8077562603725927,0.7607275979698864,0.6343809591439689,0.3044575296254306,-0.06421891446631614,-0.2221126171394328,-0.34594504883680505,-0.5048321666537671,-0.40450668516494703,-0.36644515559217156,-0.41761357022555307,-0.5329523155457004,-0.4657946841573736,-0.25026203394746926,-0.12268476029244688,-0.04435969254442214,0.01328646314411894,0.05237948307597603,0.05648389789431979,0.016978102255317085,-0.03867809813382364,-0.03021343437537329,0.12612444876073833,0.37576255378955425,0.5474794440891956,0.6121832483725304,0.6220073354774635,0.6011660486709459,0.5027196737698892,0.2580046712677416,0.014931344938621237,-0.14806898658456458,-0.26692529626008177,-0.364619170682441,-0.4522835929390216,-0.5376454896338971,-0.6231361669274432,-0.7061406043229638,-0.7753803403188814,-0.818189115949443,-0.8340801179197931,-0.8295738184679777,-0.810463540027879,-0.7813144008024319,-0.7486631578278,-0.7233144021620812,-0.7152941457983768,-0.7223981940705304,-0.7310658260532868,-0.7295665658563077,-0.709333172474911,-0.6594300734164195,-0.550463635024445,-0.32040122498038287,0.07495580758513183,0.4656017248933762,0.6798786701960312,0.7793671233907085,0.8279133234602135,0.8560354100205494,0.8711829390830795,0.8751217841599938,0.8745124601532008,0.8768702749879005,0.8813221418664722,0.883345612130993,0.8775112762056123,0.8587147349347083,0.8113937280703043,0.6882699552383846,0.3668287594739903,-0.18515245333684474,-0.5748646718953441,-0.7359030438185823,-0.7953374835441865,-0.8080304286280485,-0.7954446922421108,-0.7828461488310892,-0.7986882772518481,-0.8302776331587138,-0.7613149667208741,-0.5163763432981693,-0.24696282821927495,-0.04051257353389251,0.10962251433504601,0.21471586079481214,0.2868763294637635,0.3445980851731423,0.4029943298615995,0.47048750307373366,0.5495772151825777,0.6343903694886835,0.7170229006271396,0.7898585015221792,0.8450026505683671,0.8805757252294983,0.8980963113285664,0.8997371712949732,0.8811723862566258,0.8379574803264563,0.7757142233355723,0.7069806868195686,0.6359587891177008,0.554899614514461,0.4319987999242382,0.22145622964491316,-0.08268432662735709,-0.3541047219664592,-0.5073117950581016,-0.5841683473143046,-0.6316994177137648,-0.6590300781352242,-0.6590647519402797,-0.6013972426761569,-0.41171765984667413,-0.007367151071041581,0.38566066281000133,0.5383534497380096,0.517824762532183,0.4085376682175139,0.2874795899626109,0.2166284257069623,0.2117329685999617,0.23575358067077637,0.22580459726638244,0.11416132629368202,-0.13403429774604425,-0.4326356232327679,-0.614098325766248,-0.6618632317907774,-0.6317617275786849,-0.5618360788624204,-0.4783258838596673,-0.4001507910422211,-0.33741612084928246,-0.2822533960574608,-0.21163969140819458,-0.08117248938922458,0.13676510600174047,0.4045938456564063,0.618576747686811,0.7230414495091311,0.749993523677807,0.7438469576069815,0.729477629120608,0.7213028466775709,0.7247402427731173,0.733260839848206,0.7319516943690151,0.7125389255776462,0.6742795956338383,0.6184295015235611,0.5461940706435847,0.45973618121019394,0.3619551160879389,0.26322027572731566,0.1655423112788999,0.07297540982718535,-0.006402267945011531,-0.050434260315125,-0.02076941716776101,0.11665525814391141,0.3115834941078614,0.4883163620827268,0.6205206659107394,0.7145278262296821,0.7800684126872527,0.8207313794418123,0.8328188957718274,0.7933646876426086,0.5656097975939046,-0.30414067510670445,-0.8171328687374572,-0.9198195277467995,-0.9497700784776085,-0.9613282806959773,-0.9647400587435191,-0.9612770525778814,-0.9499301559387484,-0.9312712633893812,-0.9033273968815073,-0.8574554079748807,-0.7756175417081839,-0.6308714862244972,-0.4136406711253147,-0.17958318317739375,-0.011682027372074258,0.08079934587415451,0.12638313080465335,0.15791211472801067,0.19022470473424832,0.22906565694965766,0.27750429945803223,0.3264624377087047,0.3690590863245638,0.39737102821396564,0.4222681821475725,0.4653981470050704,0.5341358697034035,0.6128437051538624,0.6795506006501305,0.723912739067813,0.7480255697564632,0.7521612208458245,0.7258253289869835,0.651875461029447,0.4954311158472597,0.21958368387918956,-0.10857149095638975,-0.3702875448309591,-0.5268099085259528,-0.602938119617505,-0.6328378450757719,-0.639484236518597,-0.6361428224409617,-0.6312285695098144,-0.6166344193115014,-0.5604440777706186,-0.4030192895062898,-0.06633264171805667,0.37722183959140826,0.6748956479617876,0.8137914201506738,0.8786763793437534,0.9128760926800292,0.9294507786123208,0.9342685948702806,0.9286762640997459,0.9109478613439788,0.8808502460488208,0.84950235986739,0.8292460972510902,0.8189411943984497,0.8068389870056534,0.7854952442623543,0.7566139753588402,0.7280884601768203,0.6970955940604365,0.6544064967613108,0.587340006643878,0.4957839663006842,0.3844769749038125,0.2411701416265068,0.0386968365658328,-0.2360221562621335,-0.548121617090296,-0.8041869115020237,-0.9402288770154148,-0.9754472686566432,-0.9671228278768779,-0.9547013983585986,-0.9494094332822093,-0.9488899448006785,-0.9467372608812689,-0.9321641367268617,-0.8738268275960432,-0.6195681679096477,0.1257040067036117,0.5827483442558998,0.6737698258949877,0.6058986544138569,0.35039139479464304,-0.15739889167014054,-0.6215133497037527,-0.8333662050155002,-0.9207923979298839,-0.9562008963384167,-0.9332336101797908,-0.8079237253731626,-0.5904604720199328,-0.3672540830949336,-0.1912294754963348,-0.06489453955583721,0.03581941751586688,0.14249314235341298,0.273110562067106,0.40857465936151993,0.5230294638002259,0.6084787652858369,0.6690605780413892,0.7164857566808821,0.75569775973971,0.7921929236585885,0.8196060525928786,0.8259523235366413,0.81668359588073,0.8116437808869444,0.8266678023788981,0.8621317200806837,0.9061144574924227,0.9386746513090936,0.9288153812174764,0.8420690541134971,0.7002303836186349,0.5908303957112215,0.5621015489122576,0.6120085868484126,0.7104650921651502,0.8039785136727605,0.855173593717775,0.8712130370127622,0.874488460945699,0.8772637849087209,0.8833082777977012,0.888667521414024,0.8823844784241833,0.8638970963325547,0.8350006432901885,0.6871766706887924,0.35717147053843357,0.11577405604969324,-0.05967507976448905,-0.29484554720165895,-0.5938271129450315,-0.719018101939979,-0.7406068662346016,-0.7586377375300718,-0.777301838019014,-0.7830416343259118,-0.7673151712625185,-0.7238220045368652,-0.6474976331221631,-0.5297762058914279,-0.378663527330593,-0.23151988912824403,-0.11893850739491071,-0.04830953695458503,-0.0019345195160037838,0.022845230784627052,0.017285585556240313,-0.014776514108793232,-0.058279096715346555,-0.10737018378577605,-0.16379163037660402,-0.22124816193910957,-0.13678514472790285,-0.03141913926648247,0.03749851009930891,0.12169581847675041,0.26334592037456944,0.4745755313728191,0.679834873932433,0.8085144924987772,0.8686670992260602,0.8920432029337211,0.8940523278369982,0.8768038523661672,0.828965145285038,0.7270679486604171,0.5561045675713511,0.3342553440206756,0.09090059109506533,-0.14306991752852669,-0.33477220066789276,-0.4748392590989608,-0.5848688513092957,-0.6811248273158863,-0.7654377492551225,-0.8319149755374595,-0.8775232370673368,-0.9046646279723553,-0.9168063482930265,-0.9158706884521177,-0.8978160890752453,-0.84357561243998,-0.7003736163057542,-0.4420130874834365,-0.22435072503684766,-0.11493503119090763,-0.05743531661449297,-0.008631060600900194,0.05667927701265043,0.13926459797304042,0.21781351429801696,0.2799625791592475,0.3407893270058148,0.411985726184565,0.4855473666868953,0.544191499229674,0.5940283796107827,0.6467207231424851,0.7000305287175235,0.7398831381996354,0.7541202354946491,0.7489160654003618,0.7449337142723084,0.7442430192947765,0.7180778281127264,0.6406767143189861,0.5237925612585085,0.388860799352171,0.2490991828477467,0.10435781140798396,-0.02736493610789097,-0.11636730566316851,-0.2006578003130609,-0.33368861327027766,-0.4855429514619779,-0.5996714719831442,-0.64042831516513,-0.6353521510452453,-0.641090151709338,-0.664684142735615,-0.6491586749929034,-0.5006920235245741,-0.2735600858635538,-0.09001858622077522,0.03559554191670843,0.11814125579720032,0.16807859992014623,0.19122975720702667,0.1974565434809157,0.13489473024859439,-0.15039830643833474,-0.5763177895536301,-0.8013315163751696,-0.8787919553299325,-0.903529893681278,-0.9057899887047376,-0.8907570086887281,-0.8493148543731797,-0.7533552097547805,-0.5610224715975427,-0.2912986761932231,-0.07296603167813985,0.031734120888758106,0.06248162624443253,0.06545829126837144,0.06727530143900701,0.0802637067886359,0.11461077158407361,0.1746379625767433,0.259247154575915,0.3579770439359891,0.45514501840726446,0.5543438396572117,0.6530876736577329,0.739434953708294,0.7960779163035966,0.8072309250066745,0.7717268452987982,0.7125979652583224,0.6597377362637219,0.6401022729115712,0.6605921416867365,0.705801523754632,0.7515422582420364,0.7812790872842894,0.7841706035344854,0.7509394551497628,0.6635229673448135,0.47690537621761747,0.1086671022300043,-0.37353828650530113,-0.6831266692151612,-0.8043415634653582,-0.8443304022478912,-0.8560134763568389,-0.8631090057220385,-0.8711122130651373,-0.8753170802704934,-0.8672962830792507,-0.8306214446219726,-0.7248447872563384,-0.46406777564699264,-0.04937481619281927,0.28305827122773286,0.4658821227168714,0.5707052441074536,0.653081157728872,0.7262624966988614,0.7800914606588983,0.8119180219355184,0.8287283689138174,0.8334379684111998,0.8237217769554828,0.7880841184010243,0.7082735296301425,0.5825501608869806,0.4380463685066541,0.32657459985098714,0.2889167753866992,0.32072495516973565,0.38706194724462134,0.4534456303965953,0.5033605150880074,0.5303187046765035,0.5395479059237901,0.5423616821807292,0.5440715883111873,0.5403145057328206,0.5334875695758804,0.5221324707095141,0.5012743669751332,0.4652920958964404,0.4166766111275182,0.36399034101013106,0.3168360222627098,0.28280248718641593,0.2588302647328029,0.23097322028632353,0.18471210080027534,0.11192831420773958,0.01497638082118192,-0.10427313942109248,-0.2267901809143746,-0.3329224190669919,-0.4145263866413591,-0.4758394241634647,-0.5217561078786637,-0.5627031757180795,-0.5866911682631507,-0.5912533203950949,-0.587477329688505,-0.5840852452549244,-0.5812447666270366,-0.5855031942359904,-0.6019814584824403,-0.6292285757985988,-0.6631140055545529,-0.7005684901493427,-0.741196712136703,-0.7816988208094511,-0.8094270750400497,-0.8155161218803093,-0.7917771988810394,-0.7160612570360966,-0.5440214344657608,-0.23928215075314613,0.10613608929576766,0.36068460510409617,0.5298864970291849,0.6505115275320448,0.7267232046990574,0.7583600930488296,0.7475003390025845,0.6793397450988459,0.5058491961144788,0.19173459136163,-0.1515400484994743,-0.3474743779865548,-0.3613846371242636,-0.19078954814936963,0.12080766937060117,0.3868966529837637,0.5270424137409017,0.5858291719051607,0.5938089917650071,0.5635891479638646,0.5074137258948661,0.439042207568751,0.37013191417538877,0.31683220192067685,0.29441308710073233,0.3061241934988474,0.3338053764975404,0.35969851575765943,0.3715808795062258,0.3521732807156789,0.27447783011453847,0.12411199532101046,-0.08190898827039331,-0.27960914618460314,-0.41196412262419774,-0.4742330242675515,-0.5001156245619592,-0.49954885886922,-0.46153254032949637,-0.4072967867295441,-0.38727800523783096,-0.48801965840499545,-0.6879910462947961,-0.5229584982938105,-0.4214050284702475,-0.46205557666562624,-0.6261258957740372,-0.14618098610259347,-0.004846326543230091,0.03891913616323709,0.057961448821383835,0.0724478235727735,0.09299280415039908,0.13473610197235364,0.21758368668187458,0.34056267443142607,0.4827596990214379,0.6180443791080514,0.7238051114009895,0.7879591769133908,0.8158050265807791,0.81692832728796,0.7949368475272968,0.7497363924246673,0.6857582190026117,0.6138842809415699,0.5445571302802608,0.47873884030924535,0.4007730213058929,0.2880105189062878,0.11378819837799323,-0.14655619995561783,-0.43406382157600637,-0.6463770236074575,-0.7679054292566004,-0.8390434344775322,-0.8844891092811329,-0.9161944730748984,-0.9399061377371936,-0.9570768750973159,-0.9659137421989173,-0.9581980893528854,-0.9129984211565731,-0.8208790886615285,-0.7417237789809906,-0.718237867693916,-0.7258529285104659,-0.7327616227710129,-0.7227819815399142,-0.6829583571245536,-0.5830596946388243,-0.35052226541153203,0.08292574747766142,0.5026846477606649,0.6981821278675993,0.7400656033376694,0.7053237349676639,0.6396750566240876,0.5767441735047303,0.5379353706529184,0.5316106355051406,0.5505621642332262,0.5764418613163637,0.5925498467029311,0.5784685256301214,0.5123308685448742,0.36352985322553477,0.07983116341403507,-0.2718279696255181,-0.4636841918053929,-0.4675569520020102,-0.3323809945808301,-0.07591329560450309,0.22658577162919416,0.4483070760150243,0.5582288904204316,0.5987261192066529,0.6032524503039284,0.5893894105167153,0.5684783306711427,0.5460973058374078,0.5223436215178346,0.49481602640992767,0.45756065803981216,0.4074675280418318,0.35285483404930135,0.3066103136369477,0.2797175425363109,0.27233652391263,0.2821600463958966,0.30420441094705486,0.31224640447850177,0.3062183756118085,0.30142172737185835,0.2932831354603618,0.25506812239036614,0.14504028806858138,-0.04851486412487095,-0.24417248807832015,-0.38140542355805857,-0.48895971811342287,-0.6000584556348052,-0.7011582202345555,-0.7734265082433687,-0.821868947536386,-0.8579916907648837,-0.8867399505443565,-0.9086446012995285,-0.9233251052743591,-0.9303917630060309,-0.9293611874045303,-0.9168681488034847,-0.884574986548869,-0.812903283298964,-0.6402633190892698,-0.28235180466675935,0.07671826481414627,0.26030416029695375,0.3479721697501788,0.40788786327959187,0.4756654548224782,0.5446463164229007,0.5876924755671622,0.6002760201886777,0.5973207550547326,0.5846310653945539,0.5714139319979278,0.591535764331176,0.6532397466890278,0.7247908646862725,0.7897281857668585,0.8366014780205214,0.8513486696386432,0.8397160649421651,0.8198583023893901,0.7967145560540969,0.7653450926151566,0.7271842033753281,0.6975292293072002,0.6927137465193284,0.7166561115881047,0.6929776548857147,0.49716917330212157,0.3188723481997705,0.24629174011560268,0.23087996849808848,0.23557729007121195,0.23117149573971985,0.18724278284673862,0.07520116430378661,-0.1366802522466661,-0.42306875986149495,-0.6551869514230207,-0.7743351538641065,-0.8225992761940003,-0.8241835638422389,-0.7632621587331854,-0.5779120924452116,-0.2650534761604555,-0.09888767498232627,-0.19452523613125886,-0.391589936128619,-0.5504243839793836,-0.6536342683913102,-0.7181644942060864,-0.7619646325567871,-0.7921985135223589,-0.7928799617045654,-0.7491925226725314,-0.6740995580909714,-0.6043823442709462,-0.5552650747835006,-0.5130048805640204,-0.4582510233131771,-0.36878605094643446,-0.21084951886943187,0.011644189449073326,0.20852062669907984,0.28617905519775816,0.20645050815016905,-0.054037925304405404,-0.41091252197069433,-0.6483081084507999,-0.7518877076814082,-0.7879735529457127,-0.7860877478556795,-0.7521780847429747,-0.6884851730556608,-0.6023402469788494,-0.5123394362345908,-0.43385411488292114,-0.37154045348860604,-0.3288853471658613,-0.3118222163080883,-0.3156857894418129,-0.3072152044609266,-0.2201940811910326,-0.02514547422523852,0.3202862607986429,0.6850066248436344,0.6744882745749943,0.5902425013399942,0.5479692028031837,0.5334348565552033,0.5121261910844856,0.4095768305045873,0.0981407846249795,-0.3599129983029466,-0.6363396120075105,-0.7448242302306392,-0.7798559858998161,-0.7708576585951128,-0.7157909061056016,-0.5855014795792728,-0.3406812216468823,-0.02501182127378232,0.2148357745621084,0.31693059407723095,0.31691407506985403,0.24140734247370005,0.1131146183902589,-0.03681685830416357,-0.19074952056526337,-0.328365713834339,-0.43403850843164216,-0.5057815093638924,-0.5716060456648074,-0.6529329386266364,-0.7249694054265668,-0.7363248717708355,-0.6524751514147197,-0.47311889813952457,-0.22643497046901054,0.03345336089973831,0.24131272847101368,0.37417296113687165,0.4541029745857184,0.5052519988254807,0.5418614084421283,0.566091394971737,0.5757733135094618,0.5759463407595603,0.5754542904686214,0.5811322990336857,0.5920678999657367,0.603572115859575,0.6158656236268774,0.6340879297329807,0.6586288676105586,0.6872611057393525,0.7141346624109817,0.7319526777110511,0.736520131361031,0.7250853096408769,0.6942614650634531,0.6379904923007612,0.5449370566855123,0.36978287732223986,0.046036471202662084,-0.22578163118115083,-0.36034550950456967,-0.46803267070839,-0.6099169783920856,-0.783345642720416,-0.8438813764878083,-0.7804439118168551,-0.7413887656131299,-0.7556480957515525,-0.8021018024772045,-0.8540228715751286,-0.8882901969557191,-0.8819040276686383,-0.8040417613820856,-0.5601618222056586,0.21669746716017732,0.8527886373914343,0.963504417504234,0.9856444623817537,0.9937586705141063,0.9973332573134819,0.9973660927835407,0.9942428528108637,0.9875831482017734,0.9753723286601588,0.951103948317555,0.9035278085220284,0.8238742102235063,0.7263858038280263,0.6573950390377098,0.6460878206624256,0.6771345507034529,0.7119193251280143,0.7111376757949937,0.6445274577550266,0.49904965850795935,0.30161136262017124,0.09027132483661647,-0.10067226246390783,-0.2840409094286246,-0.4804964486542885,-0.658685395057513,-0.7810945513835273,-0.8540092926829581,-0.897652779417649,-0.9243224255264918,-0.9377885425867081,-0.9320240039577833,-0.8800716899640343,-0.7218870853587415,-0.4420507016232749,-0.16470008395697966,0.014840667882230481,0.10721292736515735,0.15010541242358158,0.1793958744550499,0.2303760417713382,0.285360103032217,0.2705185059155622,0.15968862484007731,-0.022616860951091805,-0.2501673010847314,-0.4911104093536254,-0.6934355908026557,-0.8227512076819075,-0.891634842487424,-0.9216208603586641,-0.9305032150486762,-0.9262082271531041,-0.9117282034024217,-0.8892199137250454,-0.8636116206797698,-0.8385772455007352,-0.8149620293472969,-0.7903007249606552,-0.760273395786102,-0.7260880075227762,-0.6904968523708914,-0.6552497337596773,-0.6174541185414176,-0.5713096299201316,-0.5046878855922468,-0.39585739106125395,-0.22738674452469507,-0.006442203260278544,0.21974484336463312,0.41696119920391844,0.5790477159155065,0.7021852185845434,0.7719652441822439,0.7882583729737687,0.7430980081440653,0.5742871619055345,0.09044436516142791,-0.5248773997291681,-0.786183173735745,-0.8679382950235636,-0.8947767432152358,-0.9029847223600883,-0.899508093306082,-0.8583796242459171,-0.6951955442212805,-0.2736093249903907,0.16410747922554197,0.39916263884385705,0.543263261076136,0.6637899475849912,0.7616556213828475,0.8309220084520736,0.8679633475686208,0.874692758812844,0.8532507124426019,0.8042920978484169,0.7480770079702088,0.7220862649532768,0.7364096454486609,0.7706703358335052,0.8093805926444925,0.8446510662398382,0.8717446406249626,0.8807178652177554,0.869823517277674,0.8451424191617601,0.8154960499477967,0.7795597226766475,0.7337685792525537,0.6812689125213881,0.6393723477818766,0.625022319819239,0.6166840743389385,0.5445803409643332,0.4310114623624725,0.34510819294973677,0.289945444842736,0.2524399630189183,0.22205029531691697,0.19817905244844053,0.17836712816885994,0.14511673703797728,0.06204891999875576,-0.10920221213660615,-0.3234254920022131,-0.462139886620574,-0.5216162458715579,-0.5623865782525286,-0.6226179358656543,-0.7053198760325485,-0.7971483408958945,-0.8747236451407872,-0.9185269115724553,-0.9269398073018947,-0.9089084125624315,-0.8641693226308466,-0.7887643952239519,-0.7063166405296789,-0.6741053226299171,-0.7074384205333276,-0.763045901499115,-0.7944375929843572,-0.7846961365254398,-0.7195807867057092,-0.5849264950156196,-0.4291324221473545,-0.3591384940536374,-0.40918582389349334,-0.5252045251860962,-0.6288504693877225,-0.6719304650332234,-0.637899381804238,-0.5164062074009369,-0.266218999955499,0.1106206150824271,0.44060467836479283,0.6160651655101241,0.6808437443135688,0.6759080008110258,0.6163262708444455,0.5066551558354685,0.3972104883103231,0.35161817935476924,0.3699652162758226,0.39506376122349435,0.4027437238161364,0.4159306003242859,0.4522122276495527,0.506220585088931,0.5703351731652219,0.633973809115635,0.6806725210141176,0.7035657649687675,0.7138936561105694,0.7228894695168806,0.7219948072883804,0.699875571468372,0.6604442327413041,0.6005944377673436,0.5057397035622386,0.39164418421498837,0.32007730928934197,0.3216688828748873,0.40401506108216717,0.5501521645504361,0.6409209233856147,0.5964976698778479,0.5101855682374619,0.43150455362235063,0.35455556495747065,0.26337621945068407,0.1414691922546313,-0.030825440665342093,-0.26398507135499816,-0.5035780463706641,-0.6742635099030668,-0.7744415383911828,-0.8308967857843986,-0.8580477917233434,-0.8759479305812444,-0.9007526871229451,-0.9328318102083879,-0.9570332156932649,-0.9507885329045057,-0.8913649404480487,-0.770618988811924,-0.6171387736894169,-0.4796064249853924,-0.3761243563687973,-0.29308067646348634,-0.2126760998753815,-0.12734572723074777,-0.05208448720496911,0.015818297530471703,0.08351158519761308,0.14975396905745858,0.20495168198593794,0.24072664244188383,0.24728630326318313,0.23075296898887848,0.22327251589477698,0.23649234961606402,0.2664979687532222,0.30013680415217997,0.3317734248137863,0.3499158843097229,0.33387811167848874,0.2802910369594891,0.20490620328708561,0.1437926893112855,0.1366324463080611,0.21542730306795949,0.3525438597941867,0.42200558084383133,0.44058238797249555,0.4519531926061817,0.45786398875160017,0.4311806319272391,0.3031377789445587,0.09307963039886678,-0.07344083596045273,-0.1665822175305635,-0.22157524685546975,-0.26067556132305003,-0.2920002711515539,-0.3166508263697767,-0.33581476754007167,-0.3423390011189659,-0.3257387362112152,-0.2803182563439318,-0.20991502955202213,-0.11788648573317448,-0.0008279119782907647,0.14374202470943767,0.3132182703978354,0.48340848203219805,0.6187423467828816,0.7065243612073407,0.7634749252431821,0.8032249347070738,0.8332333787353036,0.8516474852253835,0.8593836883734745,0.8624033171926857,0.8649628864179654,0.8682866991790997,0.8676440411045966,0.8573324463597679,0.82936937199916,0.7705807766954176,0.6567638271165468,0.43766395115120427,0.06414854887814057,-0.36542937038310597,-0.6578885600170291,-0.7913790917611363,-0.8419467851347195,-0.8624488976722896,-0.8768837611112472,-0.8904618699367582,-0.8975928333685415,-0.8918339408894712,-0.8598883871337472,-0.7729018133584091,-0.5826625752364198,-0.2791394135684441,0.022462575468564495,0.2182785215224748,0.33416843433773546,0.42788239573927456,0.5343300069069705,0.6038666753965878,0.5579580118074114,0.5128450308846569,0.5604690865129479,0.5888479899604018,0.4085171986651107,0.2388076664500305,0.12124188925041735,0.024329007679107874,-0.06458100851720884,-0.14006619198802264,-0.19117491195329497,-0.2238673529623444,-0.2624814147593328,-0.32875473347403306,-0.4346784252135448,-0.5633512975338765,-0.6596248576666702,-0.6292019379737752,-0.5474994112055588,-0.5331550879015041,-0.5739336763017063,-0.6395597532884288,-0.7076234178691014,-0.7594803208890323,-0.7823630775811085,-0.7628570402036863,-0.6649211688567296,-0.39683616727322213,0.09341420250267314,0.5172182669689582,0.7316643081083293,0.8259871618865585,0.8570655150732652,0.8497310057131336,0.7808952410572594,0.4746913399358885,0.09538948103880128,-0.03705122245448442,-0.060814957317166615,-0.045327311454491565,-0.010574905261811575,0.034455415936322786,0.09501399299740751,0.17504558713890453,0.2749584448872358,0.3950463954796784,0.534193024326943,0.6751033861831958,0.7851970227749594,0.8585376006264906,0.9025496098526367,0.9253644955867435,0.9323359287565078,0.9216084039080547,0.8727038300594304,0.6901387097838543,0.10310489904502441,-0.5181259215735704,-0.7603088001623495,-0.8470304767381943,-0.8720413068163739,-0.8629463533023137,-0.8339030741810285,-0.7940453055685919,-0.7490816976320547,-0.6991675816809975,-0.637099282333346,-0.5571073150916095,-0.44761178305162486,-0.2866368883350112,-0.07027270401997128,0.14007163385319019,0.2653863418670851,0.30405362946057035,0.2956633651018437,0.27799129039349574,0.2718853850318554,0.2844354175553367,0.31232426757408677,0.35730238922552227,0.4136026449187673,0.4680313420790158,0.5048495654337416,0.5180792966641239,0.5089086604876831,0.4871951297826966,0.46082833433481335,0.4364718587655512,0.4115243226165024,0.38076365285982217,0.33667303721295727,0.2814339303867511,0.22573892817454178,0.18350836364585627,0.1499966050027095,0.1190782430176737,0.08738559327279605,0.061304770354854925,0.05457439887246091,0.0726793545302479,0.11192084706831483,0.16509018461152822,0.2313369494852327,0.3121794307517036,0.4013340274143056,0.4933415138910865,0.5717334133835439,0.6270382109240945,0.6596607097032052,0.6643199841564142,0.6473153908377904,0.6097587225218656,0.5552061817540509,0.48942486399070706,0.4238271711138568,0.38031380558289224,0.37376231853895725,0.40050964536252404,0.43921510744262765,0.4802486428795066,0.5255059789999698,0.5727518530376725,0.623002416702018,0.677619009159575,0.725208222884843,0.7441284469620199,0.7204631391704469,0.64821689237376,0.5348141038062562,0.4128257057937507,0.2989417308956296,0.17720275436045999,0.023185284657476483,-0.19125914595881383,-0.45157611493654415,-0.6713457916680289,-0.7976043820798271,-0.8561574838391124,-0.8768738965240975,-0.8765927045524221,-0.8673782117552968,-0.8550246411829401,-0.8393051108167794,-0.8135122466345531,-0.7687673087215001,-0.7005405517339554,-0.628461357999671,-0.5950514534366146,-0.5887009151406798,-0.46972934756419515,-0.30893866902690287,-0.20125287153788657,-0.1307679612909461,-0.07866296987951121,-0.04249882355714487,-0.02230555694028094,-0.02671356804865393,-0.053452372723888884,-0.12427864179374215,-0.22790532201769942,-0.2873977880947951,-0.2805404315953579,-0.23710112948898343,-0.16131594462686152,-0.06427695998465328,0.03433517913454887,0.12120786197036286,0.18565232097041096,0.21572476696293125,0.2165209656829118,0.19537250693620178,0.15936652917211006,0.0944887606379986,-0.008369617507297969,-0.13172603276302305,-0.220800563978941,-0.2303217439030835,-0.1680685155540243,-0.059686181021524995,0.06836719905328466,0.2036022028421053,0.3109677509039714,0.3614717169655384,0.34895354029666514,0.2799875837547985,0.19539797386421823,0.14503408690633618,0.2195118012459282,0.45285839632342006,0.7066085721268058,0.8264764220630851,0.8390014089027266,0.7842321873920839,0.6643786948892696,0.49458748692445303,0.3418793522979277,0.2803778919832002,0.3429928759359892,0.5242423487066822,0.7218219129229725,0.8364397670954317,0.8769417321716565,0.8822851128167126,0.8675778008266085,0.8267793666016623,0.7353420340568021,0.5508406033081577,0.2607500423756527,-0.05945221740447741,-0.3513437016392847,-0.594173544150818,-0.7582981193521326,-0.8418122924827669,-0.8730367172031769,-0.872229476200274,-0.8450942728555373,-0.7860523186443084,-0.6805334942219319,-0.5146265474416587,-0.3103696669241875,-0.11690398603246734,0.020715490753384358,0.08029005368173892,0.08167535545386517,0.0573280603151027,0.031192850182455434,0.023650189866203267,0.043225730587634924,0.07037253757330068,0.09548562358767303,0.12394704137913183,0.15542614469673277,0.18523953237194535,0.2077884120950347,0.21942389059702622,0.221689371561612,0.21963961317219324,0.21922841143133473,0.22030941090312683,0.22120490570632484,0.22370394550299968,0.23002414749348182,0.23795485641420017,0.252125578807868,0.28144129110976296,0.32725976336271284,0.38628864276078534,0.4494338512866892,0.5015410683613966,0.5307630455780028,0.5355143412675578,0.5215249832906909,0.5059008813830725,0.49366729617683053,0.47146897150634937,0.4172024322647278,0.2910035183652659,0.05601124623590472,-0.26862195672142514,-0.5391155710111034,-0.6872605699860009,-0.7517461566607548,-0.7692434585979402,-0.7608047525474368,-0.7351975460802437,-0.699296677053947,-0.6572975057427413,-0.6192285013172889,-0.599489288578062,-0.6052406279963878,-0.6279974689719076,-0.6399964337644962,-0.6060529378500136,-0.5098751315846608,-0.3549841894032897,-0.17998880873504847,-0.04275018828556559,0.023620896231228348,0.024943789763687045,-0.015973589967534823,-0.062553462336697,-0.10402820059014048,-0.14682963048825756,-0.1964068457301744,-0.22701157737859753,-0.2021267171572782,-0.10500034593487394,0.04403086681943154,0.2053963846524964,0.3372729961204224,0.4231167320163338,0.47164460821558385,0.4888924349207007,0.4847991390315146,0.46591637019976884,0.44626316766633095,0.4368483409270746,0.4418901560177588,0.46780644423245604,0.5068440973741329,0.5362787434952888,0.5405898506686555,0.5380487849215648,0.5491884526176114,0.4806881994187916,0.25180916175645296,0.0870565797718175,-0.0127554490980088,-0.09242118710311224,-0.11626853799091812,-0.07567324447611347,-0.010928402356176117,0.07472671359054403,0.16506346900388844,0.2336512882392189,0.27642786538414466,0.3040431731550576,0.3167276994410406,0.31049308207970094,0.29094034937758684,0.2655536767903518,0.22078677728445756,0.10572041920832437,-0.12779788536081405,-0.3391369692397295,-0.43430925348272503,-0.45689589277423887,-0.4237198336889364,-0.33254969061482653,-0.1897062176185155,-0.01947532810922235,0.11426002720442721,0.1604268084267226,0.12913598463270778,0.06661190099442128,0.008854347595157408,-0.04424591163169446,-0.10751156536113371,-0.1964226849239444,-0.3175130165672097,-0.4609973244965714,-0.5912216397633216,-0.6691461573414489,-0.6789522549389099,-0.6386699786634005,-0.5728576725103763,-0.5003662380641721,-0.42347626730435084,-0.31083472809704793,-0.1015725481063704,0.22812164912868724,0.5411672188452396,0.7205482804414897,0.796340978398209,0.816187456598374,0.8044085672592703,0.7708419547896616,0.7209288829678522,0.6579595686455558,0.5780590396175805,0.4692308493224602,0.3294198089328389,0.17422881548820268,0.016338395336019485,-0.11849469536770191,-0.2180270504311928,-0.29455234914439893,-0.3663927525396906,-0.44026538694057227,-0.4844949848949775,-0.4222742794296786,-0.2896165091079407,-0.16822939101758574,-0.07917547520428814,-0.023624559111480523,-0.0026175378645452987,-0.0022771673859422344,0.007807320609483277,0.04142120255850497,0.1056957982076297,0.17213446493251935,0.21454370303774195,0.2300703615940375,0.2358364977975027,0.24295605140833734,0.24067346138517492,0.21558608706877933,0.16212425981042866,0.09179746384563539,0.026250885270080883,-0.015681448479325684,-0.025304787657117533,-0.010069855422109492,0.005186147315722004,-0.0037138818270105256,-0.0521299911825021,-0.1353692922955466,-0.23583672307729053,-0.33930771130485926,-0.4289157808744975,-0.48367173147485837,-0.49642412515604895,-0.4817331554184254,-0.44135364361628293,-0.3845013741110487,-0.31626050297424746,-0.23639521193378776,-0.1584816429486321,-0.10844302615299511,-0.09612173742852861,-0.12014445809101974,-0.1641943478307922,-0.216147829403234,-0.26383628060828107,-0.2898773146631206,-0.2898962450209657,-0.2630132358241193,-0.21028598320191502,-0.13726245275086132,-0.060705992112713596,-0.004315474983795119,0.018887332992609515,0.007118657234115969,-0.02889985912523966,-0.05514860235087253,-0.05130614021200414,-0.01503400075263286,0.07668456802212867,0.26143448946295744,0.5498821022278148,0.7974862615174245,0.8903036857183161,0.8901164717890766,0.786006574285418,-0.1275680100840626,-0.8626685613729654,-0.9262532359076857,-0.9260351015282148,-0.8848646429678921,-0.7082160065200289,-0.1054522229433069,0.45010036242410845,0.6342572671047874,0.7043180895967109,0.7586445296592634,0.8134545815148425,0.8629153576515307,0.8996077120064906,0.9235549481792036,0.9379750811509481,0.9448367430507408,0.9449025498357185,0.9373389607882647,0.9175974814623346,0.8666925776191591,0.7023839198199557,0.08219623584998079,-0.6727074771262637,-0.8833442169749242,-0.9402974504717604,-0.9631779285849079,-0.9756109994026597,-0.9831990540745286,-0.9876886467447884,-0.9903486762270138,-0.9917808986815668,-0.9921756405393573,-0.9914733715350994,-0.9887005555182408,-0.978966051709142,-0.9263484117958308,-0.30801103480912856,0.7280125026749272,0.8518975005144895,0.8585610731633186,0.8353824624211575,0.801703365605154,0.7774938682637738,0.7869440521005567,0.8349633667079943,0.8916831238902606,0.9369522254040222,0.9647625334357435,0.9740643865731045,0.9666355175399657,0.9444595499733434,0.9031324477023814,0.824313542433909,0.6799796624886587,0.46767195279820756,0.25139781657804583,0.12005285216718564,0.09492650923565364,0.1173269513981236,0.08898933679670891,-0.06376626264241662,-0.28652619749254726,-0.4437373975404311,-0.48869789901467897,-0.43670111181097765,-0.3179300026711639,-0.17665136345345248,-0.0701492380476447,-0.03595041463045177,-0.07810096548881396,-0.17987714946023564,-0.322487214994016,-0.4900748704479545,-0.6383262714487358,-0.7393895812996218,-0.8044916847123685,-0.8445832868923503,-0.8623010899784195,-0.8557759281622092,-0.8142453834756858,-0.7070279810557648,-0.4180859701039285,0.21241329240091986,0.6565141960362401,0.7760630597501262,0.7864926530963503,0.7651834848790372,0.7585552603115371,0.7896218524659,0.8391130185432589,0.8758626439654921,0.890769789990348,0.8893361650679003,0.8783507240132644,0.8635932112107503,0.8487674320495054,0.8334982474034135,0.8057867955348668,0.7359431714550917,0.5965006185055788,0.4156012418715975,0.26394306921653515,0.17115091587378095,0.132745739491299,0.12664683489090753,0.12884640997682723,0.12571648961980697,0.10549417639595082,0.0597162532926549,-0.0022334135223893744,-0.051933899105682045,-0.07497397143151559,-0.09020046431333217,-0.12933039901459994,-0.19621244614771796,-0.2650356549769752,-0.32558080027725084,-0.3811236354067987,-0.4548047834365569,-0.5517428318816169,-0.6461533747152739,-0.7192991037603728,-0.7616291656022014,-0.7634093384123363,-0.7250834646186373,-0.6717347758460069,-0.6412445404519982,-0.6424330359399907,-0.6454647300669711,-0.6116643847050868,-0.5534731830616725,-0.49980211961178383,-0.4592860558706744,-0.44633213971718516,-0.4743158928405422,-0.5308421905289973,-0.5884907507350586,-0.6336576363802222,-0.6009018764022753,-0.43742516020205796,-0.24190546938864238,-0.0717523277543838,0.09303120724184481,0.277392961607016,0.4774779243321459,0.6492951535554703,0.752514177040088,0.786948496522106,0.7588309227247697,0.6434497200854282,0.39923897017086024,0.09116926987681913,-0.12886333325291738,-0.23815274944982712,-0.2764003750123254,-0.28041884318612487,-0.2713106194753026,-0.2622696142575408,-0.2568305618056382,-0.25280965950591394,-0.25129458446107233,-0.2502923359409222,-0.2468414076089711,-0.23908502302009077,-0.22905493353912698,-0.2329210805374504,-0.2675265067918843,-0.3336788825920837,-0.40686485772013203,-0.4517658634556702,-0.4543410088182201,-0.4230603190310191,-0.37583081372856214,-0.32545004998628396,-0.283194819160949,-0.2316562625540205,-0.15194717847520237,-0.028784970701548847,0.14764610041099524,0.3270303585815378,0.437058849810863,0.46735255133050285,0.44426100167896,0.3947224903230946,0.3372833914541455,0.2810670055841441,0.21244837188977814,0.08760337203954562,-0.14477027192700176,-0.43893858815122694,-0.654282131365789,-0.7833630217287794,-0.85623136608559,-0.860427749740674,-0.787847458635118,-0.66820156425687,-0.5458080718859394,-0.4419595766872482,-0.3616918482502985,-0.3177057834657596,-0.35739757244496295,-0.5650670556868426,-0.5312801114016872,-0.40093445046002607,-0.3602887712259693,-0.38280887631186045,-0.5097237401739882,-0.6277594946557817,-0.23018908924336962,-0.08381493986823148,-0.023039702444942394,0.005629927798608137,0.018583729767842033,0.019569295212539087,0.013329236244070628,0.0042835905863645544,-0.004843577744986427,-0.01515899434468782,-0.027747310277144343,-0.040586796657490036,-0.05452401630139626,-0.07354521306454068,-0.08293449182146326,-0.035265592113359834,0.11589645503454357,0.36326965071387707,0.6094082341242997,0.782077415435191,0.8811015953110088,0.9335023453611269,0.9603157469277596,0.9743143628928987,0.9813024595807938,0.9845649482401223,0.9854109462652197,0.9836814995033896,0.9761212728998945,0.9521581947592953,0.8940403867056992,0.7666345422959547,0.4915882895811305,0.2160619152149458,0.04105545305650387,-0.0678177286272044,-0.13198786548534552,-0.1549507724272893,-0.13514744786403735,-0.07893687488711877,0.001191568825910511,0.07201596635278579,0.10992679980927686,0.10402325291536331,0.05519290561686871,-0.038980886901473506,-0.19232497346043284,-0.4064146330112522,-0.6272067075668679,-0.7822987008561071,-0.8651126152406151,-0.9044086934939867,-0.918907739500045,-0.9150006838142604,-0.8912441180674003,-0.8327096990556895,-0.7007944303161922,-0.45345243158836623,-0.17613151107407524,0.0013916134222740017,0.07077688116034066,0.08355989075927905,0.09059498872870986,0.10661331321749334,0.13006814805126382,0.15003176885866393,0.16475246266658478,0.17680896845162866,0.1810019739900599,0.17296858698091366,0.15510727536415264,0.13458385445259255,0.11133687609862825,0.08910216137941712,0.06135635806775843,0.0258950622402053,-0.008175614810585666,-0.029558095153306145,-0.03463386054174781,-0.017510773233548833,0.0010933568606444212,-0.018438938282950873,-0.09782135202463206,-0.21312385346636395,-0.30294662350974294,-0.3368808869122232,-0.2886702627915523,-0.15728618741577333,0.016059477086904212,0.16775692863421673,0.2580448522077381,0.28546923891184617,0.24828474341641008,0.164315681239059,0.06747263887315191,-0.011166987228379577,-0.04932945607313491,-0.02687854365171688,0.05565621863053297,0.20908688768568887,0.46351760650311596,0.597457094662245,0.4811347415427088,0.37572204796881487,0.3035981867916232,0.24245239269337676,0.17567326014266035,0.07884292338906221,-0.08985684839655692,-0.326484305557928,-0.4603867029314179,-0.47034147439073337,-0.45001785109171233,-0.43618280928286157,-0.44199777994546147,-0.46506227791995175,-0.4967328866279581,-0.5176279297305496,-0.508018288648434,-0.44051217881930377,-0.3158992498216014,-0.1774801850441995,-0.05284534598301464,0.07232314647095009,0.21426408106526806,0.3627170326713423,0.5065083584381779,0.6405278731419228,0.7358632618044009,0.7508294179208812,0.7170724202414258,0.6916911262778905,0.6895789416426005,0.7038451687270332,0.7206631080082256,0.7265004908482157,0.6956825075154404,0.583728069340978,0.3563985275119222,0.01928351208286897,-0.4223248149145561,-0.7961762998070813,-0.818460207948634,-0.6961601477868754,-0.5902191727789543,-0.5370968707772062,-0.5555682969352932,-0.666024121935072,-0.8373955950771432,-0.9508409599056542,-0.9531302559149797,-0.8199939928615834,-0.5969818482285999,-0.4412622890430495,-0.4107731503813933,-0.4716362221530518,-0.5629166528948241,-0.6445987744537357,-0.7112643067354896,-0.7731898277789708,-0.8302120954415785,-0.8741020522751983,-0.90060533023582,-0.9130117025850756,-0.9164181990332422,-0.9157239251019264,-0.9155037742873323,-0.9135645202629454,-0.9028296741866957,-0.8776928416353871,-0.8314468852254076,-0.7577152321941326,-0.6441355390171064,-0.4494829887875776,-0.11192207757716101,0.3031081004389438,0.5867690876235877,0.7243683156510508,0.777653690815088,0.7831897363699848,0.756488230462305,0.7122791981037696,0.675314827173357,0.6654827609159846,0.6806047653435465,0.7026174255843106,0.7412683553954544,0.7940735711037762,0.8413595701467435,0.8749828214798511,0.8980466589098371,0.9129471133267159,0.920834020763327,0.9230673237656094,0.9223064427376981,0.9206513809606615,0.9190744917696353,0.9172901557360977,0.9139459051341221,0.9068700659424648,0.8942604658676285,0.8709669301722389,0.8369340540757784,0.7934435835841783,0.7406348629403361,0.6781359291501374,0.6075787055442393,0.5363709289301715,0.46760458811556005,0.4102998243384251,0.3686480164608073,0.34357304991847964,0.3279544998727963,0.3269768621575665,0.34313401133537497,0.3569500700131974,0.33921647178293446,0.2701454471519537,0.14661282626051458,-0.019772643218442746,-0.20218226413141738,-0.3811002086358207,-0.549517238851906,-0.691961717920055,-0.7778309492879794,-0.8085231241035128,-0.811933651466235,-0.8153648171858678,-0.8404451022787985,-0.8806030143953945,-0.9188542164916996,-0.9418461890783955,-0.9510575368955827,-0.9468654833027719,-0.8979132399077824,-0.4582598835517487,0.7070437007365807,0.9064074350255164,0.9413622742783334,0.9444514511113011,0.9233069957540313,0.8354974966280739,0.5479220943035613,0.06142548773611091,-0.33289491030248053,-0.5956700705970115,-0.7529377238967255,-0.8194011005743709,-0.7960226818416458,-0.6603878556655342,-0.52410199815391,-0.48206712017208486,-0.5752473634343264,-0.8314105952469633,-0.5716933179619053,-0.3567390006306934,-0.2923109122124043,-0.286406352552972,-0.3130855613342587,-0.3676864209081929,-0.4505072735600523,-0.5591957775475795,-0.6915418109154381,-0.8223084164639897,-0.8548829780454029,-0.758108664792424,-0.6446557794942769,-0.5720202211169985,-0.53467730210508,-0.5126923149679816,-0.47760187465979237,-0.38918360083847237,-0.21506333823225832,0.025167041193315275,0.24284092579297425,0.3694295113062667,0.40202361901465367,0.36760280425194425,0.29784252377855264,0.22073347049516848,0.15389153516729784,0.09874395709131474,0.06438969657846662,0.06380299554332342,0.10657365543544092,0.1772428407354225,0.24917500466544104,0.29704618599035887,0.3148903368919405,0.31669540384058764,0.32593768262512224,0.36241344571649253,0.4254722344567165,0.5074218516480641,0.5908583883385816,0.6538521385325993,0.6930272487321044,0.7148389897124423,0.7195277357210279,0.6983768972867667,0.6416929980953264,0.5686336031600917,0.5101887795717518,0.46087211888173046,0.39613017915901555,0.2763102345104258,0.03647660911888258,-0.3940310954440967,-0.8063415732353812,-0.9531211115443429,-0.9802118324296414,-0.9772055417099074,-0.9309249988897054,-0.7881969475177403,-0.5684615317318293,-0.39973419852626474,-0.3526252123700133,-0.46461770946352815,-0.713280175996845,-0.8722096353965173,-0.8593280896780885,-0.7930688260212723,-0.7188026453241938,-0.6380608593551488,-0.5447258741527286,-0.4290912116839089,-0.2857209530927509,-0.12576660615298502,0.03881543009601673,0.2141853358807422,0.3962838912514929,0.5483601264649227,0.6552742908307106,0.7262500709990667,0.778592472865094,0.8183631578005499,0.8464091644320592,0.8617604841376506,0.8652366658940827,0.8638853786197915,0.8643850360241597,0.8695237640991439,0.8778613473199683,0.8876966218343577,0.8982517665525551,0.90835904711119,0.9167190626273365,0.9215580543847323,0.9246173181907278,0.9269945775591999,0.9202943829258886,0.893564715983526,0.8362469809797017,0.7543585857811436,0.6675286966937678,0.5724535165884398,0.44647347915617813,0.2838449309894209,0.14112450309334762,0.07395806732945452,0.09520381588620312,0.18655437678179698,0.3182612852128917,0.4334758437580721,0.50667068664361,0.5422555818455762,0.5511929333144711,0.5435959095123956,0.5224749625475487,0.4893483943189499,0.45717439894297346,0.43310419723471977,0.42503645468025786,0.43525313301900476,0.4547087307007681,0.4672019135320504,0.45950867334076456,0.43450665158473195,0.4033970888704905,0.37528709984167796,0.35328981752925265,0.3405843540454229,0.3256163740868842,0.29979213172739305,0.26236040883616174,0.21742515045028132,0.14580093802269722,0.030302708461205217,-0.11347665929362039,-0.24206518923601816,-0.33646469009425245,-0.41142437727149495,-0.46804166152998244,-0.5031880278656337,-0.5161988632124154,-0.508304278064248,-0.48759461087241496,-0.4660828656068055,-0.4553104805199528,-0.46129070240810216,-0.4756302906379654,-0.4861136900324061,-0.49159783166293664,-0.49138311299879195,-0.5014897979786719,-0.5198170225751617,-0.535670966368405,-0.5323224091635629,-0.5022897468742791,-0.4606573868863158,-0.4327896903187298,-0.4361706758126056,-0.46785186882122964,-0.5129732852530386,-0.5449713417900762,-0.5419154421267759,-0.4948067949211606,-0.41158474246008175,-0.31990141605839373,-0.2520702823094594,-0.22942736758973453,-0.24390960932312444,-0.2662714401347603,-0.2814796836561184,-0.28957788215909525,-0.29429417096456795,-0.23407993219995657,-0.05040128414807014,0.0684520745933636,0.11572239110016687,0.12715035179734943,0.1092430110022595,0.04562625027789835,-0.1058322441141849,-0.3810926206142451,-0.660412347538504,-0.8078148656420211,-0.8619529099045095,-0.874582864498699,-0.8659125128527511,-0.8400372346130753,-0.7946382157778402,-0.7205028183991424,-0.5997379410101349,-0.3769821513435963,0.06759491059239399,0.5798698279352518,0.8244109668555991,0.9046289605404495,0.9282659407229369,0.928271084836382,0.9100898276283451,0.8649273337684092,0.7620551287059567,0.5347609822500998,0.13660385846513942,-0.27858880520791707,-0.5447586017698892,-0.6769518354628494,-0.6954398335273969,-0.5480409514529238,-0.1276791450386221,0.44144824913622893,0.7663221527754316,0.8872604726504432,0.9293699563668013,0.9401561274460887,0.928703232839901,0.8849243521653016,0.8006599092795045,0.6920649198560019,0.5853504020542781,0.4661973285123531,0.1931629149178541,-0.4613712675511609,-0.8562544919407329,-0.940277650217868,-0.9561214774882177,-0.9347607031054211,-0.8588732588037163,-0.7172522516830826,-0.529510216505026,-0.3320973216999644,-0.15752149419600506,-0.015474488609858401,0.09792373871799123,0.18773800515657568,0.25268111016279676,0.2975545640273321,0.3292379045483394,0.3659711666574809,0.4354973383825878,0.5356221572174893,0.6429684964487348,0.7276372537400889,0.7743120143079757,0.7715774235300835,0.6980563880567895,0.5137661839804697,0.16541145923522235,-0.2668184040489827,-0.5736083800437852,-0.7405195697801853,-0.8269367332007141,-0.8692175207661985,-0.8858543043857794,-0.8849348245365977,-0.8751504656420572,-0.8656372626181708,-0.8606837932040494,-0.8579956270413547,-0.8529096285958153,-0.8398701720883262,-0.8083091576107905,-0.7442583211362824,-0.6268326060781116,-0.4376937536995394,-0.1925098743510014,0.05369271982707808,0.27366847241840503,0.4744554550227163,0.6453896834941022,0.7636126346594662,0.8354599322406308,0.8754129319347818,0.8926393145351994,0.8933512187774302,0.8794864952374722,0.8513406680610371,0.8089297205391152,0.7561231235435675,0.705743542068419,0.6706641895158715,0.658923177726458,0.6707972614425293,0.7075430165534964,0.7533037670259657,0.7869105370258119,0.7981816093848904,0.7915433243209044,0.7748609711385295,0.7511933579676795,0.7237260442257633,0.6870132359116401,0.6355169039629305,0.5724302428878181,0.5041261406647524,0.4349753998126247,0.3663476865679826,0.3017246121205605,0.2328155382721141,0.1572881462715128,0.0716073155240009,-0.03090794523102502,-0.1489698343045649,-0.2590076695334577,-0.3278160738360712,-0.3426967180464558,-0.3066655499886545,-0.23366717051925698,-0.15264958930638822,-0.09224387294488076,-0.06434657856748922,-0.06857059358148633,-0.10278174110325113,-0.17640792621357645,-0.3118897944179994,-0.4736355532217048,-0.5706996458138298,-0.5996279489646703,-0.5778837239096614,-0.5193747299941559,-0.4538213159532816,-0.40122590273847125,-0.3617757552054941,-0.27557696154633565,0.035526490045704136,0.19468216270177607,0.2502372523658426,0.2855334601227512,0.3202524155208937,0.3668382252410251,0.43091970959583326,0.5006987038813893,0.5337359808558653,0.4117934572097925,0.06651756203244374,-0.21627988535979267,-0.347984276460436,-0.41207139227161416,-0.45668872773134445,-0.5029738592949591,-0.5481986733838711,-0.5833358653052496,-0.6024582785575419,-0.6011493807558147,-0.5716797533584626,-0.514105951632186,-0.44725180679742665,-0.38782042686655105,-0.3412673499537467,-0.3094082559697388,-0.28079698085101834,-0.22661052703043386,-0.13908479260837464,-0.020109312919469623,0.16217220417110303,0.3842070680830242,0.4990527274587113,0.5275195450483636,0.5227909263576972,0.49550447059201547,0.44465402403588805,0.367100316308917,0.2694868208325652,0.17730581499960074,0.10167019698886282,0.0365864753022459,-0.021870708845430586,-0.04920450398335005,-0.029871292948255954,0.004903862151384264,0.04111840198298975,0.0723256153898223,0.0948813977143393,0.10095310677701297,0.08014431127595392,0.01765865167699021,-0.12600753122439357,-0.39744137947732944,-0.6683493865710202,-0.7848623855318437,-0.833428800834875,-0.8637980760636317,-0.8742564733083463,-0.8487287721924919,-0.7603872747223888,-0.5757792394332454,-0.28474608758381503,0.09901379107848343,0.4826677634047444,0.7140174759231586,0.8090805815744525,0.8409970079627831,0.8388622538492249,0.8049288192769745,0.7273153715211645,0.5856333592637262,0.36889536220562635,0.12917210374535032,-0.04372895480837831,-0.12800355791222945,-0.15577482451207944,-0.1686639028534797,-0.1794344178253099,-0.20205584068733953,-0.2320893390383033,-0.258004735704022,-0.27431725264007084,-0.2710882570672632,-0.2446752134733219,-0.194493828825834,-0.1422207866538928,-0.1330205350893176,-0.19560912909562844,-0.3076779949784695,-0.42637522913283393,-0.5120750047122441,-0.5476490242344463,-0.5202119623303149,-0.4443749916257958,-0.3716221236248129,-0.3346662431632125,-0.32601302309870644,-0.32693026922338214,-0.3164587641554623,-0.29183441395189597,-0.25810250731675116,-0.21969639131009377,-0.18039788550956706,-0.12936563344734567,-0.06521038815397212,-0.004546243758902141,0.04205617923418259,0.07601797928702077,0.10268111427491465,0.13354108498208173,0.18583929871075427,0.2638473946173059,0.3594387072403676,0.473779560508142,0.5971735307841357,0.7059892696555317,0.7847252895381297,0.835462290220858,0.8664006363222302,0.885081448107903,0.8964370980679046,0.9018766656785333,0.8996680452993886,0.8841499767169584,0.8448814057398955,0.767240700638504,0.6395339255040448,0.48242889013739887,0.3592704369494063,0.29752033526541355,0.24195349695322932,0.13123926122068189,-0.05849195077035578,-0.31199571954903416,-0.5513755494296662,-0.7162084530057548,-0.8160008656506028,-0.8736644740579035,-0.9023207063750802,-0.9109003046528885,-0.901234679949559,-0.8732523649548964,-0.8231571526123564,-0.7453749357986054,-0.6359534337763739,-0.5005399240437924,-0.3864300971169074,-0.33974658466847385,-0.3738839950460612,-0.47247432933410144,-0.6041818596698513,-0.7366530750546225,-0.8371865330392261,-0.8928923972889116,-0.9183779389957145,-0.9270679979094173,-0.9259697103079867,-0.9160074545863962,-0.8963900886448689,-0.8674376410782924,-0.8331056860924367,-0.7937979448340237,-0.7385017560864763,-0.6476737736286882,-0.48356109928793733,-0.18989128649958803,0.23917842770603195,0.6080488994443057,0.782970512443964,0.8429353608961305,0.860434875786476,0.8561451776519342,0.833969692446935,0.7984198969503631,0.7669432024948911,0.7631085006250468,0.8032625398243833,0.8723403645285487,0.9090924527962768,0.8688130866429727,0.7867289371413265,0.709714801250604,0.6556471695170016,0.6264211874927036,0.607223037545834,0.5470636748592462,0.32891084568468953,-0.19174322168411578,-0.6477675789611411,-0.8124469938987808,-0.8605603707123838,-0.8655124690827917,-0.8367250317186895,-0.7336793179989786,-0.4275534675100238,0.07725555660649958,0.4142827201993888,0.5582590531200197,0.6172806125807647,0.6455211509255421,0.6638505578139218,0.6772092168855038,0.6853135518509292,0.6795080668158945,0.6507358386682633,0.6155104125322233,0.5983487955658514,0.5875319046138483,0.5456619261964682,0.47417068712983435,0.38818549376735606,0.26071451494656583,0.03911193485127258,-0.30294699974002126,-0.6079879619011717,-0.7657956108206562,-0.8232731293719753,-0.8284966223897838,-0.7975296642588413,-0.7309762812021667,-0.6354189895999475,-0.5292144114025159,-0.4266244350924551,-0.33591458292993537,-0.25993197139240937,-0.19789676771406764,-0.14197836026246832,-0.08771334632058675,-0.04058340626435322,-0.01565764965705428,-0.03224271112363175,-0.0797023660607799,-0.12896277802476136,-0.17247796400278126,-0.19853231218257028,-0.1854380480660854,-0.12555359520266007,-0.029718839171715264,0.06526403838396012,0.12688424223185682,0.1371075888192906,0.10749783758866843,0.07433579678695021,0.08235803422755754,0.17910196751768348,0.39320008117541244,0.650366286880003,0.8174883272554249,0.8953674768244436,0.9296489546888129,0.9441133627133139,0.9461636185895653,0.9355770730298515,0.9053146467382147,0.838864425602998,0.7342855631052223,0.631694038579034,0.5507583090712731,0.48230813149548396,0.4271787371516797,0.3909704585911567,0.3802643225807817,0.41060335939364034,0.49032014157855297,0.5916267367856588,0.671734186399185,0.7206155657009264,0.7458028165196391,0.750926205185734,0.7340050024112945,0.687744543063932,0.5991899528016298,0.44976141351416515,0.23161242671645688,-0.048029448745571045,-0.34556510559122,-0.5956431425804877,-0.7697440377789876,-0.8602931826951016,-0.8670663342344003,-0.8183315525526909,-0.7592627236583829,-0.7182095695000076,-0.7046043339511754,-0.7200236005665709,-0.7590303892024258,-0.8034856553027829,-0.8264833159339763,-0.8044032577806827,-0.7019544787330309,-0.4251083969908069,0.12652688714004862,0.6096806388171702,0.7684267047951028,0.7570592367492704,0.6239343480802518,0.34800444724872054,-0.05123383032347179,-0.4248311981715307,-0.6515118740251397,-0.7612354847705788,-0.8164385983722771,-0.8498633252898623,-0.871493112963191,-0.8843568867911935,-0.8876578183261132,-0.8812819829925025,-0.869391098355589,-0.8566838619102396,-0.8501367356895524,-0.8582818070144758,-0.8565096843706713,-0.7345131616131971,-0.5354245733372143,-0.3765391460632976,-0.23531667577269627,-0.012619013347924812,0.35971342093996955,0.5354861412271252,0.567698120410487,0.6022065838695763,0.6649256975633533,0.6912299256099996,0.608249390926689,0.5265596437342781,0.5039607546589567,0.5302584853682771,0.5834838926180557,0.6415642542355742,0.6896359630548059,0.7189707284947162,0.7246353277851957,0.7178837017248972,0.7151679558656363,0.7434037044589777,0.7974252096152412,0.8443813046356711,0.8680017041225551,0.8740316087306134,0.8729651560907375,0.8742979392946377,0.8814955404899907,0.8899539001038137,0.8861088837900766,0.8573130345113956,0.7874385838272613,0.6590107719105154,0.47772674818486227,0.29294086854361356,0.16408252041426055,0.1101238886435924,0.10811174834091516,0.12350809541557181,0.13050927129469206,0.11247227185288891,0.05852786249462622,-0.018465853425549357,-0.09318055927096688,-0.1438337944823733,-0.15385941900935113,-0.12262665928786375,-0.04561177606916059,0.07414779289786885,0.21811715924217076,0.36496571705646114,0.4844968794924452,0.5592660189008588,0.595510879259343,0.6035837901138792,0.585015486231754,0.5331619352490031,0.43430507245891414,0.24306792683427367,-0.13751579635096284,-0.5773351810271279,-0.6476792848130787,-0.5990302660416255,-0.5674066478571305,-0.5613140051439212,-0.5800535171980036,-0.6519705597949513,-0.7960639971719493,-0.8254286054164492,-0.6187812575101392,-0.4581412341646867,-0.3758998706690049,-0.34318353913860283,-0.3491096077189569,-0.39348961124971343,-0.4717360812107807,-0.5635528580810161,-0.6325438392208191,-0.6608034406688208,-0.6596339039216391,-0.6411128825906972,-0.6152794945237107,-0.5797255730593163,-0.5274948802523336,-0.46597580413968154,-0.4039594619483255,-0.33197633966849405,-0.24095367364468112,-0.14442985010247414,-0.07084125778124584,-0.047914077610441176,-0.06674178961011071,-0.09128956362369532,-0.09217164731278404,-0.05104156030644535,0.04897448562314635,0.18666947435122155,0.35772511340173285,0.6283351619702003,0.303165198624802,0.10175252371082427,-0.023142028709704433,-0.17809114560666586,-0.37927135814055457,-0.5808421518655064,-0.7193504830074583,-0.7794720846929325,-0.7726769130169584,-0.6865582585481285,-0.4776753412707877,-0.15361591317792533,0.14930187837735484,0.34248944417773414,0.45474601286146715,0.5209680260242383,0.5586880348965791,0.5817563763565352,0.6013234752051436,0.626016707219299,0.6509274360918573,0.6686806371913847,0.6779086620683638,0.6804036875678237,0.6824072546014059,0.6837296853667736,0.680752919013427,0.6695488805848812,0.6491439660398988,0.6231459699754369,0.5940140605621514,0.5618531241684332,0.5332175981776189,0.5169385517827675,0.5147561920624346,0.5311664381889654,0.56220637436652,0.6075113060248536,0.6716045998767142,0.755844443578361,0.8455092797328158,0.8865814420652111,0.8208338238779056,0.6334744305791075,0.4274360622547592,0.28868053175909564,0.2044842894620145,0.14935775778798405,0.08058576733895013,-0.0584684715070939,-0.2953524445327205,-0.5342250184952126,-0.6619720591741491,-0.69913066597556,-0.6859012945419747,-0.6465834283586972,-0.5968582492083537,-0.5346201174804387,-0.44646680194889565,-0.3330969694509229,-0.2080127336240526,-0.09403252061236907,-0.0017437269035637554,0.05597222382680168,0.0594574417015642,-0.009656897554672987,-0.14281978632997783,-0.2766043980165144,-0.36544328017390465,-0.40339759424225924,-0.39600722856799114,-0.3420922865751273,-0.23327068657419622,-0.06405365368462175,0.16804891176458375,0.4032623515008455,0.5709510747828929,0.6608349239141773,0.7080467134873767,0.7488808241178689,0.8072160634292467,0.8563382903825912,0.8783983047083348,0.8734482241336927,0.8411854021173667,0.7695859743187083,0.6533338076611465,0.5270184984259492,0.4373711750950629,0.41010690548796697,0.4087729055774752,0.37120484113885394,0.2785598415993813,0.13528033191858985,-0.0455838001358993,-0.23346808086427134,-0.3925974759793585,-0.5141066977560703,-0.6159062098611711,-0.7088951166312631,-0.7799374175962757,-0.7506673119321591,-0.5576443586030385,-0.3351832248879394,-0.17200376323926986,-0.04511242651688254,0.07557485185528619,0.1962200803702985,0.31229358320402195,0.4273171376715335,0.5406524725256074,0.6486660356705549,0.7620710555030058,0.8564199989616192,0.9107878288521649,0.9340091014291227,0.9417581402000711,0.940696122850524,0.9279296834047616,0.8871802393355859,0.7482445007600006,0.36586695644230627,-0.08047125565616535,-0.3140247853419376,-0.4160056704303991,-0.4638423876468555,-0.48923807019800375,-0.5029107344455681,-0.5084357407281291,-0.5099882680547492,-0.5112378924566613,-0.5111667970681631,-0.4997265302870289,-0.4683412144469321,-0.41753764653700043,-0.35923217477319014,-0.3113521249593113,-0.29334821376867454,-0.30641486821930636,-0.3437103249798908,-0.3868958542302187,-0.3995690137217898,-0.3834091029397916,-0.3679292475171321,-0.36195004375069806,-0.36671321875773877,-0.3730322965914228,-0.37556365797252395,-0.37014433935086016,-0.34052166405099776,-0.2838605932630878,-0.2292845005573136,-0.21148697690039192,-0.2547791485114632,-0.3595532014113201,-0.4808735769731764,-0.5686402945025332,-0.6077228393384523,-0.597028047430782,-0.534907563578833,-0.42151631081226865,-0.2695903540561385,-0.11408071088803062,0.008392410371506806,0.08023394102786106,0.1005372400779644,0.09681761714587002,0.09926759733443288,0.11165752446486986,0.12822185640339834,0.13986812576938412,0.14989957864201897,0.202620275925535,0.32395935605987836,0.474986044685051,0.6032593220321563,0.6880460284806251,0.7379091517793331,0.7593957889070891,0.7599537167170173,0.7540396495651667,0.7565837962284035,0.7687896244853936,0.7803323324817227,0.7792196652726722,0.7628879690826584,0.7388714168487267,0.7182523423569336,0.7010234402932163,0.6624044210079548,0.5390138434217171,0.20038864390908548,-0.3612204354816077,-0.7221548037856271,-0.8562691851239354,-0.9102323883442528,-0.9381537490466397,-0.9528288058163348,-0.9383641400122948,-0.8613388759416988,-0.7164676113646911,-0.5432743562839674,-0.3792227900424134,-0.2555473817265423,-0.18437565398411174,-0.16044106350051887,-0.16873725208199747,-0.18791915407282245,-0.2025077489223929,-0.18675576201419214,-0.11699230037309036,-0.01290693316792707,0.08162731638792789,0.15898828677316776,0.21372189479111336,0.23753174885561898,0.23258004492770973,0.2149620209657546,0.20781300803243805,0.21120954339656078,0.22831361412745704,0.2589567072286631,0.2989120633843668,0.33951456446439937,0.3678596983471111,0.37908545588378234,0.34159920822247164,0.24340048612865592,0.14493336339967303,0.09742661729739689,0.10407303464284749,0.1747607692076985,0.4032554955052087,0.8121491434185772,0.6396732117502401,0.5350488517395523,0.5203308705637026,0.5497847185856213,0.6078760167588586,0.6788793816390477,0.7514770173476724,0.8138295201038666,0.8055889274994972,-0.023786457590045298,-0.6234932650315638,-0.7412671572147538,-0.7828084630967079,-0.8002307219598611,-0.8077522068788925,-0.8123195976005071,-0.8128704596305325,-0.8035867287598177,-0.7800850482450596,-0.7436132031138868,-0.6985842450220694,-0.6415138224562521,-0.5648099426039936,-0.44609676706482365,-0.27682034340171113,-0.07702565480896516,0.11467974344235805,0.26622378701183974,0.36112793378200353,0.39295573676863915,0.3690301139934999,0.30156417697124,0.21170043721001855,0.12707507784589825,0.04661368035509721,-0.05642053711027861,-0.2030648850911452,-0.3639764389377034,-0.49292214720499095,-0.5770974855318051,-0.6214442904735927,-0.585122519252036,-0.37470529876808445,0.025348869957089674,0.4680552360734041,0.8264961054931163,0.8572172581050915,0.7599192255461611,0.7131740663085467,0.6973439115389767,0.6899306723005192,0.6871193891888109,0.6890650385528858,0.696881503058512,0.710311424687789,0.7165972053671182,0.6557627675549114,0.4757504788568579,0.2783299342907625,0.14175118885617477,0.05325034854522032,-0.01430610752066396,-0.08644941360274795,-0.17552932092107779,-0.2796312142150351,-0.389103227775721,-0.4955753789324852,-0.5902492548946865,-0.6705061354611276,-0.7315936050558173,-0.7732425399533259,-0.7989168890846885,-0.8125112345568559,-0.8178892860391256,-0.8159004671400553,-0.8034607552531013,-0.7822016291609465,-0.759558625510978,-0.7446983581413562,-0.7431993027298197,-0.755661127666409,-0.7770989240273344,-0.7938307530388797,-0.7948525691279419,-0.7659904369238909,-0.6586704435233195,-0.3763756741980248,0.032528902957851366,0.3374979341012517,0.5035507176840464,0.5769901045691013,0.6072896337030209,0.6243034675724116,0.6409201671044574,0.6602451787664667,0.6877006102337168,0.720095117859145,0.7449879205381006,0.7513363383348087,0.7388330825153467,0.6992815712143746,0.6138230553077924,0.4552613828570447,0.1966329685588282,-0.11806307868932063,-0.37033154304252947,-0.5182754599963042,-0.5894985051381477,-0.6111635799742542,-0.5950770391684396,-0.53474420944018,-0.41009931203851746,-0.21116838922905887,0.029684336800375168,0.2500206819780714,0.4143374055687036,0.5334106581537976,0.6369049712996894,0.7387243883188186,0.8328935475629645,0.902050758675396,0.9421121863899546,0.9632732545092685,0.975328641298563,0.9811536296575455,0.9677301098735774,0.8565815291173849,0.38011388205007235,-0.35297835371402864,-0.7050878580301261,-0.8044356514144272,-0.8282388180667134,-0.8551146366868982,-0.8940430806695088,-0.8726247946438679,-0.7141010633754307,-0.5139824737492101,-0.37311498352631367,-0.29838334016690915,-0.27193837216485156,-0.2741096969737535,-0.28310978125834335,-0.2776282290719906,-0.23392006246678676,-0.11927532507636386,0.08534509674321976,0.3503469155927459,0.588247829360043,0.7405685018996033,0.8177645038553777,0.846549647663572,0.8438547917836946,0.8232572450265083,0.797911032987251,0.7734914723240541,0.7540217724520449,0.7362381208133731,0.7111537858619014,0.6663631547514823,0.5895252909262235,0.4852373533697254,0.35849507081521415,0.19954828676649358,0.011976004352774449,-0.18844285467953106,-0.36595923356579607,-0.5023258187773548,-0.5967489688644873,-0.6582613287877318,-0.6892834293731998,-0.6882167630394428,-0.6534752116415468,-0.588560391918643,-0.5110569828065704,-0.4487529596972329,-0.4171920717138079,-0.40794812605060266,-0.39820320561234374,-0.35381418807370846,-0.24287566678614053,-0.06025564351618904,0.15223406864689432,0.3400397731033237,0.4825814183666415,0.5901737357339506,0.6768050452985518,0.7448290742207355,0.7916576024036437,0.8148602323004771,0.8129621198431817,0.7861664939154878,0.7356987846687729,0.6628455852143307,0.5716296888823924,0.45747480171723576,0.29579602107631325,0.060211020991513604,-0.13755908795648294,-0.23554401405374537,-0.2991422838409598,-0.37793022108097973,-0.49544160546243016,-0.6392175460403372,-0.7573083299767479,-0.8279963443322648,-0.8660586057410552,-0.8866157043299133,-0.8998733978840424,-0.9134835200927778,-0.9342081690433264,-0.9625400045381132,-0.9750578380047322,-0.8955452988514352,-0.6966515676507977,-0.4790488155096322,-0.27343758365070475,-0.01282347589055622,0.2927207710034313,0.49301608896896304,0.5940831370337278,0.6235760574369127,0.6011455578251209,0.5668335710411336,0.5652658581305714,0.5926665813369661,0.5694719345218974,0.47464953824222966,0.39522199550305326,0.35680783721544146,0.3552924422972517,0.3848177559090626,0.4452276038551476,0.5291136389004952,0.6215688878064416,0.7014162281136197,0.7561660805919378,0.7877352075259905,0.8067244843900181,0.8268525450661348,0.854853441079278,0.8890706034667609,0.9113199781401176,0.9049913502032068,0.8651799467557271,0.7969504146022819,0.727505720457442,0.7002346952795803,0.7310648998774221,0.7880873156825301,0.8241983157047861,0.8195006749208142,0.7891379857609313,0.7606836988091474,0.7538621258688516,0.7750097574023467,0.8161276931430572,0.8526951242140609,0.8586346647776887,0.8223227822835733,0.756687901715953,0.6796185292279828,0.6040165275951997,0.527727269486735,0.4169604778129493,0.2261300102244084,-0.0096403712848293,-0.18712847205351965,-0.26939611433980076,-0.2753095655979759,-0.23002232829922917,-0.16876170980097532,-0.12388841712134353,-0.11672491601240599,-0.15870335973050687,-0.2452629348271262,-0.34393131288371515,-0.4220892489656819,-0.46374946005069806,-0.4671572321544365,-0.4407075055245007,-0.3960219521442012,-0.3540482091449717,-0.3344905322826824,-0.3267052538837452,-0.29947526301758154,-0.23053627904131227,-0.1386122459376686,-0.06594185095418557,-0.024951337190652203,-0.012511607053427846,-0.020718402411585145,-0.050337846093847956,-0.12361878729631752,-0.2536079572612772,-0.4036871134317119,-0.5237841573281359,-0.5998966832781962,-0.6428425729403565,-0.6615469130877738,-0.6611159469707707,-0.6397078258205252,-0.591681386750267,-0.5269368369345269,-0.4644053049783086,-0.41652204015717487,-0.38482206126675894,-0.3609933555153551,-0.33456269847099485,-0.3077527350653204,-0.28391862602098644,-0.26317633057786377,-0.23865268000514514,-0.20581993810580598,-0.15378068522711763,-0.09047374673537029,-0.04727209343102285,-0.030016407801357045,-0.02807237823427086,-0.0356159488404582,-0.04268840943738492,-0.043078776034790225,-0.036284203124874265,-0.022616956546320444,-0.00717845501701367,0.0001538954624815629,-0.009292298283031448,-0.03571800702855032,-0.06456015550510893,-0.08893246218920717,-0.1140363030560178,-0.14786231671325814,-0.20231383998370223,-0.30742208062600973,-0.3543814671959301,-0.10668055194406313,0.02508278575584824,0.11179038406873902,0.1849707034905614,0.25818469638770153,0.3440072211931031,0.44582168792369853,0.5332580319585045,0.560190074146194,0.5191710770759146,0.42705035807111064,0.3040492302153675,0.15476166948975725,-0.008486249383322382,-0.15033150456715907,-0.24727388760931743,-0.3118343408242242,-0.35432676830206866,-0.38213997085546697,-0.39446971299396,-0.3760890278229263,-0.2973640993156052,-0.12255370659650774,0.181499943575651,0.5377838047272664,0.777933093441886,0.8911204667556629,0.9392102878417292,0.9584136395051077,0.9602542898825621,0.9413896871564418,0.8677470850363812,0.5935173794167564,-0.02760812708318936,-0.4250963454406078,-0.5371713456625696,-0.5357440439200412,-0.47592129744939304,-0.3700732799553443,-0.20533544257916353,0.0743850035090316,0.3277448387653502,0.3794957379950677,0.4001793106430196,0.43666683832202985,0.4930636575014087,0.5306732015023501,0.5095711444685822,0.40059875267162864,0.1277714800332236,-0.338173847901066,-0.698542464278785,-0.8471083468423096,-0.8992651048108795,-0.9138725317717737,-0.9083682365279538,-0.8864697611481609,-0.8496074459503971,-0.8051448346013407,-0.7593699851791623,-0.7133719909171773,-0.664528497263841,-0.597533914208258,-0.4521865580438458,-0.10346786841866361,0.40279624767583794,0.7204514909391212,0.8409792494375498,0.8809402834353729,0.8931723582617448,0.879504744216769,0.7120646967883096,0.4081897962725465,0.2734113400544301,0.2743038545471893,0.3381834845127451,0.4189255716575065,0.5002714917949398,0.5624426132023349,0.5834482864542625,0.5585703842938259,0.5242601892202965,0.5054078113665502,0.49785586309236163,0.49185416660156,0.475114680011116,0.4427582914831472,0.38931289395970403,0.32751473386214297,0.2686280466426471,0.2075584135519664,0.13321516434132805,0.01974402073739555,-0.1476576228126343,-0.33844959554766285,-0.4862757464264313,-0.5550161140677792,-0.5512827838840917,-0.4809748831207393,-0.3493537852425223,-0.18496866069839327,-0.024062964043468416,0.13403549602970807,0.2864906316270406,0.41265590807106584,0.488589845041189,0.5249163450223308,0.5507119394874831,0.5774789366907654,0.5898006974103771,0.5654545812427707,0.4875527352570817,0.37586930423974796,0.25958619860238424,0.18228014370160692,0.19400404792147327,0.25779941259743433,0.3326349648278287,0.4101593180222895,0.4934444098565588,0.5808587400605066,0.6617195820836296,0.7083794418426256,0.6944086856608069,0.6497560737671957,0.6118033190143066,0.5706507558489738,0.5101287496270646,0.4311474572067014,0.3359358568884253,0.2229244030708312,0.06642285599853148,-0.1938784213909237,-0.4335547284765311,-0.5462230448938009,-0.6293911021755417,-0.6889217115989776,-0.6994500593398515,-0.6914719948524668,-0.7189962012922786,-0.8100746692127438,-0.9195891877794066,-0.8654494123929706,-0.6612487652115834,-0.48829727006725493,-0.3706583569718836,-0.2795209180727199,-0.17856668034557058,-0.01727691979507052,0.23494815061074936,0.49059926079914,0.6215360332333963,0.6542286215704448,0.6510011567015535,0.6348489896745738,0.6158454888834253,0.5995941508941016,0.5917477907709259,0.5967427784188566,0.6089258253794733,0.6230413058570292,0.6325196785424807,0.6340601268008115,0.6238206070989428,0.6027028851781697,0.5729697264322965,0.5207160171249113,0.45549363151989225,0.4073285107843104,0.4039666214109588,0.45302997163181336,0.5346735413489943,0.6181578660300927,0.6782412959009618,0.7057696246645934,0.7017111135976111,0.6720198462249526,0.6219737635504762,0.5626950401380296,0.5021517147970659,0.42523685169026343,0.3050790045338917,0.11491544044469072,-0.14792451689799385,-0.4125888728383071,-0.5875283570546722,-0.6452692099249516,-0.5636186224520423,-0.27247792464909165,0.13230226617328633,0.3607956110095823,0.4179961053509764,0.3831144645704562,0.2815792183841562,0.11545506275686687,-0.08763206115080897,-0.24319428271859794,-0.3436910792910575,-0.4546762884757898,-0.5443117144389086,-0.5134733409560712,-0.4724765129401426,-0.45577981840090553,-0.4462609339136411,-0.43311195722480855,-0.41718002523244496,-0.4080618404572388,-0.4184431106885279,-0.456649508810629,-0.5178146062307524,-0.5764648827957353,-0.6080351974924147,-0.6161238011364435,-0.6121250897906365,-0.5936505169378906,-0.5568844979811604,-0.4979213418203649,-0.43366801208774164,-0.38248853268394833,-0.3515377464149155,-0.33030857764184646,-0.3151265567960593,-0.3035464183529851,-0.2819905375982406,-0.2353565611062912,-0.18344077581282417,-0.15607155655600677,-0.14966025865947058,-0.14956219910727947,-0.15004326096887657,-0.1556233845618146,-0.16001359930474032,-0.15192843280869286,-0.1317616671338918,-0.10498123968375726,-0.05754935844896028,0.010729450851730151,0.08441142694988527,0.14746550647136272,0.20097790791944076,0.24827575671024882,0.28889424933166624,0.319727739612569,0.32508392214544246,0.3038556949006007,0.2598202856967023,0.20973416453063257,0.17557996865583791,0.17839996650844492,0.22295532703222082,0.290529190755583,0.35067511309545263,0.39026314736471984,0.40456512036047954,0.39596232359023503,0.3832809124657743,0.3771265769335839,0.37799370642971736,0.3873592330888667,0.4052542440393957,0.4266005849852868,0.4334234647549237,0.40444244563950565,0.32389361669138417,0.19372171324675175,0.014031121565310984,-0.17042633143234562,-0.24244032977803462,-0.27824177340063044,-0.3604653940900102,-0.6201452374006147,-0.7120076312994074,-0.2883716642067734,-0.15495698747882597,-0.1025157169637649,-0.08523192080470052,-0.09515450626344335,-0.12922819327759888,-0.18255416051883688,-0.2514527921952949,-0.3436783756633085,-0.4791425338312279,-0.6433962439633338,-0.7626511529202571,-0.8004434908470675,-0.7768563531742195,-0.7001444661450694,-0.5819028464640255,-0.44924582204250424,-0.3102607978433418,-0.14883494662599323,0.08643682735820918,0.40141420204246697,0.6667545067787255,0.8135352564621906,0.8855249343422646,0.9209278071820142,0.937759160815914,0.9446690770560772,0.9464583321401964,0.9468436700185988,0.9489623099192614,0.953492363710402,0.9571465329533789,0.9576068517979717,0.9527044278787568,0.9372999494243555,0.8954176182689275,0.7948763743392157,0.5926499863494685,0.3081401648480319,0.0570095177143039,-0.10370292065575878,-0.18007652627605653,-0.21771125219166684,-0.24735684239590114,-0.27641097690531696,-0.3085591420838887,-0.3476191142486087,-0.37707323146269217,-0.4004151323441597,-0.4309086378733551,-0.4604722096966866,-0.5149501996827582,-0.6384445100623259,-0.8100496744739278,-0.898474922727572,-0.911363416158956,-0.9216308100599808,-0.9360603304311566,-0.9474164376826595,-0.9541741786832743,-0.9570968959716535,-0.9564916007868006,-0.951902965371315,-0.9417051570793812,-0.9213066799648284,-0.8801021271300512,-0.7900478493392354,-0.5953575313608026,-0.30805489082091797,-0.05404883686287963,0.13407014696501662,0.2899439827214514,0.4307954727537624,0.5529182330233219,0.6507082208653409,0.7267219903934228,0.784769465837397,0.8221826334485635,0.8296028247936513,0.8018905450362332,0.7495579535766473,0.6939270900644162,0.6523862637665228,0.6330154978257309,0.6342903239833998,0.650033783535381,0.6751233075498707,0.7107770374959299,0.7540034623478317,0.7938649693932018,0.8138351735765861,0.8039922738188444,0.7689801211484611,0.7307004061674898,0.7095752172535842,0.6991011072624763,0.6795737368978744,0.64357245184071,0.5997409198022638,0.573412084761681,0.5733930691315865,0.5849330214712941,0.5678581061409835,0.4759075586642981,0.3430585755684886,0.2350197111429033,0.16746933323131177,0.13157083797657118,0.11632052788561041,0.11610625477278211,0.11601480190042282,0.11338112614889763,0.1045347618982608,0.09252672610064994,0.08770134305638985,0.11514747131332329,0.1942216018963698,0.3090346380621409,0.41671540716873184,0.49401987586268314,0.5438613378157914,0.5741410664137983,0.5865055938274868,0.5811279402288158,0.5520186040358009,0.49770280361134545,0.41796964395991804,0.3197643278292897,0.20244193740667168,0.07070900048320974,-0.05073713393154113,-0.14834451297367426,-0.22909042320695883,-0.3071849066397964,-0.39106159561583403,-0.4541470403720004,-0.46371001905166365,-0.4165698032725014,-0.33400349801369733,-0.24169664644623212,-0.15548216143006338,-0.07557078098882776,0.005007521587771075,0.09046807343529796,0.1753690565173279,0.24590911914208222,0.2934098903871556,0.3241503140159587,0.3468311788678883,0.3592567303293214,0.36954365513101445,0.3839914300922249,0.4060692202585274,0.4272900252984157,0.44195776075154714,0.45692818164268534,0.47681292167498945,0.48929161655515885,0.44895575213998157,0.3133044613845296,0.05444618486686632,-0.24839552508101306,-0.426931730455075,-0.49420124855507774,-0.5021988799774566,-0.49293611178422375,-0.4919224834061998,-0.512291847643143,-0.5464261970302077,-0.5711506697774587,-0.5744597630224858,-0.5680872735808039,-0.5638731476449734,-0.5581206581613845,-0.5423881608824698,-0.5150521376652039,-0.4755318429844009,-0.4235534187292693,-0.3610137805752231,-0.2962621256573061,-0.24846383723939716,-0.22514209718211747,-0.22280399331321057,-0.23735735153445514,-0.2603283561091215,-0.29376874552861587,-0.3352673801416189,-0.37650199234421355,-0.3745344732002882,-0.30570797033730146,-0.2126582961750695,-0.1329971913731806,-0.05645742882493287,0.03673280789116853,0.16490087871422057,0.341481889445145,0.5326090190367951,0.6628548947049862,0.7146570345733017,0.7253300013502078,0.7222790836629273,0.7120268238906294,0.6934138820069399,0.6667522647425574,0.6419605022292508,0.6294656454520526,0.6326602999288057,0.6117492625687211,0.4427337612624078,-0.05928336578165967,-0.5487129159002376,-0.7724311632363806,-0.8647221219609141,-0.8962046470796431,-0.8924294367002744,-0.8696647642937971,-0.839719076437061,-0.8080782958629636,-0.7714724904813534,-0.7211208645006445,-0.6417969019782184,-0.5168225833267779,-0.36235869138172766,-0.22184185854784255,-0.10553468800211538,0.020103103144579297,0.17373458526267221,0.32809759022191815,0.4692758418412665,0.5822735203423519,0.5613500458594691,0.4393060800005437,0.3345737298606431,0.2612580666788716,0.2025790813029055,0.1495234793838312,0.09810910469003166,0.052090539389789914,0.04689929998460705,0.10245687629803076,0.2003957070321693,0.31437548480747035,0.4173954998325732,0.47509415254165777,0.5129429678510793,0.38323732720379133,0.04432310765549568,-0.030972100053044557,-0.043446905013937914,-0.0422932639604431,-0.03844842852341538,-0.035667467349561645,-0.040188116650805156,-0.06344195002784563,-0.11581802216086812,-0.1843133850886898,-0.23905693064862082,-0.2650889448493684,-0.2659911844499715,-0.24103678405787296,-0.1994995587185925,-0.1434608484653954,-0.07285011227990264,0.012241196434423432,0.12004326357319411,0.2599752782865308,0.4264818811818501,0.5918478413747545,0.7206946985456946,0.7970821684278474,0.8366268031827775,0.857438099851615,0.870436596774211,0.8788787986222992,0.88474815349875,0.8878178639915368,0.8866645756362413,0.8762333159177571,0.855930153417156,0.8048402370913865,0.6577677656975502,0.43955414228762324,0.2616922477907229,0.15266806145157247,0.08990332152108094,0.04826085037425704,0.01195290054308177,-0.026806853273552332,-0.05930483760485955,-0.06866854024413326,-0.05293604272562757,-0.02542283931382044,-0.0106209061415611,-0.01871382096958197,-0.05010002902882394,-0.10558417810597871,-0.18008690895070262,-0.2634833117173889,-0.331329830497192,-0.3296410811127131,-0.24580892393480458,-0.14362693448693176,-0.05867502816539885,0.004710842495043714,0.04748974334944536,0.055504427223997205,0.02822634030291988,-0.009293888225389658,-0.04684620897590723,-0.07858674363459517,-0.08925827591309961,-0.09537698008780815,-0.12269198642025232,-0.1842248197893341,-0.29097546257829127,-0.4495319859442187,-0.6294428243050624,-0.7586717301524352,-0.7010858460964267,-0.29321844924827206,0.10826249908172847,0.2481885883665963,0.26344486788973165,0.2620384083517505,0.3109607353508257,0.4257799305139107,0.5593240121798958,0.6459548387278805,0.6544532376778496,0.5617211373692037,0.28829514182454286,-0.1676031548244368,-0.5013615034511778,-0.628564753852113
-0.3101028853156343,-0.2690172731619947,-0.24803847341929516,-0.24426894950592942,-0.24921342310793068,-0.25355890998000535,-0.2476400807242689,-0.22888561000806137,-0.2069005037139435,-0.18909621141196553,-0.17686724879759513,-0.16686923634112766,-0.159030537976054,-0.1522139144390776,-0.14550286948032987,-0.1394950591048993,-0.13636310376269342,-0.13983431865718096,-0.1444417228205679,-0.12529780816111635,-0.06339794101565742,0.029017974763737124,0.15637716808272234,0.3379470827226377,0.5008812965915892,0.5757596934366822,0.6113590736461681,0.6370494735356739,0.6372013299380446,0.5910857024764334,0.5131056714363088,0.43387983120414564,0.37441582000134455,0.34009324410618846,0.33336807149080055,0.35332898432504906,0.38852365893461105,0.41429859197938496,0.41784625308581747,0.4014224251837947,0.3782621600847671,0.3547314662847601,0.3292795336131979,0.30084162838834105,0.25658380600109604,0.19680923329828554,0.13742859411237993,0.08921908645789121,0.05523503054965022,0.034221607090976006,0.025978026462340664,0.026260712737140368,0.028471106233336946,0.02645862839205337,0.02134744506575139,0.01907667341824607,0.023898907918818612,0.04799076928009285,0.12253352749552038,0.25823084374496547,0.32092470945988005,0.3371469573295913,0.3877392356390971,0.3869672023810269,0.1762613656345922,0.07865912413957606,0.04042196034560229,0.027374928271740727,0.023863701148273575,0.02468849466501943,0.030193662323325755,0.036361727105255696,0.03959301455910251,0.03587135173581427,0.019567219404416653,-0.012669053833835325,-0.055604931655768,-0.1032011343635817,-0.1479918753129221,-0.18414780171567904,-0.21300598722432756,-0.24603106232863323,-0.2860761340767319,-0.33579851757322027,-0.3804342676131938,-0.3450619978812176,-0.25690639462940335,-0.1902895540856376,-0.15219367505321324,-0.1326007674312668,-0.12115701682421577,-0.11677462022237521,-0.11659562343525093,-0.11122843573670847,-0.09420475058013474,-0.07030748478976165,-0.04555628131721723,-0.026351776817144335,-0.013343448160395378,-0.005795186887423837,-0.0009569980822797194,0.007659343857227699,0.022558500144395015,0.04337372775059208,0.06207698246679112,0.07373010185741742,0.07740679657270838,0.07279168203039653,0.059251895471742914,0.052068964831734066,0.06547723553335781,0.0976292051226611,0.12153168522307477,0.12896804980552917,0.11523994112747914,0.08925928033423643,0.06174890738917976,0.045614371535104524,0.042571684882475244,0.04538122291025088,0.049575035733704094,0.05467753103762155,0.06012632818553306,0.06757868326721254,0.0786294181738035,0.09775033752501842,0.12014084816677066,0.10979536520058868,0.06843676629585789,0.035234046292396716,0.017280644068637885,0.009618786405500856,0.008349292633109292,0.009431865283019718,0.011786566288982168,0.012962874679273121,0.013302055504293192,0.015647940819078714,0.020346300758001035,0.027400191113029944,0.03559594179012436,0.04552096263166704,0.0563446034233551,0.0670082253157191,0.07840847026060882,0.08977583482664116,0.09845837661768427,0.10055583320690314,0.09306671676934337,0.07676635099733721,0.0561275304926208,0.039521664534199315,0.03265282705019416,0.03586977395880384,0.05078050193410871,0.06960091608050462,0.08106147199181399,0.07920751323233723,0.07433812130294518,0.0729454544301624,0.07383881740098669,0.07276475852768419,0.06350065809824107,0.026088019164991497,-0.029509909651804226,-0.07858364341949496,-0.1163758814541461,-0.1467177918076602,-0.17872752849368162,-0.22801490661827864,-0.3134318839982391,-0.40078731353248953,-0.39367103223262534,-0.3326260299104969,-0.26977645315931126,-0.2091572994003107,-0.14533436860386484,-0.08206351860459998,-0.021433915561039178,0.026588812353565017,0.04832394643579298,0.03931464762554291,0.013862087492847439,-0.008745343838734754,-0.014338194194767262,-0.00016281409549554897,0.018031717079712153,0.027901392261002564,0.021266879645188277,0.0034704437072339443,-0.017061152524657234,-0.033498871569126974,-0.034005792425623536,-0.0032851289129316717,0.057323858208858644,0.12428237766833534,0.1677778168194715,0.19378366718320408,0.21883119759223707,0.24063001809073242,0.26026620651553634,0.27175031667588456,0.2690467542433037,0.2503677733315815,0.22596606170718644,0.21038569267492435,0.21032155465841537,0.2230062422650606,0.23859082994273795,0.25073746220600707,0.25739857002578287,0.2671995466130983,0.2768737218199504,0.2726939350985404,0.2500025059124567,0.2080064832738609,0.1645130516765894,0.13478671601436884,0.12708583142440216,0.13411737760041373,0.13608289224774858,0.12424606874646611,0.10562832458633464,0.0867183260758332,0.06304296766688347,0.022296927797109196,-0.06789294712451821,-0.20678376463347226,-0.19706820866378347,-0.17276808215135595,-0.15877576698588547,-0.15202321777283273,-0.14357485484508076,-0.130358536148543,-0.11155135388685229,-0.08908534639271354,-0.06485666855341837,-0.036417387858110224,0.001163901012826352,0.04645896589759857,0.08910060494068865,0.11862684598676437,0.14631574755751417,0.18061036373749104,0.21248905366772156,0.2263401529050031,0.21659043581510967,0.19476768575699452,0.17347503015675655,0.16266256911545757,0.16245219749177023,0.1697304430857872,0.1733550013840724,0.17005275453940896,0.16375208303050748,0.16203765066933856,0.1641968636771703,0.16328508939192168,0.16241577342186653,0.16213206640939637,0.16837510127249897,0.1773896630830383,0.17059861753190755,0.12750084105564663,0.05812851305153746,0.004254085608818056,-0.024107136103265925,-0.03368039494414829,-0.0341541879736075,-0.03257369609647393,-0.03468359079619536,-0.04717448986600546,-0.07494574599975785,-0.11482159328533555,-0.16060514043773408,-0.19382731728941427,-0.18525081750883282,-0.1497364096957951,-0.1248141088237103,-0.11078017223102084,-0.10008869607307153,-0.08661802546477486,-0.06751383159205193,-0.040352844025045125,-0.004804866454624539,0.033600846000870765,0.06531345753674457,0.08351401065172344,0.08740821617503675,0.0860208290351852,0.08912635497730961,0.10544653025813365,0.1286518332690702,0.14848755693128135,0.1609286073077596,0.1595585868772484,0.150793899848275,0.1423785135330372,0.1330281511984462,0.1184572105123796,0.09401770129671648,0.05299497008747646,0.006986342893065199,-0.030752206984711893,-0.05376446779004384,-0.06762765466306939,-0.07596689710810761,-0.08278045953946903,-0.08968732013917648,-0.10021433603016007,-0.11939166012739223,-0.1587858427007166,-0.2414363800168822,-0.27999466118489735,-0.21425923522802912,-0.19166395660656524,-0.2079395804771481,-0.2492972364070127,-0.268851569623772,-0.22718600357886892,-0.18264796506171305,-0.1560731413748294,-0.136995625756471,-0.11480814248146616,-0.08027807845343839,-0.03526805110482272,0.0075957115225195725,0.043215977671733435,0.07390586289097911,0.10057763118491082,0.12638533242650332,0.1490276002072253,0.16559053639750845,0.17215226871794237,0.17272881035852808,0.178799557119823,0.1881589293636269,0.19714558820126912,0.20567629482014502,0.22268365205362067,0.2513359862540722,0.2791203946497785,0.29727595877858565,0.30790961695183244,0.31385167010469933,0.31513773481702084,0.3104179076514502,0.2953552462739693,0.2524420356022182,0.19522254065139008,0.15584747700098134,0.14198275208371364,0.14394874885440606,0.1497969418694151,0.1479401529300599,0.13902639588341298,0.12986799261218762,0.12745995009767902,0.13591066751901437,0.14875852626691521,0.16345221229938178,0.17769093998801366,0.19221598594798345,0.21061129465509895,0.2036304787153156,0.14006273998123647,0.09343479921815252,0.07565798633267991,0.06859470788583517,0.05170590405547428,0.024536905358362313,0.00540412129288211,-0.011475944423855165,-0.029829140996846915,-0.04978617674095876,-0.06930045532592675,-0.089527406657547,-0.10960617156436267,-0.11814955807949261,-0.09755061130625271,-0.04362825096180188,0.010710801092157381,0.04840415863433362,0.0785935022656943,0.09875309390770769,0.10210127822822261,0.08631714557198512,0.06471276239461368,0.045650929536531805,0.027391274081769442,-0.017888995280329657,-0.074654193527728,-0.0882984831562917,-0.09285107415265774,-0.09546132993697512,-0.09254096994128429,-0.08008052853038809,-0.06640240901975483,-0.058900381906979736,-0.057162678892251476,-0.056356598340819984,-0.05386127820616502,-0.04841303779518566,-0.036884542589104494,-0.01797781704330606,0.004619066960825988,0.026270911393838713,0.055231704795795825,0.10133039890237339,0.153044906036242,0.18995933806371704,0.20322379285541115,0.19433859567409692,0.16980569401848591,0.13437671968429024,0.0948960582669462,0.06142678965696696,0.038453295992577075,0.023793997006570356,0.021042712732799545,0.0291306533765481,0.02859167456190404,-0.010184215453228194,-0.05996397543244294,-0.09796338596527471,-0.11908185766057207,-0.13455025651023933,-0.14755183688665563,-0.15822266655822764,-0.167384813350866,-0.17692836284612293,-0.19086031877627496,-0.20663052190080372,-0.21403765760378543,-0.21326826898841705,-0.21181228695350401,-0.2053591729522661,-0.1907998451710807,-0.16126123625593647,-0.12177396667430336,-0.07782825822231819,-0.025282220000723474,0.03610640345786282,0.09698624719266419,0.13529727636533442,0.13767655605902673,0.11586011223373814,0.09580619802074623,0.09788587677380371,0.12492969104991994,0.16984388637001777,0.2392131406308102,0.3118020290871505,0.3181988940624532,0.2732927638602944,0.20970534325603798,0.15018134159807806,0.10609397181946087,0.07319651405886805,0.043934030662273,0.020103343690330188,0.010162237603190395,0.007472985701305837,0.004190664383909711,-0.009398067781215958,-0.04298320616237485,-0.10987023390509894,-0.22424495563114563,-0.3597549696148009,-0.42495643850702663,-0.325343225846714,-0.2046625770299237,-0.14613915720329593,-0.12202550183590719,-0.1107936754063086,-0.10520273882440938,-0.09974349569317872,-0.08442610741924622,-0.045019899402827544,0.021149361163659466,0.08319735967591452,0.12348473253936129,0.15364853633461967,0.18187049146149198,0.20721914341032285,0.23598185665179738,0.266038206025558,0.29923252367048003,0.33264217768573057,0.3530444643377612,0.34792860674042003,0.31778144155279187,0.27553928411489276,0.22887899004982806,0.17629786311697065,0.11785022725003098,0.0640434620404492,0.026822910427211258,0.012402360184230198,0.017676305479548515,0.030845282354505937,0.04455744228380164,0.055038268368370905,0.061779835936004224,0.0633552800540815,0.058697322469376007,0.042917465632813206,0.008550796393805724,-0.037961921036676026,-0.06505020222609784,-0.0641954856442821,-0.05382871382062946,-0.04670575181003786,-0.04311686293725214,-0.03701746199723697,-0.024497763158524102,-0.007579857825184098,0.012660157402347404,0.039938318610459496,0.07948623320737495,0.13050066957306572,0.1626261032774742,0.16121535088035244,0.15916986150010812,0.16186038081693546,0.16005327010684375,0.14949217564430853,0.13328989790051968,0.11362265438148855,0.09310447837410239,0.07448518840359511,0.06238073377132686,0.062238830144315214,0.0763381063533807,0.10593321864989977,0.14445192189332606,0.17932365657318403,0.20199530505533222,0.21273077384388103,0.21516634692995532,0.22137820389633542,0.23103731058416582,0.24074153688757474,0.2479113185031172,0.24614643133698885,0.24034112757469892,0.23569373250227468,0.2298555787656648,0.21572701450842438,0.1885530299600235,0.14934550292847876,0.10169196986917814,0.056449041621948144,0.02255967409337245,0.00158981964930993,-0.005310838372951469,-0.003919868068461535,-0.008139136493454041,-0.027523147461296547,-0.061759943587345115,-0.10821720240551515,-0.14977361245354925,-0.16613666361031945,-0.16240200880199288,-0.13892540593514954,-0.11790491638237804,-0.11489735879519754,-0.1339811284619035,-0.16657645926210435,-0.2021719517783298,-0.23569463989850792,-0.2663247364465701,-0.28959356645598006,-0.3036890839061919,-0.3156303810876248,-0.3222205970948759,-0.320910083050579,-0.306400043450801,-0.281273807390714,-0.25595665659981,-0.24035814857731452,-0.24293008090161858,-0.26903180401775256,-0.3156600651926718,-0.3513788493099234,-0.3361837680236388,-0.2818235148967046,-0.2220261103933036,-0.17255311210624205,-0.1397026821090761,-0.12175879789677588,-0.112791449925718,-0.11354616010846323,-0.11812097529964048,-0.10519248557340163,-0.05751721616442088,0.011007895126376658,0.09098614679786214,0.18621758183920223,0.26551939481989395,0.29602553569971773,0.3049877674730661,0.31459543996777134,0.32897216410556607,0.34329389545138167,0.34949718662117085,0.33560803951083173,0.3174339927768183,0.30703641910848545,0.3074494591448449,0.3088956944127273,0.30260288124278617,0.29436419354634197,0.2893448667744876,0.28710357714508533,0.28272511365770286,0.2705687984530064,0.2513950093882168,0.23013840702281893,0.2140028514268334,0.21180583512646028,0.22985370862510657,0.2562628381972579,0.2824542337821645,0.30207558654786176,0.32744361123866916,0.3713499795809199,0.34886629883864634,0.14182304852694436,0.05422637149834948,0.034542519220171326,0.06930432092744836,0.05872715731713521,0.05443433224120587,0.059572989401833316,0.06667072050690749,0.07446179107746739,0.08001972105787282,0.0819692375428736,0.07908827620525066,0.07373524538418756,0.06236689091133116,0.042079073263401094,0.01493168279840012,-0.008953838936686848,-0.02466439661416619,-0.021568640851982922,0.00045884772392859054,0.03350070332010352,0.06276636846177053,0.07643727259546078,0.07334881076242049,0.05975852029008837,0.038666422390827127,0.018594965289205557,0.012165669660957215,0.020453323281978263,0.025791185306740655,0.021088246525718436,0.009815463317852942,-0.001504208525585443,-0.006294071740460305,-0.007595346135911658,-0.007753475630631589,-0.0072305022647961405,-0.006142913682873116,-0.004246043885413699,0.0010027662582061223,0.00927291730925871,0.01305962202106241,0.012315812736376476,0.004262652073396106,-0.009224627509771653,-0.026463496915122776,-0.04510334560805952,-0.06278030500652995,-0.07978485835064443,-0.08732688183143722,-0.07515617785072012,-0.05795204908279116,-0.04644289376973672,-0.03682101468190622,-0.02751640339485523,-0.019322025831674465,-0.01475146815023338,-0.015823440095779556,-0.025100648428478117,-0.04122644305812452,-0.05731368573749338,-0.06871038528134434,-0.07309932096392717,-0.05856572790660499,-0.019232158664919934,0.021045836923548358,0.037513109040203316,0.034048651305110214,0.022298854067988733,0.020100856783906048,0.03642709573197122,0.06433246402853146,0.09069952199333127,0.11130110861641788,0.12440626086983701,0.131599918217145,0.13265783297360131,0.12889999535361618,0.12541372580659207,0.1266417194270472,0.1284361770745931,0.12609612450262564,0.11660832626999541,0.10310559871256227,0.09015656040738386,0.08594611352604149,0.09346951991635319,0.10945646273886432,0.11571516194024088,0.0985728712225409,0.07556745717635908,0.05244863741896167,0.028278760650929703,-0.002509412894791257,-0.03642454920927,-0.05789746125291539,-0.06423292306841781,-0.06524255371546148,-0.06095819348117857,-0.05383995668732639,-0.04315239948943809,-0.03471715760946761,-0.028142768079062772,-0.024033467716831142,-0.023064137002206372,-0.02850092976178846,-0.03504714978101129,-0.03355150514427832,-0.024659437973877586,-0.012621402064699751,-0.008045086250258451,-0.029052562707878822,-0.09743815175948262,-0.1687927177102261,-0.20933277495026706,-0.21970772451466578,-0.19355633568066144,-0.12849499025251013,-0.044766280037708585,0.028321775796650045,0.10433757361928382,0.2014164388412308,0.33162739780575506,0.4191092354141943,0.4106867898958825,0.36288308148432,0.31875654787325525,0.28381643668151846,0.2495891756047665,0.20799700996040976,0.1513721191503703,0.09228647289436628,0.04879367993645079,0.02422823115577151,0.01210456673998614,0.003980252062756956,-0.007950932723599272,-0.02515899295301446,-0.03976480899594244,-0.033427395983029455,-0.016500242072689478,-0.0047885153041432645,0.002593209802354471,0.010174003405942338,0.012634489377839819,-8.8584448717823e-05,-0.03498417453486723,-0.09352367587378675,-0.15379090406251258,-0.17509453466285343,-0.16048252492786608,-0.138820366277807,-0.12259599817121647,-0.11476851999179118,-0.1017923541610728,-0.045272502018167834,0.04938542482038863,0.12113596586482325,0.15174624587482746,0.1457378021073962,0.12856403337238007,0.11754455292665887,0.12446387916813073,0.1362376195528998,0.14777158015302844,0.15020594461261494,0.14603150444374538,0.13504813524190032,0.120816756562752,0.11697223163286448,0.12035488147661037,0.125437171542908,0.12869257061776038,0.12988879431939215,0.1258408130100551,0.120711583643504,0.12329652439168433,0.12359374725616465,0.09469423016068701,0.05226311006484743,0.02456158858154265,0.019466978711569147,0.03584819227176984,0.07026969128103772,0.11178163058990052,0.1458939743193948,0.15469920439719242,0.13602932688182992,0.10030081279241616,0.06205025679221038,0.02771885388397069,0.001715131731096167,-0.005122111779967124,0.018285749568456307,0.06442162052241882,0.13065760420880151,0.15527864932723873,0.0896315097653267,0.033737559725723565,-0.0009203062754255384,-0.019599864473043342,-0.0277715737567943,-0.038926728672174414,-0.06752852455225516,-0.10396804535800369,-0.11565484629588589,-0.11279642198302994,-0.10453102909425217,-0.09350104784985848,-0.08288653500360094,-0.06850199799677233,-0.04792469128307473,-0.032170849700702504,-0.030693404560614954,-0.04618924256367206,-0.07575158165393264,-0.1152925708913916,-0.15143961133855474,-0.16557017275516764,-0.15188287419747565,-0.12837644242372492,-0.11187958001347194,-0.10679399792339309,-0.10397310042869559,-0.0980044200797624,-0.09423503281833971,-0.08811151632479243,-0.07971589358401407,-0.0718060511760014,-0.06321813844308324,-0.05172450347573205,-0.037172072555567696,-0.021605438201156527,-0.00654870830647492,0.0004801150816401573,0.0033512990583876787,0.00623197888046348,0.007935440110391599,0.014028197969750623,0.028304439484541852,0.04760242798793115,0.07381598560446216,0.10188538566238856,0.12653127220163396,0.1391321344128744,0.1314273143578372,0.1041258736730443,0.06847214764838798,0.03762538527210063,0.028443165281342216,0.0408841823373751,0.06468793756514775,0.08882028728121498,0.10713870267305986,0.1145931680702505,0.08000502850519597,0.02680592845622389,-0.0011225483585999224,-0.007401830012229912,0.0010711570425708241,0.020188396803645113,0.033932376275185486,0.03025806689585634,0.019931707155355263,0.009180229509176177,-0.001341987751248594,-0.013557693408496649,-0.026233498862136474,-0.03933382661345517,-0.05124251958035046,-0.05690206454717937,-0.025995243331704783,0.026846795238926923,0.04191958978321238,0.03804989988736738,0.022646151372715483,0.001663765177370547,-0.017127484355474433,-0.03215496144372597,-0.04412393434577591,-0.05446049738970068,-0.0663681919443301,-0.07813955065590629,-0.08645828974199063,-0.08784943782785647,-0.07675840424385272,-0.052847034281628034,-0.01789413975838452,0.02513583365846935,0.07259910312287718,0.12392034136348296,0.1751244614511496,0.21882108552785265,0.2510870473069228,0.2600590952530739,0.2458923118960151,0.21028614052062963,0.15944425581500624,0.10943379878413594,0.06901855036925406,0.040223513202792986,0.02382284815234838,0.01975478599948165,0.03037172187170648,0.06838789956879289,0.1533976268825285,0.2699000430127556,0.3752212668178786,0.4554980174717314,0.517217106423441,0.5530846546507394,0.5558495564026491,0.531749607616841,0.4956672399715582,0.4428087268812404,0.3779415910771859,0.31365546688117746,0.2615353046778435,0.21194083385263507,0.16465401925756462,0.1229011134163955,0.08434744881596017,0.047778195861671216,0.005312508071887725,-0.040420894173993874,-0.09008581282537884,-0.14015014476129534,-0.17940064382293774,-0.19136891320014454,-0.17225115375480007,-0.1357036338684239,-0.10404889917444969,-0.08540256447351202,-0.07729718832264063,-0.0748758572775777,-0.07219015303838673,-0.07682132902169642,-0.09813432326836936,-0.13770276558539127,-0.17574684029852364,-0.1950341985716955,-0.19422141120729153,-0.17818399300425766,-0.1525151856272295,-0.11722860145013424,-0.07998569033158265,-0.05801762954036591,-0.058850926220702364,-0.08105011327824183,-0.10310412873271158,-0.06717433671369956,-0.016833212327059914,0.029947799009719146,0.08113401475590687,0.1299763633175156,0.17345884990993715,0.22210724495042128,0.2792113915653218,0.304574200781529,0.24878992097355415,0.1890295854947986,0.15313522283704886,0.13104352490034277,0.10593085446469941,0.07668481651861517,0.049897853885751,0.03384379015870502,0.025566901164861794,0.025722975575764903,0.03745987886586335,0.0536719991974068,0.06585004487669818,0.07019013176426475,0.07233507501134498,0.07869943151970912,0.08910667626004617,0.09848514003018796,0.10853210920077139,0.11762790470618843,0.11993636828795197,0.11179488200771634,0.09238553901652362,0.06837672985191375,0.053062628374254836,0.05788355642377103,0.07436734007498043,0.07646622251436261,0.05769106488510435,0.03465768505339431,0.01649609436312241,0.006929326276414408,0.00617801681408474,0.01387141797337961,0.026194822970555323,0.034212004316762405,0.016572150268326476,-0.049439601361032696,-0.14170561371076804,-0.19946993797355692,-0.20158544416964705,-0.17091815262009935,-0.13091658906384457,-0.09208585660543993,-0.059242912545212155,-0.03907223977787444,-0.03489163740645681,-0.041041230356915176,-0.052726728281759457,-0.06714055275360652,-0.08636572598596096,-0.11179817017251183,-0.1317774904077969,-0.14078812539172075,-0.1419751170273743,-0.14314959402845115,-0.1459297255286254,-0.14721477536721211,-0.13379772926607988,-0.10152391108750962,-0.07278423513287038,-0.05597303716277017,-0.04639804615754422,-0.03475992151519974,-0.02498887567584725,-0.02020890378519511,-0.02141178798832228,-0.019174379819351377,-0.013944006139158197,-0.0051953920090720826,0.01605722559645516,0.04822344330362145,0.09129261068295082,0.14277087613032563,0.1919090697986851,0.21813467027803002,0.21205704745825968,0.19662202956570565,0.19775884957485923,0.21220736808969615,0.21978989306394833,0.20824343788542624,0.1964233198659101,0.21074395345474092,0.26070791547704586,0.3227955641156474,0.37127071176753285,0.39831938992082894,0.4052941582457481,0.4018419634672008,0.39510920767254515,0.38422666225188057,0.35802348218216323,0.2984298072367054,0.2146209019197816,0.14603766318322536,0.1076431922017907,0.09252169554063484,0.09109497318908201,0.08223840355041734,0.0557788782941933,0.022546204185708855,-0.008173575047456307,-0.03338951788370863,-0.05160253127454567,-0.06581037266897173,-0.07962720236133347,-0.09845961830085397,-0.1238237925052576,-0.15159984857370842,-0.1758562108863272,-0.193176091802871,-0.20113051039636426,-0.20252291072995984,-0.19928778716222353,-0.1929414848342892,-0.18401013395981364,-0.17328020169775563,-0.1705697323077416,-0.18311523015697106,-0.20336899949813844,-0.2166533484345997,-0.2058534040150332,-0.15244997638852964,-0.059407189128944944,0.04405499167653948,0.11208117618525197,0.1365691503826949,0.1320153697870521,0.11957863884321107,0.1195981366712535,0.1455831239905254,0.1853073539521159,0.2177067134065119,0.2282561185099113,0.212867905638511,0.17087859829727262,0.11584003807326292,0.06675278014281473,0.027854855523001928,0.0037023134653226325,-0.00835818858154203,-0.012288968162596945,-0.009702370405627563,-0.009725675017516795,-0.011307208803629733,-0.00968097517789923,-0.00014653744411829043,0.012088566782355033,0.025532878923105237,0.0450778641047639,0.06768464387083878,0.07487858348338908,0.057055592025674395,0.032787088354133825,0.020413952559459728,0.03549490001329543,0.06729542660438387,0.09600024432481127,0.10890870225980492,0.10714157018563411,0.09304685227090774,0.07630160219405825,0.06851957406570015,0.07682095253796609,0.09160754624810102,0.10069928826120435,0.10317148205746475,0.099814510548432,0.0895850871730314,0.08044476124108618,0.07932574229972691,0.08530504724676642,0.09593343513722916,0.10419844217988727,0.10323730884320426,0.09204703798502038,0.0815450022219548,0.07667967600282899,0.07639086721619891,0.07968807260930183,0.08089978179287872,0.07364170674858657,0.05950891625251321,0.03930976633928351,0.015020782481885717,-0.012143562398451543,-0.041409760347347724,-0.05897688025533223,-0.06747230675506323,-0.06817804226854908,-0.06220931076046266,-0.052238904647952694,-0.03645444044416811,-0.021535536555178505,-0.012337050205059472,-0.010843203911910378,-0.00641614527612635,0.021314563193382093,0.06525828730581598,0.1030696178159169,0.11575996280029816,0.10517826306498337,0.08319889617917343,0.0515797044096765,0.012502925904972893,-0.020247114254197295,-0.03314030344287731,-0.035781836287060526,-0.022341088686307933,-0.0008398620089915426,0.00899003560452002,0.01137076765085707,0.010220776889571818,0.005153927567588647,-0.0022552445771374372,-0.009236209473006097,-0.013930375210193559,-0.017550628280357198,-0.021438178762486545,-0.022255545963332027,-0.012058486635593977,0.02051915057888079,0.053592347611743904,0.05443181733233571,0.03370678270366381,0.009434754393778468,-0.011515820826408209,-0.027017319888589672,-0.03860608457057257,-0.048261270226666264,-0.05918580179183793,-0.07651446695644457,-0.10313682098998689,-0.12285704332811448,-0.10760822044574858,-0.07867455210685433,-0.05058549636919772,-0.03319020479050616,-0.03583554581628452,-0.05837495673332285,-0.07497283371987769,-0.04064751208967659,-0.01612990818598445,0.0009688823791750705,0.013867251446990024,0.02443529627381877,0.03165451188811989,0.03418598247035958,0.02941207829730258,0.01342589228758343,-0.00936721699595196,-0.029954952616537953,-0.03270335708489381,-0.013738766981485276,0.002599110453460175,0.009704694639417477,0.00964570906112635,0.004483184963872884,-0.005557201624164146,-0.020793995107992385,-0.050522734344783264,-0.08473734318651302,-0.06835874710826442,-0.026446187079767227,0.020514934683474994,0.07081270208076891,0.11798105199374004,0.15305065512759003,0.17910415717997383,0.20389223704038537,0.2290644216785538,0.25205117646775854,0.26979214801835066,0.28274265206894694,0.29279013748867655,0.2936637529664851,0.2848099708385678,0.2708963384918219,0.25232588229935865,0.22545652067748162,0.2016936177105395,0.18697018627297413,0.1777363583014994,0.17280170626677746,0.1692907420108296,0.16407835676998814,0.1592029508948345,0.15542824022884108,0.14585590397013154,0.12329532507958614,0.08531943664641135,0.04582414036766006,0.015954919679252305,0.003745797800704756,0.006400564999405222,0.0103228022413795,0.0038669223902076904,-0.01463375953387579,-0.03001903342348127,-0.03774094808571769,-0.04055194404970944,-0.03871715579438207,-0.04296842597237047,-0.05409740958444389,-0.0690427281563641,-0.07580209048518942,-0.06997458618653815,-0.05392229140788057,-0.02202915231497266,0.02850032363370511,0.08160072890024446,0.12317534870160105,0.16117299723323592,0.18698036231889456,0.19613159122968873,0.17205731563145693,0.11122519632410335,0.0441818349536453,-0.012564011994426038,-0.05210371694723611,-0.08089040149984353,-0.0919391427174142,-0.08952838663862031,-0.07534024181515442,-0.053353758974114596,-0.021535460955711374,0.015737794082214596,0.05796261030934029,0.08933358125157592,0.10470199095198802,0.10604867346805884,0.10204528262067653,0.09642283247286784,0.0885759178885489,0.08133915601968819,0.07364911806061585,0.062208789457566686,0.048722577929834636,0.03726976093710649,0.03199698368596158,0.033338531004988896,0.03459069945948336,0.0337841003836289,0.03483018235050844,0.037048672329367066,0.03818833877401677,0.03240384848619868,0.020070916699030956,0.0016792604688859827,-0.017699135150460787,-0.03186572149149877,-0.0390557152848305,-0.04658854531972795,-0.06154802853059343,-0.05846698436709263,-0.03404525348999704,-0.007141202117877966,0.016079342552586556,0.03484952409557074,0.047798083830787826,0.055679597442943825,0.05431053504027069,0.030304199587064817,-0.04440159013078497,-0.1801498921761759,-0.31509834625960775,-0.37677048143544134,-0.3817125497285411,-0.3512541930487104,-0.3036693687432301,-0.255096726379845,-0.2127083718315886,-0.18597570745257502,-0.17545523773419636,-0.17365093120140282,-0.16982569181928156,-0.15717923011841436,-0.1390831604426125,-0.1203825800850204,-0.10320804322563613,-0.09440389659153817,-0.10150974020952969,-0.1183905399126712,-0.1325200217192899,-0.12750085697282654,-0.1055282553722263,-0.07342920953898045,-0.03716998754792438,0.004209229175848111,0.05328659450666178,0.1277759818250578,0.2095389602729746,0.27781325127918555,0.31552151853957133,0.27969856250063835,0.19959270063164022,0.1310376152494857,0.07622494566520109,0.027721104100047196,-0.012056222412606656,-0.03212502706646634,-0.03402092439054003,-0.025629821659198658,0.0020403672582101954,0.040093511509505755,0.06646867947428628,0.07396180764907556,0.06853751209312867,0.04971490936484932,0.016221550988073874,-0.03606388669316792,-0.10405479897401892,-0.16816905230790244,-0.19946684042079554,-0.19582128223054313,-0.1694204066713392,-0.1356947655409264,-0.10940226107824066,-0.0937382432183854,-0.08705174452805202,-0.08531166882686154,-0.08259670888435229,-0.07834908033530141,-0.07820940384231001,-0.08816991933181806,-0.1040297996817764,-0.11118085395177413,-0.09864723702030848,-0.08355068599061424,-0.08167696241305418,-0.09369921130762968,-0.11357979806757937,-0.0978351991053026,-0.06058574443581416,-0.030435496913861767,-0.0017465449059003142,0.02889463344565098,0.061890266552642126,0.09740309184339416,0.13284632556716747,0.16343551931579756,0.19021039652508862,0.2154842965315642,0.24147810719994856,0.2642542533005788,0.27587077608769306,0.272430286115352,0.2641959208422083,0.2618168840595823,0.2633799803198479,0.26535578925850434,0.2673101382710097,0.26765070922576223,0.26938503843091416,0.27656664389888913,0.28970103546535053,0.31165244612730175,0.33579102310799613,0.3570068256379555,0.3742251353970817,0.3913805384476366,0.41271456274647883,0.42596649730983654,0.3950548822828276,0.32237506970152063,0.2428432162816841,0.1696193713660034,0.10308239844646525,0.03781460457481924,-0.026590685720482395,-0.08911705110423868,-0.14215719367860405,-0.1783912989016931,-0.1990482305032552,-0.21654735499035663,-0.24099604120548918,-0.2738135609096328,-0.3100075386881209,-0.33323333330517085,-0.3251408906468915,-0.27600562755063646,-0.20733242690151363,-0.14975568237698783,-0.11499029253404443,-0.09380763711606496,-0.07503697506143675,-0.04903150642527852,-0.01461622981947548,0.029225604358600762,0.07044302411498334,0.09497189674719693,0.10242787005705191,0.12078856428240446,0.15867489942286184,0.20543616256530697,0.23851808240557446,0.24345592119398543,0.22887560047062858,0.2072713014527508,0.18529933734970908,0.15710894841437867,0.12472142974455094,0.09665769468700851,0.09025596174991159,0.1064330809069485,0.13321102101414423,0.15774073248708753,0.17644771656498298,0.18803705399389772,0.1616132479472008,0.07612476300692614,0.017721234783470735,-0.006430134272296865,-0.014656838989820224,-0.015957194889148145,-0.014708330219866634,-0.014344715615644333,-0.016047368265948353,-0.015611251258635085,-0.012944284804627414,-0.006527896748484211,0.004951785516374452,0.0208533916502999,0.03718816652456734,0.046784740679458064,0.04954624182065527,0.04893476327070948,0.043408607689649485,0.024253125570935556,-0.010159007781246553,-0.04666551232759564,-0.06705063882515143,-0.06618534731204168,-0.05082449842025803,-0.02618923506873236,0.005798722956425713,0.04661733364202668,0.08125230329337545,0.09008523846281995,0.06958906639793848,0.026460961885022845,-0.011187479063180964,-0.031160672847099023,-0.03362216582492971,-0.028306400992519368,-0.024325749966923195,-0.026765465107924255,-0.039870762939816305,-0.06937152508772254,-0.10385717956731731,-0.1350241836379517,-0.1530764326807787,-0.15658073224556057,-0.15018626678399688,-0.1411288643615662,-0.1358994151553404,-0.1312074931453456,-0.1245469805110974,-0.11266497712287261,-0.09452042300270698,-0.07587861722079538,-0.06311929886384161,-0.06570817368555176,-0.07958399177924036,-0.09612872760391161,-0.11130520929903777,-0.12265154362190436,-0.12538918690934264,-0.1265814894871066,-0.12711014930157377,-0.12403956977927946,-0.11399117320416424,-0.08920042788738196,-0.04513713891048557,0.016417306107266254,0.07906243852846827,0.11838620319863166,0.14328781468199192,0.16804436035853731,0.1932546139619063,0.21537686271916173,0.23467731226089816,0.24737316138453894,0.26177667682106576,0.27349554193833503,0.2825599574165113,0.289585317550908,0.29365335550657934,0.292493242481227,0.2929982198178524,0.3031836723201241,0.3144194009286062,0.31639288114484326,0.30566796491475756,0.2863571790472856,0.2618261554332516,0.2299680956851017,0.19500919711806303,0.16695543027507173,0.1490466540149859,0.1302027353155974,0.09785504006037142,0.05283907766160971,0.0014751750237294821,-0.04426980413802687,-0.07592110942955847,-0.08768199716543038,-0.08261678034078535,-0.0613843302590742,-0.0330167776605921,-0.002995148888347346,0.01774565909863759,0.030249004330077323,0.035619049349093115,0.03813534760722498,0.036748872201383134,0.027845364056392197,0.0009491603436404525,-0.052959104912319525,-0.11831767024331144,-0.18043782149217694,-0.21878699805060933,-0.22188474619473547,-0.20211526235198668,-0.17198302331442772,-0.15048106186372062,-0.1476629300533514,-0.15953055974495758,-0.1780422608984515,-0.19330641637030177,-0.19833862237345798,-0.19229271724311633,-0.16851489497251274,-0.12464643637328435,-0.05007518240774746,0.031896071148177545,0.09386974153223958,0.14516841863875093,0.24131692122409834,0.4404721917195384,0.2328552256749792,0.16985683362246665,0.1689344393981594,0.2148029743833329,0.3267708922866611,0.4365196471423266,0.3489185006712125,0.2567109778991798,0.20023246903776815,0.1585156032108868,0.1246938145035528,0.09779946048026425,0.07578155028180622,0.059816206365012246,0.04919480622407385,0.043039478370769435,0.039265063657005043,0.03799593447991012,0.04422750319683012,0.06338877464170464,0.1036548174172768,0.15003339336954225,0.10018697338038933,0.046192092216230905,0.01656800063467458,-0.0011195626354590339,-0.013377692552306973,-0.021441336839171574,-0.02665748015982086,-0.03248561068129894,-0.040904177779122954,-0.0527506621354357,-0.06763243906883486,-0.08709116105197541,-0.11694331596502729,-0.18211977050348388,-0.3405736332735247,-0.1737779429694228,-0.10056480087372506,-0.08506352523779966,-0.09013893936174852,-0.10582701040654946,-0.12613686922369158,-0.14294224336190017,-0.1446250224521743,-0.13165810561157607,-0.11245276088826799,-0.09860946440126285,-0.09212863171916204,-0.08960970714611939,-0.08826855862477452,-0.08609746385790382,-0.08068590680499711,-0.06817732751962555,-0.044293286619464974,-0.01566053737630757,0.00996694906555157,0.02633043365178426,0.03637854744661329,0.041978008561158575,0.054216769301615585,0.08361722979844083,0.12434056023946169,0.16457599486082086,0.21220922178129067,0.26486107550963917,0.32455052398389383,0.3795907994244504,0.418007533490772,0.43471603923135244,0.438229843822648,0.4333345674696525,0.4193773896395826,0.3865798084350427,0.3400131644601256,0.29208468214836336,0.24857442915140202,0.21964863427717674,0.20883905707619402,0.22165874268059613,0.2608090959660573,0.3259212114043156,0.34156044519679474,0.26201879486471885,0.22726011205266783,0.2319016198212251,0.2507517578972693,0.2690504016624926,0.27407853059393933,0.2592691798694117,0.230103105770842,0.20050376966526876,0.18105679195317947,0.17266261179045947,0.17622439364433298,0.19170735169611508,0.21245406704819292,0.2312375383623137,0.23758831996640942,0.21802515823620625,0.1712676965031744,0.11684135750354957,0.08098475299585434,0.07376336302094312,0.09804215680808027,0.13498850971618875,0.1645704519184362,0.16581055419509744,0.12803763233071597,0.0609792267853099,0.001290626555851235,-0.02448680755862306,-0.013986448966734276,0.024296610458348536,0.07498642763648226,0.11770188480620512,0.13195820347574658,0.11228544324857995,0.07006346429087158,0.03239499292667851,0.004742165620304982,-0.01888821879145567,-0.05030473525709641,-0.0948419744139273,-0.14284291389629356,-0.180603717839221,-0.20638015711929733,-0.227739609892023,-0.23215797227309362,-0.21640375341779455,-0.19876452778041775,-0.19274479884243276,-0.19236920116568848,-0.1966502586249472,-0.20540235206797522,-0.2141732311871686,-0.22035898328421216,-0.22875962377862935,-0.22370456113332196,-0.18651761664610825,-0.14729311160068823,-0.1291711850806388,-0.12817138744845963,-0.13673296155617964,-0.14088451206654837,-0.1284038503609931,-0.0957484294229337,-0.05885919689885586,-0.026975624971636306,0.0006936887406135964,0.02265292480897107,0.031368819520275225,0.038577592912629514,0.05553031922525212,0.07894994396447906,0.09454473296939854,0.09269129674830866,0.07473083613216105,0.04500045720563647,0.017437077487528315,0.0028797019802536583,-0.0031253049059537636,-0.007472582400498675,-0.010482173235721206,-0.008506323039585735,-0.0007818323983095369,0.004490377262951643,-0.0027115188401019594,-0.029371983843060775,-0.06318377437817363,-0.10001267042093061,-0.1321915284171825,-0.15759532791226843,-0.1719271042849947,-0.17174236205509497,-0.16638945938500566,-0.16177649248243905,-0.1464649174304493,-0.09855606593382599,-0.02163947652297223,0.05334032725981601,0.10741456599223952,0.1458709800112052,0.17316821148748984,0.1908373992261809,0.20407325550062957,0.22305948151001487,0.24119070252975347,0.22743611625511873,0.15876086610588097,0.058212385551294335,-0.03877865643920853,-0.1124813133880472,-0.1432713928963687,-0.1194895826914739,-0.05193065084406893,0.040480973092461084,0.14201884729485248,0.24475680367696312,0.3525431035540306,0.4906708649649233,0.6650665087789347,0.42453090904300944,0.21473707505070747,0.141492704917875,0.12930572389890063,0.1801289584982704,0.286984114540136,0.1694912044406392,0.12299788647989354,0.10714899131403048,0.09820142314560285,0.08968353711855549,0.07415922844427905,0.04509553018148463,0.008884934979660315,-0.020088215982737457,-0.03505510816576518,-0.043456450501231786,-0.05874843100106371,-0.09160770360217241,-0.1371285887128396,-0.1793594585118751,-0.21563375330683304,-0.23711143235892268,-0.23575615985686926,-0.21611119938491866,-0.18976172957522597,-0.1679426159601323,-0.15168896326855613,-0.13386498314432252,-0.11377270272771448,-0.09525349303842785,-0.0779848228977829,-0.05971232977841813,-0.03588310756468181,0.003214914171527118,0.07799884904743742,0.21309277893473075,0.3770825093083022,0.411956661627076,0.314053708103492,0.22252881240976635,0.1642072000895469,0.1295361314727805,0.11195921846964065,0.114675591204377,0.13818733481873796,0.1699098016671667,0.19676767890685534,0.21219292942453616,0.214940507161638,0.20249492570427405,0.17991673421157173,0.15773832990326225,0.1417471642379788,0.12585186044425276,0.10902720689900769,0.09741424519251872,0.09455053019391621,0.1021598672721813,0.12012612535963102,0.15150257227196495,0.20434844249523984,0.27663583811776393,0.3400269095103941,0.35299561610944025,0.33825256873353066,0.3263137124465947,0.32072005409548754,0.3089205769691227,0.28362053197299897,0.24834232898448003,0.20792689138369855,0.16772007479603607,0.13235469830816293,0.10804051419403345,0.08720607707325666,0.055191507430169984,0.013256286497253444,-0.02170355019523537,-0.038908265241563544,-0.029778592155554496,-0.0035402085780561194,0.01591401600437478,0.01780750078702069,-0.0020620405170542746,-0.04078949144862243,-0.10035748276607481,-0.171721197354399,-0.24335757819989387,-0.29848833039959266,-0.3310806624329291,-0.3489525930201041,-0.35478618693148806,-0.33524067844703914,-0.290454464948571,-0.23620409754272187,-0.18380567346836352,-0.14760420676226177,-0.13129970574363092,-0.13224732997926844,-0.14104546330095616,-0.14900316074813857,-0.15299684556280618,-0.14891081020769273,-0.13442249780948085,-0.11793772318959467,-0.07399160234062409,0.018346665528465696,0.07408666173336956,0.08961246924516034,0.0930101419823657,0.09226759368197526,0.09036102795006805,0.08350177731111731,0.055810679801932474,-0.017640000566159178,-0.09401413127071205,-0.11683420359432974,-0.10726994493828985,-0.08380536921282498,-0.05866097169533999,-0.03667704931356422,-0.016662695507368874,0.005633012896598425,0.03345325137627951,0.061039740051915266,0.07919157354678445,0.08428635971996626,0.07626559555300003,0.05855269597331735,0.03913475901004199,0.027225416923863887,0.02693975726941771,0.03604301984824814,0.04659860972711488,0.05491118213602316,0.06252611699686593,0.07243243567034219,0.08214699958318053,0.08907405426626344,0.09115682650972634,0.08765666002372409,0.07492618592264003,0.04972780500321877,0.012802221852598897,-0.03190959691026795,-0.07792459622105458,-0.0979827011919148,-0.0842393276865395,-0.06370278698173713,-0.04605243227717384,-0.03265098447190679,-0.032638225197349595,-0.04959293595826897,-0.09083666410188572,-0.1334748392715387,-0.1444304746510935,-0.13055928522672552,-0.10720184839824681,-0.07443744899649071,-0.04480201839491431,-0.027824746678813735,-0.020443990878137936,-0.01923689078809686,-0.0156836270310358,-0.006866561118990383,0.00516645601577237,0.014340601370496819,0.012673191603660058,0.0024733606400857405,-0.013653824264521662,-0.031342080481535584,-0.04593987732007322,-0.052983632304992055,-0.05002725412959333,-0.041922124285592235,-0.034333835502668685,-0.032660934715214494,-0.03667552338600236,-0.04893918158970947,-0.06610522067862191,-0.0719158604310344,-0.05836793197352699,-0.03681958027197972,-0.01594684916158141,0.0008572470624436382,0.01674086276965045,0.035806766961298336,0.05864990507798968,0.08075423471898778,0.09361259152548294,0.0859466321254005,0.059681531381777404,0.02936185681993344,0.007272060936486228,-0.0008013637896841563,0.004002607313780229,0.016202314417199166,0.030901556966235793,0.047229623564505135,0.06528114330929213,0.08065405668578622,0.08902437765903232,0.09199944183197055,0.09642182703243882,0.1100409894457919,0.135256697438027,0.17229185266146763,0.21114303224554581,0.24422628841461053,0.26403776494974357,0.27531782567082336,0.28444795495526726,0.28944355159939467,0.28877427958101026,0.2788739256508555,0.26417022440612875,0.25278749253303184,0.24526602259929725,0.2396442881864586,0.23507379637149278,0.23458083419680303,0.24060873703272012,0.2515592256104414,0.2574348496269128,0.24695008245466551,0.22195899060444527,0.18071857525949897,0.12633128082970016,0.0684308795527486,0.018745719335398137,-0.010689135222227086,-0.02137677783246659,-0.02358146940508595,-0.02555453967476587,-0.03518453404815911,-0.049032812029172555,-0.0609116359272359,-0.07312252574788994,-0.09193024596067759,-0.14410903730780775,-0.30930318274760277,-0.2580883945710083,-0.1650454258795055,-0.13909804398977907,-0.14085810113958894,-0.16910463421495256,-0.23242299936109204,-0.31543808515234273,-0.3281745979172388,-0.2881290460448578,-0.2504227754440117,-0.2096003087790804,-0.16919110234555598,-0.12962218713749143,-0.0883182507250144,-0.05905560576696589,-0.04402135993916366,-0.032874044638983774,-0.006150945109955992,0.03074168481468201,0.03802983561986108,0.039197333876211105,0.040040030102009704,0.04339304388555832,0.051493914284567406,0.0687009537111453,0.0913503186068497,0.10776976070847087,0.1065998645803926,0.08578043282616493,0.06206469477724143,0.04788010710563137,0.0356376438333591,0.02430598856260442,0.007576146772687763,-0.016457854169386662,-0.042675259416790734,-0.05309928094560227,-0.029252427061023416,0.02219613852351391,0.06331329709259276,0.08048994739406982,0.09130419907147233,0.10697659169008841,0.12799914007567653,0.15070477579870675,0.17062861235725288,0.1910693485509316,0.20677759083101696,0.2120201863710968,0.2001201824727802,0.17178091316305194,0.14195299707635467,0.12359571971128305,0.11993604620336736,0.12587492804499564,0.14265307534399185,0.17116014062860635,0.20523389523244473,0.23338733202051398,0.2484899855693413,0.2522438204194615,0.24612667624262874,0.22768378130475322,0.19616796016300037,0.15864762003735078,0.1262488305255011,0.10696457355789732,0.09921852201093784,0.10179792859170698,0.1155423183940082,0.1355882839057936,0.1289420380983831,0.055355269963748246,-0.02574791045858768,-0.08632224310047902,-0.1373179821887776,-0.16941980605928594,-0.15311191664192245,-0.08836704959003318,-0.01782860799368926,0.02633624750423034,0.03176682176892963,-0.018897555789153593,-0.09582600609985042,-0.14502497746463622,-0.17818353696041833,-0.2154129178208393,-0.2639614931943559,-0.3231011914200573,-0.38522818699248473,-0.44036194310780535,-0.4707197124743421,-0.47469744339816833,-0.45662227852214854,-0.4218821086934735,-0.3780965720250189,-0.34152994591883445,-0.30943888685229515,-0.27267983947815716,-0.24001777038461475,-0.21223589342245622,-0.1875564816775054,-0.16213964138290232,-0.12820254458728186,-0.08751986872962488,-0.05059620346331827,-0.018062449548584863,0.012700934630218189,0.04754101459150627,0.08460948791604514,0.12648842138296557,0.16863578798396808,0.20918046283322822,0.24290346620183909,0.2736684726034303,0.30400026760573146,0.34414701850887697,0.3937805805156667,0.42545328061616094,0.43177157971535823,0.4204070667165567,0.4118364234800373,0.4107236913763789,0.4173249527885932,0.4297752749280272,0.44371893007048746,0.4485937109490203,0.4349851406585342,0.40811792192358504,0.38248166086868035,0.3627853927048773,0.33753596335191177,0.3046646028915417,0.2743102303154264,0.2521981554256498,0.23056373892660928,0.20602841513300763,0.18290968462875096,0.17302850578312495,0.1846570413470676,0.2153324641340613,0.24807692608132104,0.27115561024576085,0.28574641099049786,0.29209185395671194,0.28934758063767424,0.27875794505910956,0.2675995563620992,0.26362253822336174,0.27298297800222854,0.29749420733740856,0.31018557629412363,0.28902513047506845,0.24221302486332344,0.19456084727389084,0.14906011679075662,0.09829336836704645,0.04656004754029129,0.006617298834790186,-0.001005785220119366,0.014207977331378352,0.027487505381090602,0.016448928958566932,-0.010299137498398182,-0.03408012003684067,-0.04772138680752063,-0.05299959104451541,-0.0605733306403704,-0.06693760896538735,-0.06701765654557804,-0.07127426000021667,-0.09071895683090414,-0.12549010137109629,-0.16245234004803488,-0.18154048298164358,-0.1740226352447265,-0.15218534904095143,-0.13336652273065125,-0.12477132446133955,-0.1229617445513392,-0.12596147812141462,-0.12223097681611862,-0.11307056241159666,-0.11180629408381425,-0.12264048827287014,-0.1413103123908854,-0.15488158388177914,-0.16051264488463848,-0.16482392229645237,-0.17083985711516356,-0.149819478858244,-0.07646169984827109,-0.03311004455762184,-0.014773914509781338,-0.006136941948401654,-0.0010467094211240584,0.0021985531809770582,0.015481332394410848,0.03418220969725097,0.040755817268606734,0.027835298516022556,0.0030769266873231335,-0.02343176464571696,-0.04622563730461844,-0.06160718812857487,-0.07083311750479598,-0.07783869264092291,-0.08477002439475519,-0.08639855215817646,-0.07354993015529175,-0.04853631319628333,-0.03906497561026349,-0.04504928452204008,-0.058055158951507264,-0.07408965210110278,-0.08983558322082283,-0.10324433966854732,-0.11470513750443448,-0.12623836366289154,-0.13686185211643764,-0.12479230426772367,-0.08316003115448822,-0.01743012188939006,0.07109180082894716,0.18108347880992962,0.28739965352317454,0.2975911314184156,0.2397310150245767,0.199583709397488,0.18171039685383455,0.1755326996775276,0.17538223539915582,0.17894061291829294,0.18216395835320837,0.18313183580741993,0.18496072049564183,0.1891991159703665,0.19127662004509818,0.12963686692780657,0.024418416428730973,-0.02687130241554366,-0.04929206077801998,-0.05531092385853311,-0.04718553087328049,-0.02759533634204688,-0.005407670402210582,0.010275570252499118,0.01345874754324619,0.005413581492441328,-0.006078924570594189,-0.011248557365054855,0.00036765145039575095,0.02976963017217122,0.06757239565110502,0.09625495778360289,0.11265484823466472,0.11842887935284482,0.11149047619556292,0.08887724986401396,0.054371909880486846,0.014917722191878296,-0.00951893864259081,0.01040356331083829,0.0888468727277169,0.18139439556226772,0.2314600738136383,0.23434338704056099,0.21164754048442577,0.17741352175847044,0.14097503714859297,0.11957805461819297,0.11492516857207093,0.11300811684207356,0.09962040719425949,0.07618273151297102,0.05033616092824294,0.029694816809006413,0.018084470056055076,0.014673899248063038,0.015377302454010295,0.01694585447789524,0.021638235531782946,0.02864360025978471,0.03637316366618644,0.046770476099048455,0.06035314379368172,0.07318343671738894,0.07759711997707038,0.07382479471735968,0.06571632082362085,0.0585878721586219,0.053036127015271516,0.0504034037425666,0.050424144207952395,0.05352681023121608,0.05384033913172082,0.0448286329073943,0.02930449147058617,0.023900881818571796,0.04368886462276558,0.08443623643539998,0.1257353821587352,0.15447134122299885,0.17322432798337783,0.18379899538382077,0.1936284563978285,0.20235815836522864,0.20611482679447302,0.2058109021627073,0.20148036190123517,0.1908312034515259,0.17843658815140073,0.17113853889027217,0.16308095393276845,0.14647703934893974,0.12151132308453279,0.09309448205755434,0.06827998459457517,0.04298300020163912,0.020298255754715697,-0.002798891379078942,-0.028157940297670644,-0.047717759326179984,-0.05690054512804729,-0.060153473162731536,-0.052259100941620944,-0.03812124396612742,-0.028480571256624843,-0.03578954559310156,-0.06605762945472482,-0.11496210589136016,-0.1636099656662295,-0.18333906358563823,-0.1766926558772907,-0.15005971627861328,-0.12116500563880037,-0.10338887536097029,-0.10097837740500996,-0.11976020021650499,-0.1750622993106311,-0.15810381913127958,-0.08660946914243456,-0.05892680555738086,-0.05231303951758755,-0.05167839218975778,-0.04829034289335021,-0.04381012621402898,-0.04562131250288628,-0.06751441455234489,-0.11862459656647648,-0.16086122608377723,-0.1472779447500027,-0.11259452957124466,-0.08646592322326106,-0.07281090283687289,-0.061135931981554266,-0.037482643699731755,0.0011419723849438988,0.04626285125978876,0.08163739978063664,0.09786832423043987,0.09504526924109752,0.07626700907338681,0.052555444802316366,0.025927643982722223,-0.0030995897660281257,-0.024972825291149317,-0.025340573330752122,-0.0018287121832880086,0.03179885822110686,0.06718730309468968,0.09306776786005602,0.09797524992288284,0.09505891322568234,0.09074613134724767,0.08223659310245003,0.06770205667792045,0.05001285925108817,0.035412214313452046,0.027466085335003408,0.0221293697728766,0.020198064918646775,0.024726442625967567,0.033768768063061026,0.03928686738578096,0.039337875344731786,0.03711940884968238,0.03376135612397678,0.0269748042448596,0.016435408253517594,-0.007137043506836606,-0.05742495241616694,-0.16072672499672702,-0.3271240456370219,-0.4576202293820861,-0.4872438679587463,-0.4710270974874143,-0.4354277667936183,-0.3905054673274143,-0.34297700952440113,-0.29331373000029487,-0.2418850793947548,-0.2014372765971636,-0.19108499623697559,-0.20353982479367563,-0.2063429999649868,-0.19630742045313102,-0.1781985836158974,-0.16140497445765145,-0.14978379372713377,-0.14542527885840142,-0.13606413556368538,-0.10270950973765473,-0.034663847885111364,0.04138238899138422,0.09531958743325727,0.1205606282642168,0.12143166578073482,0.11063801963231522,0.09478987944222403,0.08462895659705848,0.08888181300277274,0.10922486158527107,0.14980594955021484,0.21216323460833816,0.2831312065648745,0.35104813864909973,0.3981453565243108,0.41782871942448246,0.4228891322003261,0.4200404587283394,0.4177098371721363,0.4109333211586437,0.4053130684036885,0.3822005111254839,0.34411556273320076,0.31493994031742356,0.3100043230299502,0.3257714863052976,0.36488079011027863,0.420604469132722,0.4745997002025844,0.5033141390938831,0.4974729872097849,0.4582693199818242,0.39865731811264393,0.33807678731556096,0.289580722528303,0.26395052782629314,0.2625107574658386,0.2836493528152996,0.30996072592996454,0.31787216840001586,0.2941279503200651,0.250574632434642,0.20768814569124605,0.1771481667803525,0.150918679055142,0.11844040927976203,0.08571768861253129,0.05839243180409682,0.03955987061322949,0.029068123569873924,0.026200320085028067,0.028462284037271204,0.03920794119665861,0.06330752023860099,0.09788550862848334,0.12272539419862448,0.1253519877327567,0.11475524435375942,0.11278665357080986,0.12444211714809204,0.1359198833380062,0.12515662903734878,0.09143879303647495,0.05549922655557316,0.02599912680563916,0.0003678985943522403,-0.02301495041658167,-0.04758496546744608,-0.07531702847995708,-0.10395375467620996,-0.13189972496910804,-0.1492214997429361,-0.1439624894057927,-0.11975948775244286,-0.09271642640845479,-0.07882306449771943,-0.08692705388325081,-0.11942495844560798,-0.1635657404075864,-0.1888609878965905,-0.18705865186602585,-0.1695588768075398,-0.15458019944550055,-0.1438597249717881,-0.13730440308481193,-0.1357246538690859,-0.13904379925860286,-0.14477099890163853,-0.14962745893905477,-0.15438058133791402,-0.1606084726810049,-0.17101485335978725,-0.18748406889336436,-0.19706748414938285,-0.17435665186673807,-0.1161126583586964,-0.06429622035133317,-0.03524288547806508,-0.02311867111266738,-0.02446500711553763,-0.03327139984148048,-0.0441917975712557,-0.055128187833360855,-0.06169411228018475,-0.062208579641652696,-0.057737925163837835,-0.045594021413955195,-0.027664299511284587,-0.008643945922998185,0.01317070226440439,0.044387118547435725,0.08575464171399634,0.13697492887876847,0.19564899610051092,0.2650924592614565,0.29423335098920544,0.22075962350472236,0.1514745398051275,0.11630337276558575,0.10810088083576251,0.12522818099950947,0.1809008292958835,0.27937149711797127,0.33702077027470045,0.31732808553688957,0.29324841875932783,0.2835049160516693,0.28472214397310636,0.2928282427857576,0.3025891925427058,0.30099983101147215,0.28346030263816235,0.2533021791573723,0.2223206718938746,0.20362921526031738,0.19626995219937926,0.19140937324993845,0.19674744202877034,0.21015946000985386,0.21690669848152683,0.19286988873622563,0.12325927880701786,0.03279316425812379,-0.03495784909293384,-0.07530351820606065,-0.09157796234042796,-0.08544619546643603,-0.06189436274117756,-0.032422370916980324,-0.008661118629566299,0.004036036484209327,0.0029293011454295604,-0.0020913817277660555,-0.00489856907622092,-0.002935362189685331,0.0002306152221689134,-0.0016872229354217433,-0.008290464063725914,-0.02280189453810346,-0.03956106991826057,-0.047255182296127504,-0.04436948972740862,-0.03508086067756628,-0.02946309068364593,-0.0360229266195319,-0.052468331380448215,-0.07653012931271287,-0.10257369962989649,-0.1181905416391355,-0.11618650214382858,-0.09286670772681038,-0.06599225458435846,-0.04916359574259688,-0.05376057095058086,-0.07574540930536032,-0.09389356229395954,-0.10061886711045025,-0.09829922984815705,-0.09140694805490528,-0.08378383706027333,-0.07441608742993126,-0.056683594171439144,-0.02052461505200064,0.026445368854921384,0.061355661341204834,0.07859091964423237,0.07724298626925288,0.05519948092342289,0.02175551152326977,-0.006298491928065768,-0.00681737363538627,0.0316733919527036,0.09337025106632546,0.1497840325494645,0.1812496951867818,0.18659907094407452,0.17853852113969565,0.16417497888483204,0.15675058183575896,0.16357667873260368,0.18702375951395572,0.21313544169040652,0.22173962206004771,0.2010742620649117,0.16164034971113928,0.12185700397463782,0.08833259139310878,0.06187229811601254,0.045813797104971764,0.03822153850439723,0.033284383078924985,0.028356883241553086,0.021877758545752544,0.01611237184268125,0.014631762124485912,0.01329144365940726,0.00020661521401049414,-0.03453033077149549,-0.09706892443251601,-0.13903065809515022,-0.09653260516355289,-0.02658906758303733,0.04275315625877308,0.12783009346209762,0.2010044858650692,0.2057099562527738,0.13444321067474624,0.05030910371281868,-0.014344703543655588,-0.05815847957998146,-0.07932024869349265,-0.07644593698532272,-0.05872873714968047,-0.03506970592572732,-0.01398091397419638,-0.001082847538157341,0.004990223515707265,0.005764207694587757,-0.0029467960457940715,-0.023654275746916396,-0.04924530021881866,-0.06395432109019493,-0.07196042755177917,-0.08101617032841307,-0.09310285949385289,-0.08695885216370579,-0.056253253562279,-0.04456608016112553,-0.047950761530918366,-0.06497781851359086,-0.08305719071211261,-0.08245660711128946,-0.0715277786481092,-0.05805067734858992,-0.04187978110442807,-0.02519402430229234,-0.009027641141125406,0.007102247945340813,0.026521324755623774,0.05563961911411557,0.09402359302023618,0.1322260445006555,0.1581621321809552,0.1664710051401647,0.16464760618607746,0.16010315431339858,0.15330693792580108,0.13734417238440474,0.11399046745860798,0.09379995824742993,0.08168390623948119,0.07472011865107937,0.06699522591440894,0.06113779673864856,0.06331685549185809,0.07505664164913119,0.0942372808493495,0.1180894283580468,0.14309522007140618,0.1631417410908008,0.18642933044863533,0.21068134419455178,0.23269881465809744,0.25009911227071346,0.2535658436880257,0.23768711951110602,0.20651840125249776,0.16851715503831602,0.1348891854706976,0.11563140774986339,0.10541680189959933,0.08082684824610177,0.04366640761134673,0.012448405861282038,-0.004228302227696605,-0.00912085225058776,-0.0051041859674594335,0.008776501415287519,0.03182596390606149,0.06802951628260008,0.130375329574851,0.2263661424877963,0.2528742280205755,0.1684496705236081,0.1033621543294446,0.06980145686347124,0.05654260782906227,0.06014645310071582,0.07802947451363237,0.11270874547044178,0.13965261141094729,0.12370188750739836,0.10705826841438226,0.09842975076432585,0.09341021487970912,0.0883073794585642,0.08225801892141209,0.07230413129475212,0.055766659044718496,0.03581179422348949,0.013879632555780924,-0.02057786792528404,-0.0781897486832841,-0.16071156142253473,-0.2520832136764944,-0.3242308432705336,-0.37342760814259246,-0.4111177927373443,-0.44464118139751224,-0.4713249194016096,-0.47327030751464805,-0.4379857112008187,-0.3815512372696134,-0.33016304192213547,-0.30195012195391785,-0.2985496032207115,-0.31753737810204674,-0.34707854390288695,-0.37941903287531337,-0.4645887470123774,-0.6885069284535171,-0.3278727359891026,-0.14168087044449654,-0.07554047054420175,-0.03976917961664394,-0.01246610934762732,0.014646181816122596,0.04278163575149326,0.07381998027098012,0.11491728287400321,0.1750885626838718,0.2541188223408804,0.3177848737461203,0.35145502076456003,0.3752060358084066,0.39921697722274657,0.42314516808972585,0.4427967072798365,0.4522497739615452,0.44455637869331105,0.42174133650023815,0.39323625301294773,0.36710845547872206,0.33889629791495685,0.31221242643864583,0.29587136391657015,0.2925049449909879,0.30467465586781883,0.3285177205315514,0.3537526991710061,0.36052386888937554,0.34241696587090764,0.30305615846422584,0.2571704889805822,0.21666860131533514,0.18908948480615784,0.173980575023308,0.16918813709480224,0.1664777717415369,0.15840793755196012,0.13804061093280653,0.09901053832103192,0.042829707389767754,-0.01605742867378144,-0.03421708454028364,-0.021763101868026234,-0.01750118786704487,-0.025640423553185434,-0.04340505865767284,-0.0616348817265578,-0.07747119975714509,-0.08690935731455128,-0.0945405579189607,-0.109547401860642,-0.1265251660125344,-0.14254313158407347,-0.15600203063447898,-0.16733380173540652,-0.17828667747537555,-0.18205183560800425,-0.1717939584872534,-0.14760181018475382,-0.11520551019845367,-0.08651937372963119,-0.06389478132254373,-0.04652517147996467,-0.046332265244532815,-0.0738924027512385,-0.11488735554149748,-0.13822840463522518,-0.13059578791595614,-0.09648388278254631,-0.04881765241039116,-0.0014119886647985375,0.04589088540819433,0.08166889057481826,0.10575984390187969,0.12348565925017395,0.12483319957034024,0.09322335138479215,0.04106629532716089,-0.0024229097554410487,-0.011738292889020853,-0.0021161990786074656,0.015233705224886507,0.025232129499313288,0.011678445691889238,-0.015559224458544322,-0.02772951598758238,-0.00982207087615243,0.044030013225131226,0.10773426328350465,0.14016954614089377,0.13425762523801454,0.11025500916411655,0.08333781111093641,0.054670582668728145,0.023821142348156736,-0.006696652858402723,-0.03226159767245992,-0.05071034954194896,-0.058984763353425326,-0.051825159190601974,-0.027714072182375597,-0.002302253106677758,0.015238745288772873,0.02153714899754326,0.014988037839444085,-0.0013032792096575366,-0.011295431802922216,-0.0023072531118200263,0.032319230223582386,0.06081172351118075,0.06287097500076513,0.03663458455103901,-9.848884977059574e-05,-0.037350621140037316,-0.07137952152541369,-0.10008617205476697,-0.12642995939646742,-0.15466568229107705,-0.1823496506349532,-0.17451492670079494,-0.12378171866312014,-0.0899453862111419,-0.07743071322737798,-0.06949288415060037,-0.05888327565549836,-0.043553587400523494,-0.022905861229744265,-0.0006630803014774461,0.016622269647485616,0.026796915804541445,0.0322546978384708,0.03521477142760759,0.040378453379980535,0.04996029168200026,0.05545102296040405,0.052181591673988274,0.03975336638467557,0.016459578131129655,-0.019465375007592215,-0.05635733574160792,-0.07133497138545528,-0.06522040425502199,-0.05003284015188739,-0.03455531982299701,-0.021922813687816484,-0.017673003379962363,-0.017039053588092577,-0.016812692028511267,-0.01861200771327546,-0.020763643889857693,-0.014700827890168718,0.0026751250723938383,0.02761658521821448,0.06118304586114663,0.0930903174006568,0.11938449847137285,0.15255074510364625,0.21116866047239452,0.3043793968191636,0.41100020406963633,0.48961007555909014,0.5032689064670471,0.4504201810568564,0.3540261533661209,0.261561635943646,0.20116773794088535,0.17754540149204895,0.18741000322216503,0.21498292575790867,0.2445197404720443,0.2641712867184228,0.2653688779468749,0.24919835255864106,0.2325755549387389,0.22140386755527866,0.21589640635464313,0.21542179781805523,0.2186901901740885,0.21816600398931818,0.20720926699441908,0.18226144019199692,0.1523023615069447,0.12478611328265453,0.11251933072874704,0.12094993021281888,0.13257781728192908,0.1177759858023283,0.08019292475251513,0.02998441340115365,-0.03449083768562079,-0.09075257991113422,-0.10285767645230012,-0.09075139107097727,-0.07591452694939639,-0.06284174791505656,-0.04459955590800585,-0.020875332400972998,-0.002032547770208418,-0.00013837822262489257,-0.01539571907044781,-0.03449850810166352,-0.043316684513205896,-0.036845280235908405,-0.021751691507252823,-0.011516848300999983,-0.018081852864243773,-0.04957071124206566,-0.10281671116509737,-0.15374416404197966,-0.16750949718114672,-0.14915346644082178,-0.11131310429086423,-0.06532778892668525,-0.027844621686065326,-0.01346891361656572,-0.02684008265141342,-0.0561647060533967,-0.08353894132575933,-0.10088915676699765,-0.10373353920155313,-0.08632367310821899,-0.06321867697986525,-0.05227419085584043,-0.05725036411353363,-0.07203992986916095,-0.07774577489075685,-0.07450190840420809,-0.07013625167073183,-0.07215388502642578,-0.0872988177797618,-0.12762260088809826,-0.1513925140883107,-0.06428097310231518,-0.0245186158437762,-0.0037653800050621755,0.01517657247877521,0.042495519370899966,0.07488646702241494,0.11344081558727599,0.1649282460926621,0.2934539467511611,0.4289999659453385,0.20983462961257557,0.12547481968284774,0.08246346530659211,0.05360398412582196,0.034103091433004,0.028514191296824906,0.0363861870899831,0.05513629825804607,0.07568520110197938,0.08997450945265895,0.09500252532807181,0.09388076126657681,0.09991855417883472,0.1246073908016218,0.16768640581829727,0.21727749941968114,0.24228804416769392,0.21775198633879425,0.15765722097808912,0.09525584294625405,0.04992752499660725,0.02704882509095659,0.019941028244390868,0.016786977258912452,0.0035993639631680466,-0.01502125618672525,-0.02999049770978507,-0.04133662773187563,-0.0578611037941011,-0.07916491433774549,-0.09921780609244511,-0.09704533607304698,-0.05147422956131086,0.040753909146359894,0.13337203339802556,0.20434346685537713,0.19769005040115065,0.15178404227378192,0.10832155329561939,0.07568391998236167,0.057180308885467906,0.048702026166717684,0.0430895933027031,0.03852535840990588,0.038444033568748766,0.0434751638342506,0.05254859704790848,0.05728286790071263,0.05389831428990183,0.04447342840180546,0.027596671155279785,0.003352600472129057,-0.025153111235057257,-0.05415835788164636,-0.08202605058597867,-0.11250570884371862,-0.14588678457270443,-0.17416869693355,-0.18876003375607342,-0.1838314178100556,-0.16656247848090305,-0.14717426178508605,-0.1305599533032729,-0.11301235888238112,-0.09402356163348392,-0.07407939564341097,-0.06090557083561183,-0.05474861103119197,-0.05133206741709212,-0.04959117135285772,-0.047944121016583484,-0.04902385762705462,-0.052324682396907456,-0.05511262538438712,-0.04979210937833133,-0.024798142001248774,0.03152921078589481,0.10114893549147498,0.147480024325716,0.16774023626874413,0.17737487392758425,0.18101273463272982,0.187060713710906,0.19861065490595756,0.20956333553328182,0.216004912786657,0.21471398891507942,0.20281429420068534,0.18812311622385744,0.17394994967241378,0.16761171858746637,0.1687757557966884,0.16754460087135215,0.15951919790614716,0.14926596248546073,0.1457310878352803,0.14725954038463637,0.14347984538779854,0.121722785723898,0.09041669480775319,0.06501077381526027,0.05879614024532255,0.07085957064615471,0.08812554510749006,0.0959784916181005,0.09806554677978255,0.10664724015245279,0.11943983577088266,0.12397503292517438,0.11115366336049669,0.07799222617544319,0.031992900029707914,-0.01413166595559208,-0.04766944543519178,-0.06665373970546865,-0.06985987226893683,-0.05293062344758593,-0.0017376748769076982,0.041176805313755865,0.03226506059676958,-0.0007512768347827367,-0.0345228321622702,-0.060754240248057104,-0.08261356959505235,-0.09331622276107666,-0.08603218537558216,-0.07108398459738731,-0.05703807827862814,-0.04528599604274661,-0.03634051338652844,-0.029867906870270463,-0.02396301943433433,-0.011903156725537321,0.009192566434692547,0.031958937299716945,0.04056255104332382,0.023390778406491126,-0.011840037295998708,-0.040724425983193695,-0.05725626682500639,-0.0653983744767917,-0.06945239936595701,-0.06564946630709648,-0.04936499620160519,-0.02747838125169679,-0.006436540850002165,0.007947807270438432,0.012749818320900911,0.01093815687957985,0.0034758694979582956,-0.009707544744925715,-0.028750865104880084,-0.0511179039717058,-0.07246841592931709,-0.08407292574911047,-0.07921042608408892,-0.059294536596053826,-0.03212797438262334,0.002565132532742894,0.043470683936741694,0.07737837335693933,0.09194806153337912,0.08812554174515755,0.07612611358900945,0.06476137494588721,0.05761805348747903,0.060382049224799644,0.07799805879297413,0.11282760677869474,0.16580096721202583,0.2293271734335971,0.2812331352336722,0.3027588626378907,0.29402932985897545,0.271145608273514,0.24826403082066043,0.22477252948998647,0.20464164192630585,0.1965660900722782,0.20625524205567056,0.23039014701517946,0.2547556175925332,0.267410054426953,0.26020418136800616,0.24042543433786345,0.2233220491036553,0.18421120146507874,0.11497019645042045,0.06452764331535812,0.03658077014919918,0.022136328010995018,0.014868129338175912,0.005900462941190997,-0.00784443119616854,-0.021262906201667698,-0.029911411133014494,-0.033023319686845076,-0.03284626834377438,-0.03483984991716715,-0.04726517736023386,-0.078645613543275,-0.1353626540538094,-0.20698022409061356,-0.2574467691616054,-0.2844258882703591,-0.3147789074679099,-0.34242710834282036,-0.3057655012298333,-0.21937564895771608,-0.15003938489242682,-0.09958169521300861,-0.06264642025691407,-0.03709521048415829,-0.015903450095393425,0.011994555513109942,0.040809435048020544,0.05531271778205575,0.056123129296567494,0.05078140801195045,0.03721540768427472,0.019950567114867274,0.006176815207947994,0.002526269643156888,0.012838458330266377,0.03872905977370336,0.07603667284101139,0.11967819211366489,0.16237130139524078,0.1911586549238782,0.20500683615395138,0.20374455852818718,0.1862961568982,0.15589084936987352,0.12256005818543986,0.09844505433134289,0.08601944914753258,0.08262913333537497,0.09418369949803208,0.11763200011449967,0.14432927821576275,0.16097865313362983,0.16131945001415846,0.14807272217074968,0.12766953685872545,0.1092825638545637,0.09830793952413033,0.09174432511777623,0.08765097589996368,0.09077549326208681,0.10169085491192403,0.12026905702023774,0.13904648783775145,0.14753823436299868,0.12972253399934067,0.06567207451512255,-0.019535905312795532,-0.07400732549474358,-0.0805446358496478,-0.04351124312765002,0.015607371531449744,0.06664364098917,0.10036756078119342,0.12853525790290785,0.16245502155258246,0.19332137320589204,0.21379627431987697,0.2261954740798368,0.2306799808819939,0.22451746619025736,0.21026198852915504,0.19269277771481363,0.165211359835361,0.11283839113114705,0.027877288357465974,-0.07046327798687192,-0.1533913651499052,-0.20018700488810748,-0.22083422194330402,-0.23400121607849195,-0.24885169444366706,-0.26867908503993804,-0.30077032178542906,-0.3581633991901862,-0.421144095056541,-0.45245811957006904,-0.4513227149884617,-0.4417936431156822,-0.43445168676993917,-0.42556339781185076,-0.40914551727378784,-0.39082969392355754,-0.3820663193574299,-0.3788803282259058,-0.37313482819938865,-0.35551108237892054,-0.32036394130193235,-0.26193238630885185,-0.19081279618146796,-0.12575506006248102,-0.07902143127023051,-0.050213151909947434,-0.029507245689313826,-0.008505653175293396,0.02147109606312446,0.055643256525035406,0.0815677048172251,0.09419241864597122,0.09387650487300321,0.08578220229059302,0.07828475144781799,0.07883198844132566,0.08989522587471277,0.10792914112298256,0.13110772259144768,0.157067704264986,0.17441022484234855,0.16302240303073137,0.12381614409503228,0.08672075979380277,0.07179127119892137,0.0810748806834756,0.12315487312350645,0.25130723272970923,0.46075819319723543,0.32648637256318624,0.25562375674219173,0.2431040054487464,0.2587604991737246,0.2906009426489311,0.32410184443227363,0.34534461033117686,0.3330473039472607,0.2815334697331925,0.2135819948630241,0.15253331601467407,0.10984077698846599,0.10086122557290317,0.1260036960943831,0.17510148249063376,0.22723599701044578,0.269900898865989,0.30403876708221,0.3296251437579368,0.33895958215849475,0.3344299686244686,0.33033979300331856,0.32934839389562964,0.3168052492639786,0.2601622014625526,0.18640807561037923,0.13071015370753436,0.09252688100309639,0.06177558773510902,0.033658231069571345,0.00406065105818044,-0.03485633000947704,-0.08657282534315257,-0.10238483163846664,-0.07246802751517235,-0.05799371653987223,-0.06391293016277155,-0.0891054695049217,-0.14209338537369823,-0.24089971626766554,-0.40663674446109477,-0.433539439904942,-0.34808915169474913,-0.3027642568662831,-0.28775102367870353,-0.2786666618429961,-0.26284941217172064,-0.25444293622371106,-0.269987373876395,-0.30390606240699386,-0.29633623576877577,-0.21476831122051934,-0.1405613362743172,-0.09485596358279037,-0.07101664492755846,-0.059323588600481404,-0.04860632105858716,-0.034614161739305156,-0.01973071491309971,-0.010459300366285638,-0.0013448638854795956,0.01425560270004909,0.04634891706678788,0.09603024079035236,0.14525698203390733,0.16269158316159,0.16243683989812882,0.1787674374062868,0.21575402764873833,0.27560046514629266,0.36110095872083503,0.3917447623401109,0.2744882371850017,0.17366832517928027,0.13197302373283643,0.12428296179472713,0.1350403584670278,0.14631918900418164,0.1449092348701452,0.12721946779240623,0.0973935104655971,0.08134452937553256,0.08649221456775463,0.11153569106639816,0.14188005623586405,0.1585549547239441,0.15883611437640352,0.1494886513306484,0.12878252698170142,0.09428083704934467,0.0549253116601459,0.022459596909414653,0.011162862690942387,0.021375908633785183,0.04208961924194088,0.06099742610368033,0.06701102501407866,0.06589314689886416,0.06335479684077164,0.059311153276542496,0.0549992483757476,0.048058765287986964,0.041150770250336366,0.026903860840719145,0.014664324350097539,0.021255222305626976,0.047646774847029276,0.0734898652567465,0.08129922877404072,0.07467647375668329,0.05851675734389461,0.03882319558160826,0.024229862685890696,0.022907886781130496,0.017723559075943023,0.004291615747849221,-0.003940339227665082,-0.00608577548969654,-0.003961565344953932,0.0022233849082998044,0.010182230310349415,0.015276796367608042,0.0070791849010307765,-0.01807141805585301,-0.04525048602315443,-0.060795583747269046,-0.058238851722106924,-0.04177968084597105,-0.014723090456973772,0.012083891761602473,0.03224232868571157,0.04366120430463159,0.03287009285410801,-0.009065849938749516,-0.04263309344507927,-0.06436373268510004,-0.07342772557073546,-0.0722792628236147,-0.06552825216184181,-0.0586557294988757,-0.05616163960126261,-0.05702740523153406,-0.054222116134879435,-0.0501376686499896,-0.048041558072753565,-0.05139056673377911,-0.05718711922847671,-0.06236428016666206,-0.05670452917925726,-0.04154118780457697,-0.0400280254335365,-0.062269904749622,-0.09407423705131795,-0.10542249687820567,-0.08898484876394228,-0.05255886964219683,-0.00901262487225534,0.03368380165551159,0.07733326459725866,0.12429675616940349,0.16622554086548605,0.19450687627423977,0.21031154701050775,0.21348627801252384,0.2134751060029587,0.21522128515820965,0.2161630608284359,0.20112499335332779,0.16596104280192148,0.11850492494777574,0.07298217735512309,0.04603951646982057,0.038671246587125216,0.04956390603691665,0.071883985825511,0.09525513678663708,0.11329441612784306,0.12555067178463677,0.13483955470572093,0.14018247069514006,0.138021509216829,0.133094186528197,0.13754249314926176,0.1501763396790021,0.15894635440450935,0.16260237153388155,0.16554481021924689,0.16424011088687973,0.15157035636942176,0.12659017509033152,0.11690058094530657,0.13263669647293413,0.15573261887009573,0.1674559145623415,0.15201730170123678,0.10178470987569824,0.045641947048187095,0.009903410339648042,-0.004188392315991441,-0.002384452397975382,0.004560459112665987,0.009523259722889501,0.008731100344400005,0.002568579933483538,-0.008840276059692976,-0.024488622506262724,-0.03773677014175349,-0.047501120148315326,-0.054040989444618964,-0.04857494472545501,-0.028893368673737478,-0.001128112773315284,0.023138914099885145,0.04165484588721151,0.053158632252003866,0.06106277999711118,0.07123577157183811,0.08130676366365565,0.07689462220173705,0.06000478375631772,0.05761460501312419,0.08106144976996314,0.11439172040769767,0.13732040959527572,0.14530372702392097,0.13351182461975286,0.10381355097927608,0.06181021491602308,0.011241131524298852,-0.040705795116705704,-0.08184765739985235,-0.10293063539813319,-0.09936508388546453,-0.08053965864285029,-0.0490600755381312,-0.010254499040749257,0.029092566731425133,0.059274445962721696,0.07881543162223127,0.08948323630438493,0.09375473183858844,0.09120558546466266,0.0787046386548578,0.056511228412043146,0.03342449046125114,0.00459052682253968,-0.024243648786587496,-0.041889628208565774,-0.03842522530822991,-0.01918097806671424,0.008933212787097581,0.0346001221125946,0.061001002875709226,0.08633212700463695,0.11473987955840266,0.13458883671000815,0.14626277241306015,0.1538721232545681,0.15989049493575822,0.16112860138406152,0.15126634401793737,0.12615018897059918,0.0813153420747744,0.025933693175004588,-0.033561333683526935,-0.0893360548470508,-0.11813214157752965,-0.10540811963871206,-0.09539524232155884,-0.1000146077300072,-0.1274031343761881,-0.08499658447264427,-8.818281063189629e-05,0.02440855120914525,0.03654000008909555,0.04661353996252194,0.05615275157368331,0.06625504685788257,0.07334931465938287,0.07225937784468792,0.054023124572525054,0.008498007993091927,-0.06176888595815391,-0.12351350829781316,-0.15507915178199452,-0.16318071540496207,-0.16086581056041696,-0.1591583236631195,-0.15969078457739574,-0.16237702527047454,-0.1691055259681186,-0.1734148305944444,-0.16221279292654747,-0.1327301429857657,-0.10251167283017391,-0.08616976998658014,-0.07635109141736257,-0.06740201495883794,-0.05952855853272988,-0.05320866023679147,-0.04700508835413525,-0.041926272041100394,-0.039582037806135915,-0.03993179226274286,-0.03885369152346689,-0.030211126447163197,-0.006607372643650556,0.0405098501070332,0.11697153208498769,0.21024035094030066,0.27586909317677644,0.2847234117559519,0.26256289559257134,0.23754013684811529,0.20932815105588212,0.18676215649408612,0.16767035435679883,0.1472854217144617,0.12362538514833903,0.09190616138516812,0.05315835574759744,0.010044264618150412,-0.029640376635531727,-0.05230592788644188,-0.05208438794266556,-0.030179970132327934,-0.005259025490106484,0.0024223176093023657,-0.0032219392378022085,-0.011941233715034737,-0.02003188802952695,-0.027050593437348988,-0.034162073133374715,-0.041244541849215215,-0.047699901574065555,-0.05286849895012192,-0.05170761073835788,-0.03612622746872726,0.004749107060551182,0.07573266520115204,0.1437734001950885,0.17432041296326856,0.18008431823482696,0.17618700638167176,0.1691660934336535,0.1704697456068024,0.18747228346716152,0.20946676189696126,0.21904335239284048,0.20866596479075702,0.18744092698382622,0.17489490974043598,0.1843474996962458,0.20813509649901907,0.22878638053919736,0.23864672004061085,0.24033863721674747,0.2384589416228691,0.23174645739124153,0.2184836184952427,0.1965221766202363,0.16407543232242924,0.12955936552229141,0.11109446847815659,0.1134253741903673,0.12551819904076572,0.13062219346593745,0.1274010247670235,0.12237804401177424,0.11215336670579093,0.10155348297569353,0.08910845227603499,0.0725195498153808,0.04564455389547228,0.009399146287619576,-0.01842072343783754,-0.020980259983082207,-0.006082186903565873,0.010451018622430981,0.02334061859222245,0.029945499476359362,0.02595735061134222,0.013788745319443985,-0.007655265399524912,-0.03694297119456572,-0.0712701484426494,-0.09879749150469483,-0.11628498294225761,-0.12231323714079594,-0.11868927805322414,-0.10818234021357702,-0.08848163102039155,-0.059943568028394886,-0.02651629202720557,0.010002592343487373,0.04864317263081923,0.08370789842985009,0.11137057805518516,0.13509138638954185,0.1543187796355537,0.16303769068518506,0.15745656718649492,0.14536059660625736,0.1196415103899696,0.08365752271147442,0.042634274918468044,0.0006619482781642653,-0.04055901695302936,-0.07207755252824664,-0.09720906973524877,-0.11916670286249464,-0.12946650614185667,-0.12614455585867795,-0.10751058206725805,-0.07634227531207521,-0.04687397406991297,-0.028281771837291192,-0.019737397364496017,-0.026274575656121783,-0.04626176505372748,-0.07421692988780991,-0.10184437850048211,-0.13140940617993974,-0.16271393195587602,-0.19328155328053234,-0.22447358543798077,-0.2599363446902684,-0.3010387810923443,-0.33872014005035683,-0.3601861407239848,-0.36172797691447217,-0.3306300316430924,-0.23792698090828485,-0.06746044118136355,0.0793181741714025,0.15550470127359572,0.18474535492581676,0.19042316503980927,0.18890775390183315,0.18382690309474362,0.17881692544300826,0.17838166679701556,0.17621422559445263,0.1738127954918811,0.16579002791272812,0.15071489720060624,0.133975902647638,0.12330176536839729,0.12595569715528757,0.13926686547103873,0.15015629352283466,0.15254400887485972,0.14465117761990698,0.13028759874571594,0.11795674001172145,0.11960373805917401,0.1393051166676856,0.16815753896335062,0.18434353273358992,0.1709466979716825,0.12574171184196065,0.07550865777287438,0.04245283958200376,0.02899594641735852,0.031935325566745866,0.046398045119233844,0.0677293787268616,0.08834730619935471,0.09531005047147942,0.08486120091718163,0.062187497336640765,0.03615705570726088,0.01642569143283634,0.0009873955994419465,-0.011393480880514267,-0.016758380021990132,-0.006393500429651205,0.014104543261447297,0.03017796632469827,0.028682013415275865,-0.009466008003380605,-0.08844554871886529,-0.1236895928765301,-0.11298034319798178,-0.09486225122355829,-0.08721847064582895,-0.09061932911305433,-0.09695292619913684,-0.0998929029814091,-0.09783830808024899,-0.09235901837448891,-0.08159501098869316,-0.06466873729287506,-0.03598503697195457,0.00825010326642192,0.07025589452378771,0.13580980932055858,0.1872310101133257,0.2007886120563945,0.1767291476701547,0.15401415943707428,0.14878001336756924,0.1361388380766329,0.1145821145540456,0.10447424453229975,0.09858107241580678,0.08764145470990019,0.06908292034571542,0.04202189303859198,0.026720338119549596,0.036361726434412496,0.0595030682040091,0.08918062398636441,0.11743024757529992,0.13399230313822172,0.13950225714742964,0.155289720399039,0.1575201028498846,0.05772277975215105,0.025585582052919185,0.01417589446229989,0.008119499582265245,0.0027395105328341406,-0.008537017687617604,-0.030498677807765925,-0.0669751887106878,-0.11197216382310424,-0.14973452250708125,-0.16220909172128384,-0.14768576472650632,-0.1221282215848595,-0.10579330428088161,-0.10448021933552509,-0.11444175386645365,-0.12494449948731734,-0.12888559999122057,-0.12323857190316131,-0.10388457251919606,-0.07548572040028757,-0.040751431318897434,-0.012089181703862533,-0.00198100395488971,-0.005156650693898,-0.013088979961498354,-0.022349773466132927,-0.03426186135048216,-0.043986541565078474,-0.048473437437793025,-0.040343063086561354,-0.009811882249804406,0.05047694034576311,0.1286205502281927,0.184664259013116,0.1861703192120831,0.15290598498367436,0.12411163591459712,0.10867503098081704,0.10338328462940216,0.10239272470261616,0.10534166897610257,0.11633494757677466,0.13942509861493732,0.17293599405644267,0.20807366436433955,0.23465897303919958,0.2462749279587659,0.24274609754750995,0.2334244596967287,0.2256029025188367,0.22050221168442496,0.22302883506034582,0.22011068575859088,0.20101307337769686,0.18140214220435408,0.16704214666439252,0.16357716175772616,0.17352445923123874,0.17700215438183672,0.1507869760890126,0.11227555114916973,0.07858530993418399,0.05662512040074357,0.05249887091873056,0.0602549764553111,0.06984049096716924,0.07853998489143686,0.09020256663899025,0.0987765335175695,0.09174256528674668,0.05921552693485755,-0.002623996346296977,-0.10419969679757386,-0.16236177461027418,-0.16649499277250135,-0.1433124141260635,-0.1157434465942366,-0.09902937211109737,-0.09101905141004317,-0.09109192953849918,-0.10903438516146846,-0.15324297559866903,-0.22522037823714736,-0.3105127255343782,-0.3424151827575517,-0.28241319854159586,-0.20192225212345832
-0.006156262601892298,-0.022048190250911155,-0.03452946126097679,-0.04312033398563525,-0.047136518068812784,-0.045494105102898655,-0.03947200372855423,-0.029972790066714775,-0.019828388841286203,-0.013693862000142979,-0.01361061298414176,-0.017881093928028023,-0.022875595193509943,-0.025285384604601068,-0.025773193286108897,-0.024300887002406357,-0.02398301466196159,-0.026359852384858294,-0.041775190843214814,-0.07554886966717729,-0.12564683449084593,-0.17859219638267615,-0.21901082435764108,-0.21110588415815054,-0.12027118616317457,-0.03274126872017176,0.020916760027263146,0.054371167203660836,0.07408713298019999,0.07464461657397917,0.06001351973690082,0.03986996667544657,0.021460143235749747,0.009885124249526643,0.005940472439992168,0.01209574627445289,0.031764434446208856,0.05968540695397193,0.08412669799117568,0.10125186508449294,0.11047748889273118,0.11578582775854723,0.11431424654621239,0.10813568012834238,0.09714698354851944,0.08271163312487827,0.06659941856873934,0.04830381297220933,0.031136815493788893,0.016953872944781116,0.005605196184739856,-0.003685089344235128,-0.011126882361988109,-0.015039200430576518,-0.011236109507299231,-9.132057820201152e-05,0.020036191092304784,0.060636660093017436,0.1459807319902939,0.2771121616202025,0.3179620538243831,0.3081562219159819,0.3282353134710007,0.30010797109452364,0.12089556905232554,0.04720743217447067,0.02292913496506593,0.017676940761250457,0.018872289246753934,0.016660737635921363,0.015200552157776923,0.016123213875129022,0.018285896526464007,0.02174039417704013,0.02642095458411918,0.03170478541646592,0.03823943110656635,0.045655363451772187,0.038673882647966104,0.0107126682747479,-0.02878664204862681,-0.06785872472575546,-0.0979591665367567,-0.12126774425356768,-0.12630221418490564,-0.09053570652587928,-0.042856854251918174,-0.01666870328310357,-0.010559488648843412,-0.01914765428308532,-0.036074436123107956,-0.0533408793497431,-0.06266474074656435,-0.0608789920670379,-0.053126552543277854,-0.043362521831885145,-0.0371783435442186,-0.03736541541962136,-0.039296203849774364,-0.041937082931552794,-0.04355201491083221,-0.041651450309483126,-0.03818241248230218,-0.034052317370707914,-0.03380031212227568,-0.0376897356244509,-0.043207393607611395,-0.046164971546102544,-0.043982574598650404,-0.041048582621295175,-0.034995604821,-0.024832944041495338,-0.016123060897258904,-0.00534915690946518,0.010261822769954541,0.02747813899194397,0.04482491018052682,0.057386257637889314,0.061708638600364164,0.06004285490694987,0.05708572027737842,0.05015318172107159,0.03942708641157653,0.03338793669190817,0.03864228773312636,0.056132768201723235,0.08026881611537101,0.08454932053921865,0.06424131563063444,0.043394234263661645,0.029181217991113218,0.020724603428980862,0.016988313470197535,0.015947309982973973,0.015114756730071415,0.01638789521714626,0.022843477792154673,0.0350016619199986,0.04483889351892399,0.04901361044441017,0.04764440471012881,0.041379101421896505,0.033248061127109305,0.027981200421971074,0.02823155677019,0.035661055905356315,0.04570902915450911,0.05306449917254814,0.05362422814517328,0.04809273699029205,0.04242898954832632,0.041044922153162196,0.04340813044899418,0.04687616461945487,0.04411554948883225,0.03808891620358366,0.029195038108255838,0.021633950055770592,0.017536580896284994,0.020176744363137388,0.034090252163062724,0.061075187989464715,0.0866586902178402,0.08832445205638242,0.0659836826425263,0.035622694679854655,0.009094205068428275,-0.012955804723564564,-0.034981009786428145,-0.06366017973637185,-0.0988968416240415,-0.12460755689595175,-0.10773331759381408,-0.07606048933242363,-0.04914955741364288,-0.031067373251147598,-0.01743366355083244,-0.005248850840106996,0.006240750134494474,0.017324277412107167,0.03510305450748136,0.05492683409622535,0.06541751187869868,0.05371707218275746,0.030070419975352015,0.0028274389444215096,-0.025515059836221148,-0.0510071606540867,-0.06759349186542586,-0.07398561960067601,-0.07259839278442283,-0.06903522581755316,-0.06108898448008485,-0.04912738708204131,-0.034789003351282315,-0.012636980976880322,0.013205062864163966,0.037328707203369976,0.05333983993120844,0.06014586817766007,0.05909142809051408,0.04887898963449939,0.033609354973770024,0.018689276230339006,0.005466682176159952,-0.0024806569188223094,-0.0029243527791631514,0.009207152164994886,0.029997359482206613,0.044102078909438756,0.04653083896168651,0.044358077884900524,0.04071613874999874,0.03287447073214501,0.023150879853764676,0.015399181768879935,0.017531870076090264,0.036574618882551334,0.06048905442325468,0.06967662713345864,0.0615539982863273,0.047869499492555555,0.041825270355398486,0.043291890724005945,0.04526979251389843,0.039287397871272445,0.0026595815824807024,-0.07669471219844558,-0.08415951992428965,-0.06592434393517872,-0.049451394282819,-0.03506667105994932,-0.02117269105624419,-0.006592313091252925,0.008422424438723597,0.02385151455089584,0.03747945273449135,0.05131381812514607,0.06682784049086417,0.08896606462568034,0.11381569055445102,0.1279148129620149,0.12898694256692728,0.1226120743535066,0.11446080620749596,0.10805736931673372,0.1046970529652308,0.09572003738705438,0.07789808582907773,0.053686927472821146,0.029684243583903713,0.01201624883404216,0.0026832605105939346,0.0032099791878967515,0.014165959544586874,0.03236489016499078,0.054121320196711425,0.06801505063560866,0.07546160050076696,0.08046837385660043,0.08685945847643367,0.10040357653586285,0.11453398538369898,0.11460036128387383,0.08747425070823028,0.05145105907260148,0.017898414857215657,-0.006257297417527598,-0.02089090788695573,-0.024155258036584745,-0.01956754284735061,-0.01227420697131323,-0.0037615417792357807,0.006144249814539224,0.019753516735024044,0.03559304470075546,0.04014431181112844,0.030928931487209096,0.018309730430930326,0.00894460401525394,0.003773761709341991,0.004008415288433979,0.008252683674767607,0.018001076538806966,0.02912853596713392,0.04120176617469515,0.052012923430507535,0.06465893067725526,0.07841937945267627,0.09480823587633494,0.10815931231721039,0.1170460844821964,0.1190910712766582,0.11544690680378451,0.10385217360917047,0.08693324122337358,0.06432582223719889,0.04163357217276693,0.021907657991331195,0.005241120458289263,-0.003667966884833685,-0.0036708033050390776,-0.0022127739364216675,-0.005968610308366563,-0.014080426858894506,-0.025823966469546437,-0.03697515791514707,-0.045231573513264414,-0.04927250851359096,-0.049280623907794405,-0.04813125080740137,-0.04893250151766144,-0.061840237118869955,-0.07623081996581145,-0.07416129421924349,-0.07946580757604536,-0.09333014537222013,-0.11516956642401988,-0.12472716770817453,-0.09915477294994059,-0.07098424079802224,-0.054130344002456615,-0.0428308037044551,-0.03295049860822594,-0.018535564894347305,-0.00022002798110127433,0.015571237852982329,0.029346433951609595,0.04308208508356668,0.05255963157740812,0.05218373957652392,0.036863908283957664,0.013026732531448653,-0.010104310635616313,-0.0283865659322311,-0.039847790376770456,-0.04774662883336907,-0.049043799762551986,-0.0334826161743985,-0.006616319552967797,0.023184012782228067,0.04487981548650695,0.05775687512629056,0.06879457863499477,0.07791710025876508,0.08275284753754726,0.08429149747562081,0.083692218369444,0.08154473131560455,0.08211539392267952,0.08036429105700113,0.07093542736122696,0.0516854698818108,0.031150723918481456,0.027210902709227814,0.036001729507664997,0.04440863208766241,0.04873465760206283,0.05244521747209772,0.05156337124944315,0.04674449261016732,0.04879397296908022,0.0640952233748424,0.08521229539643516,0.08595487196459917,0.047455833987516335,0.014152333928782854,-0.0029759078136615555,-0.006142194040327306,0.002838895667522904,0.007483775684399972,0.004038634155870919,-0.0020434211052496242,-0.009242244258259315,-0.017923571381180017,-0.026407472860515292,-0.03280187520534621,-0.03338158129785612,-0.015730619449422632,0.027168528227959256,0.07490154242363012,0.09641856236471263,0.09337801738010143,0.08614299961476084,0.08676764399805341,0.08785983620152538,0.08326294387517119,0.0768301816889203,0.07540502257554024,0.08541403976246148,0.11545129474097915,0.09352792614094578,0.056032858818895394,0.03749851009930891,0.03022030196129628,0.03374959838880725,0.03942437591720908,0.03829603489191979,0.028917091400783003,0.01837852800675702,0.00657837935490353,-0.006965447011054491,-0.023562532225723475,-0.04424542461796653,-0.06726837018564008,-0.08763433020446917,-0.08927256989001117,-0.07107804116223591,-0.04696675429749558,-0.025292662611389974,-0.010794944295040042,0.0018222980561344716,0.007783514100199701,0.004793056091379138,0.0008096495171803216,-0.0014573735065632103,0.0032440320147301607,0.01245856146322384,0.02525992342128505,0.046824382348012734,0.07676373335016937,0.10397183742691485,0.09947939350128437,0.06916873357046993,0.03914090338707603,0.01775041913882021,0.00481411178408564,-0.0005727944222830854,0.0008391000671403192,0.0038401662441000235,0.006301510145321407,0.013375446026278702,0.025443565590604858,0.035483375662607716,0.03905914927378882,0.035878690816014414,0.029916615270833974,0.025671347358659523,0.025934437171935634,0.02933056123513171,0.03773813775208102,0.05493441382187296,0.07767788813885243,0.0984467766995315,0.10179539943029631,0.08674921046967886,0.06953084037462684,0.05513046267417167,0.042720477248087425,0.03349235848586587,0.032344487008230664,0.0327303037695677,0.024879726848513372,0.013539355816937756,0.006697222780037144,0.001034145526375409,-0.004778940088635245,-0.007121111492819058,-0.006579400363687416,-0.003369034436204507,0.0007529710725582944,0.0020125638298526733,-0.0014695870726386567,-0.007342200723046882,-0.015943637962184162,-0.030382499536305656,-0.05546980755295188,-0.09192970073681858,-0.1291790550377344,-0.1491417495218705,-0.11399596084526117,-0.0675167681700294,-0.04482509322833038,-0.03379744339829457,-0.028781589386048054,-0.025801824957260966,-0.02206444332455746,-0.012514910894230877,0.008215909865041986,0.04207543159626599,0.07631310740180416,0.10037198336948647,0.1178698103518262,0.1279568729350444,0.1257848264547906,0.1103264196011992,0.09193002788569335,0.07828486485253515,0.07492903491306142,0.07912411601608658,0.08648761800525262,0.09239549274457404,0.0926550846676235,0.08586768249979763,0.06929319231258313,0.047692029914876824,0.02517312238248682,0.008727358570687526,-0.0003079777586448083,-0.0007322573701907829,0.0052148169933892785,0.012585198349451453,0.019723158685819087,0.02250853041048368,0.01708745875420832,0.00036742434532639393,-0.02685472170958862,-0.0675808990316257,-0.11513510746759419,-0.13300924325456198,-0.10914241658807369,-0.07676105811900759,-0.04614836888683574,-0.022531229698516946,-0.0059340177752199765,0.007522653356626625,0.019109237416431134,0.028791916429011445,0.03605362062247351,0.04405547474289032,0.06319103047337443,0.09490357724205464,0.12494771154824183,0.1468864936183456,0.15377777784968383,0.14335056812171992,0.12044804495718467,0.09515090901011818,0.06975281659166559,0.04545897157752473,0.021616083387203677,0.004820913582640076,0.0008142383955014322,0.011150606774502877,0.03147087316634269,0.050717759422506274,0.058571240240465235,0.05436687573907952,0.0446626661573473,0.032335112094118386,0.012748479604890672,-0.007087094936693363,-0.016863423097623124,-0.01524375585726267,-0.005695426134216792,0.002536639325204339,0.009081929040891437,0.006473546240669456,-0.006756352778330283,-0.021147145913628644,-0.02208876533012703,-0.01062075413017501,0.011057951571763692,0.026284693539266758,0.027060736942276897,0.017823093378529987,0.012267772874844306,0.021798067236488788,0.04778784306094808,0.0852864982001131,0.11777666235916416,0.1270046912811072,0.10489010551393914,0.0622830473455308,0.02658312579474307,0.013366032514689041,0.01854725599336726,0.025630491697926323,0.030350298665758245,0.03151621236533516,0.025197871852918448,0.014966205513621614,0.0035591447851534446,-0.005690204086084588,-0.019653206154079905,-0.03712825243093265,-0.0496593196485183,-0.05218851071849424,-0.04838362871056342,-0.04462499401177152,-0.04227536850798884,-0.04277538452214805,-0.045301818901642976,-0.05273875185838434,-0.05744355005803119,-0.046831465576909634,-0.029917887800473948,-0.015163980689814,-0.008746288557731668,-0.012554257028934227,-0.01993082470091019,-0.03061293706286148,-0.04734601955414532,-0.0653121638580585,-0.07281296787713422,-0.056036544517028754,-0.021686314651054573,0.018741201254708094,0.054616317919338325,0.07715691546353012,0.08427830767301324,0.08369884887618127,0.08261450238907735,0.08442942267251378,0.08173510667234285,0.07816165556406182,0.06973123861812393,0.054633224721040506,0.03555153765165924,0.023119456342532697,0.025158344971424926,0.039706302738793886,0.06038392068103719,0.08408417356915246,0.10879152936739624,0.12932543619988762,0.13760141307292034,0.12857033868675066,0.11724130500692741,0.1218642168619509,0.15255436920158638,0.19308842579344418,0.21529581438584255,0.20839475935170843,0.18243515243701036,0.16415516651938256,0.16805819609707007,0.1623633805386385,0.07809905885307755,0.04083403547546247,0.04643422685446674,0.13213926963301986,0.09657398214478957,0.06873631294698153,0.05382717822862772,0.04152621269466346,0.028284503611331224,0.015314461868621256,0.007014232969983086,0.006241860971721627,0.014275104799490932,0.022150743336863146,0.025811972671452833,0.025866871502539898,0.020283291716037592,0.01778625327973513,0.014568774909202413,0.012079824177961131,0.014118431441289096,0.02193604903545323,0.0281314613826744,0.025117908199139494,0.01834300328969291,0.019252785920154118,0.03646664566977464,0.06345179149128881,0.08188211207685112,0.07770332134849567,0.05893604149060907,0.03476605404234039,0.014289523546318602,-0.0004933012469281834,-0.013574239644300743,-0.027989152569128695,-0.0396330434304485,-0.04509751636923559,-0.04091247459706985,-0.029391582096834356,-0.0191847938575021,-0.01520691264930762,-0.019730689627945667,-0.026616109954395405,-0.03382210881494847,-0.04063504203918573,-0.046981236379142116,-0.053252490201297666,-0.061612072448193014,-0.06715409132211012,-0.058420971973858926,-0.04419328593364638,-0.03313834740895106,-0.024703940576735868,-0.01850475941400218,-0.013327279499502001,-0.009807474682215473,-0.01096063158824142,-0.017488298716825435,-0.023002089987161252,-0.023435629530248022,-0.0206311521947059,-0.015435918554721694,-0.006553938483569351,0.006486198824653682,0.02297581183407754,0.034549968250269666,0.03592730886790441,0.03226977633174011,0.03416006368053917,0.043240600769055566,0.05333183457536535,0.062371182459914465,0.06798775275783925,0.06908295164742959,0.06881530493036625,0.06881154454881325,0.06795346573201273,0.06523780752806374,0.06196251897759003,0.05868349633373047,0.051671059775785746,0.04274933449432836,0.03660400085716709,0.03692026291442182,0.04180100352889902,0.05049445597950297,0.06217393355873688,0.0700786808208441,0.07126920613385687,0.0735882193473508,0.07871727176077438,0.09050256893177724,0.10798287345075805,0.12074954469354243,0.11362729646891712,0.08971863839793606,0.06018064572673946,0.034824362566761115,0.016405127953565128,0.004581157547081037,-8.515850451755031e-05,-0.00548405836901771,-0.013428830682773056,-0.01910644712882903,-0.017608693473530126,-0.013163855693830818,-0.0068916893312733945,-0.0019427712768116667,-0.004765963040448994,-0.02067650658439634,-0.05678444891419131,-0.09676326480807408,-0.10137261492898648,-0.09033500379160238,-0.07653434563065561,-0.070674558444072,-0.06893794883953192,-0.06475605577286539,-0.05786699359534736,-0.05997934070270085,-0.06455008156360763,-0.042849033055487644,0.01369922487318474,0.05551108851631937,0.07680370992244674,0.08089029114055897,0.07726942375185297,0.06794386426127434,0.054714137134828804,0.04204846467061545,0.032952992067887876,0.028547957026039815,0.025607819916630428,0.021460744935591976,0.017713888536650877,0.01812153016401253,0.02921399591871616,0.05397300342515184,0.06999037698248123,0.07131858567348733,0.07354601519117868,0.0784287337768483,0.084021676172008,0.08791903492751474,0.09473918707768024,0.11007364647564445,0.1326762655116533,0.1418105177017124,0.1253393029945392,0.10444333208099148,0.09309074617182835,0.08926960224354862,0.09464643705133621,0.10475951424748095,0.12122825713842353,0.1300394740284787,0.1289917491505216,0.10245870722038358,0.06574701181954008,0.0413204733435102,0.03405509615663676,0.038346585144510476,0.039433840413748436,0.02770850565005213,0.0017903187363137725,-0.025554436119220845,-0.05814074977065166,-0.08422443870080507,-0.0936162653554342,-0.08867266657434518,-0.07645438191868936,-0.05867378837894567,-0.03565365133167713,-0.009453412939198652,0.01734651861572097,0.044385082811276844,0.06393800301307569,0.06293710089245054,0.04497634049941773,0.026303171772806624,0.01007510033270438,-0.002860724694063799,-0.015228560523548741,-0.02257532864429924,-0.023709176880239737,-0.01928972700070728,-0.008635127274535402,-0.000895668057655546,-0.004951188233639214,-0.0162650591613604,-0.03151743757468377,-0.0476897868170461,-0.05188583257461132,-0.039922535741983574,-0.01640138841703704,0.017250920070096383,0.021870046014055112,0.012885999249083473,0.0024406705362944553,-0.008416376575061323,-0.020340621331217498,-0.03148940003641336,-0.029876419946271403,-0.011173777101124313,0.0010974294235430232,0.0036693925974200198,0.0008306961324974082,-0.004503582027838789,-0.006288072716913313,-0.003155226881382036,0.006945042460030181,0.02133348343426039,0.0315171382680484,0.027851770555986793,0.013049150151124298,-0.009301760393146157,-0.03327644422020964,-0.05105248505414524,-0.06026845551286631,-0.05816745266190641,-0.05324971393126057,-0.05170633853018676,-0.045862818795704176,-0.0316502486884872,-0.007891398341062596,0.022433439612592927,0.05058584928191073,0.06444977606733068,0.05878232262979027,0.036188436574836925,0.013040663471045811,0.0037816565980500942,0.011215785635737413,0.025392473342406983,0.039405801698654604,0.05003987311815337,0.05976910773380521,0.06783404101182552,0.07042868647546247,0.06525682957870976,0.05418522457921338,0.04130877013573224,0.03185930659592344,0.03110790843541838,0.03650815497297522,0.04115088169276548,0.0389334716274743,0.028198158854236228,0.01618499482879642,0.010852899795541325,0.013911860331451396,0.025819049112974345,0.04200363981863672,0.05012419910987735,0.03458642349151105,0.01026578580330218,0.0028410029183052296,0.002496326177528022,0.004502604488550041,0.006319640003344709,0.0036991351726981016,-0.0034986252894990957,-0.01317615086614834,-0.021154219253224697,-0.02872250092830809,-0.03894028838670546,-0.049896993469716745,-0.06022611013591663,-0.06418748791680935,-0.04680803617687361,0.022929540748418884,0.0575910937570678,0.04735665604237898,0.03243478556384901,0.017328899182998184,0.004220312203316997,-0.006480082241305573,-0.012934711349771985,-0.016422954733182078,-0.016481723799493364,-0.016307817489483265,-0.01748508502995332,-0.017101301809449913,-0.014162090338244596,-0.0012170611826317769,0.020085282364063088,0.04150777245654818,0.06185608131455091,0.07865917688693334,0.09281821806656225,0.10554899104478412,0.11475300063374126,0.1228791340575538,0.1245300278559585,0.11090646702683764,0.08868963817713033,0.06377158815052475,0.04162352753236462,0.026466576344560094,0.015348592646591741,0.008253957535085371,0.006970686965123921,0.016491816951175135,0.04405737810778968,0.09418471012276758,0.1507408991910611,0.18954364713516644,0.2156415256424763,0.22968170918956193,0.22273246680564676,0.18996103589626043,0.15665454243698246,0.1413712479281123,0.14628197552613886,0.16473818342267052,0.17810381753918225,0.17711140591345528,0.1622753634585293,0.13521640761294818,0.10425522414769028,0.07396966698480917,0.047567359159705384,0.026268073809380885,0.009111301393683269,-0.006403908327929678,-0.020096582745624834,-0.025353114038814562,-0.01325492138573608,0.012631104228608548,0.036599885699111864,0.04291675904164334,0.029977880376323415,0.002614487794763431,-0.02978413265856132,-0.057965872624610136,-0.08133243057431208,-0.10159272401369887,-0.1250066296142622,-0.15015138830588995,-0.15650943698816205,-0.1378677635176717,-0.11166546077002318,-0.08899411780673555,-0.06773382141962628,-0.05154699170341755,-0.04491360807821079,-0.05099872922432952,-0.06539507849019663,-0.08308187547716359,-0.06818919743726297,-0.04821092978026754,-0.04175717085818177,-0.04356959612875729,-0.04746246338168105,-0.04676092798912711,-0.03770247126278513,-0.01385870644370898,0.021489550593843314,0.032379327678652835,0.019230096866848515,-0.0009945918315088288,-0.017265475551132614,-0.019200036451870715,-0.006535301029388359,0.011644960810936732,0.024953055479496562,0.02919464598304826,0.023667924310081273,0.013305463785495813,0.006436256399018456,0.004281188523566566,0.004276111781352465,0.0036662624240448825,0.002259899858346012,0.002727359511444545,0.008873366576275896,0.019988878275966362,0.030666043257159464,0.03618949488216841,0.03568656214564132,0.03121494813154462,0.028424287674058323,0.030818447391568332,0.039505276580178564,0.05476891184181207,0.06432114242443444,0.06369086455318189,0.05774744380804925,0.05130551314412758,0.04856108507575696,0.047841350081539814,0.043550171559083105,0.028586524358711108,0.0024715930296479063,-0.026032410603762705,-0.04299460754458312,-0.03133213308746972,0.005657719265942604,0.03692814689728481,0.04906317749460782,0.05012704794776902,0.05117830847825362,0.054168193743274466,0.05173949889147999,0.03667268673027673,0.012041630274837994,-0.01627984132417897,-0.047554707924374856,-0.07870876293601274,-0.09623200611126825,-0.09200129155393837,-0.07044353008352681,-0.04282464029160352,-0.01788410890585992,-0.0008218255116417999,0.011165184538612944,0.019647410301798972,0.019029822609441374,-0.0026482105248263523,-0.03764596757710122,-0.057560897480227316,-0.057838626548476345,-0.04704369301260526,-0.029057359013851227,-0.002225953323513162,0.039041598694586066,0.08379131823532936,0.10788032387787033,0.11387711135868987,0.11521097286958377,0.12027843513051828,0.1298647528491504,0.14433114550054676,0.16546529928859055,0.19179819064831574,0.22399200147658982,0.2476351773881917,0.24373498812088015,0.21790394896882487,0.17559972085529235,0.13279494862123634,0.08814512909266502,0.0526358398158949,0.03476823532894562,0.03678234168125075,0.04926499682068416,0.06251776358946964,0.07307811199168267,0.0782007643111105,0.08165949308285922,0.07903682760421765,0.06739513047780363,0.04829690863099057,0.03267049569301899,0.021345747750894865,0.015202220878345255,0.01407024630281922,0.011967246359579553,0.008540924305825443,0.007532157843394991,0.009800685701891737,0.016286366709455904,0.029749610801565716,0.046561805171104566,0.05696607726842209,0.05261068783400114,0.033761358087348904,0.01234126647389751,-0.00483184698232526,-0.01389617761541735,-0.017933178573404013,-0.01884335516352892,-0.017935272310595794,-0.016269625684554485,-0.012528799029272451,-0.005526601022510483,0.005538749352017598,0.013613084766750008,0.009729753412894523,-0.007629237191754203,-0.03686266894312624,-0.07002725686540899,-0.09623155615819912,-0.10496700999317574,-0.09350013630139685,-0.06516721328448495,-0.032992641248645704,-0.011966943673294947,-0.00866792768102401,-0.010958443151889007,-0.010655427127209764,-0.008863251385034241,-0.008464265134840943,-0.0013538565412601787,0.00956928093958157,0.02012582862922698,0.022764462841811394,0.02289463059897917,0.021483694528307094,0.025237546040161308,0.03635194967616339,0.048071937638207725,0.05884512143635687,0.07141445421836871,0.08676139225658339,0.09404950658462301,0.10056033284473159,0.11289543594347419,0.12712457049429546,0.13289361805749317,0.12103764853958868,0.08913176847001555,0.06747373677038022,0.06735698610328024,0.08276381066863056,0.10153995593546858,0.10918809247737817,0.10070513801712677,0.08040853431324202,0.05747056720197984,0.03894235080680862,0.020428047543800176,-0.0008367131266502248,-0.01770897229603477,-0.018212708054857484,-0.002857371779613456,0.012408045344758901,0.017696690984468494,0.010940107325563437,-0.00010475421695496946,-0.014827403635931163,-0.0338079737961518,-0.04692991920461554,-0.05074176428684873,-0.049229822839453014,-0.04759026328666663,-0.04515694438160799,-0.04671726353262379,-0.049054767400996444,-0.0511613980176898,-0.054232927889210934,-0.05896230233620272,-0.06310769724876446,-0.06777774108889617,-0.07112866886732086,-0.07037239083080962,-0.06805638831727011,-0.06963505361228557,-0.07112460502279079,-0.07626914975973222,-0.0811632421088403,-0.08542637511172517,-0.08575966880046185,-0.07620914251085682,-0.05004819175964402,-0.0010623447110130035,0.07555525030997816,0.15362665083697521,0.19149058937270338,0.18330569612058156,0.1558638494353165,0.1286677766541227,0.10740366182209528,0.08693554565441065,0.06983786721300361,0.06742809619427387,0.08372532068385807,0.10252184566660158,0.0838632636547066,0.06102756287688616,0.04638303615712202,0.03665658748831094,0.02967761387128929,0.021562234840838277,0.011564503579702214,0.0033173357938251647,0.00023601739893898993,0.002052109057464038,0.004390421151083355,0.007619023761442779,0.01892909833264579,0.03897149187161921,0.04738711415651428,0.045638790657628533,0.040270550586154266,0.03379141642140725,0.025160027621882807,0.0155518173537151,0.008123209646120119,0.0048444534033578865,0.00046667357466852747,-0.009862220008076988,-0.021023790818122837,-0.018397479794653088,-0.004119060868865161,0.01425685605907119,0.034260653744754635,0.04847437989933025,0.059480035109084436,0.07629129351643557,0.08492511717413315,0.09345796343922694,0.09752924889083263,0.09001703007083472,0.06864526189301917,0.04402514383034364,0.02034080865156885,-0.0003233761679835019,-0.01999922489042194,-0.035113138817708,-0.04011683833840996,-0.031006785799122326,-0.013133282756279929,0.001130529204202986,0.010095864639004498,0.013265797585213977,0.012202671729489967,0.005751606804056762,-0.004634997015721839,-0.02221206659753682,-0.03992763816219059,-0.03640977085784826,-0.026197596734592703,-0.01651846000984477,-0.0026045530787843865,0.012988796374663976,0.026898678966982538,0.03885404034317482,0.044637129098376,0.03703543642058012,0.02050151329778704,0.006349442430230359,-0.005398213912238587,-0.012650053744116532,-0.008767828435773914,0.005887105982253466,0.03224053509034232,0.06183135165690755,0.08363315554068582,0.0914568168265877,0.08304422063206444,0.06377372100169872,0.040556573405317424,0.02205270017061964,0.011953787271404209,0.006917673124654971,0.0034836894760480863,0.00206699549181673,-0.0012965656920628104,-0.008570684943011107,-0.015103485943494177,-0.013724420950511261,-0.004720188997447772,0.0019315837168609623,-0.001477050848817112,-0.01477066951748691,-0.0373850789617805,-0.059584367196450966,-0.07002914904352382,-0.06384561542426873,-0.03800269406305587,0.0006028711476542134,0.04108675396455414,0.0797654695955179,0.11112032434149792,0.12832259429330986,0.13292684902248647,0.12868349958583156,0.12159122530482358,0.12272753383513572,0.13766004873035115,0.16816794198311966,0.22183454660038082,0.2870853593749153,0.3251153058017441,0.30059473285090793,0.22416213867412238,0.14115289990504043,0.08049815549130569,0.0396292529730875,0.017769367823074672,0.010274236442279235,0.02015505755444456,0.037640222269016144,0.04608019809872053,0.04443244880628941,0.042088832631810645,0.036808112672611304,0.031761116578519905,0.02523200178836546,0.013315765154231772,-0.003724818208748417,-0.022598668667100096,-0.038269348665974194,-0.054743452850907225,-0.06749377549049039,-0.07419313600965981,-0.07337680038660094,-0.06589103394107454,-0.04956551110702631,-0.029576775632898396,-0.012942121341533623,0.0003104592698451554,0.013850747991786006,0.029782814314438796,0.04573322558667188,0.06123970755332408,0.07240453559636266,0.0758816555221694,0.06722523727954154,0.0504595396931677,0.031069932987352392,0.012940974057392243,-0.001637997461472436,-0.010289026792818581,-0.012602727150002815,-0.01234931427926903,-0.009418317484914125,-0.004674698720468273,-0.0033771190517916105,-0.001973381000655314,0.0038547499729977433,0.006719716361914967,-0.007445357933383204,-0.044173099390265806,-0.07903855926479449,-0.09934629167454616,-0.09038966390114786,-0.058657395779841116,-0.03066004820245571,-0.0203286441058244,-0.02349450172680098,-0.031806142638719635,-0.04052876767850609,-0.04741966387410742,-0.048601535025531925,-0.03653938163850845,-0.008824953896966204,0.02926260961143401,0.05419149680665275,0.050722577263322376,0.020983828413835007,-0.01398654126602202,-0.03789123486181043,-0.031199095543597448,-0.005102910740452739,0.0347577361374193,0.07989828788006613,0.11311047962144496,0.11266894860583326,0.07508902963052555,0.04145613624771184,0.039378867645186305,0.041940731778424084,0.03262508510938294,0.01928974699910352,0.010064438743431917,0.008784915554043812,0.015537505556333589,0.026525649962718233,0.03926216131664869,0.05541912807450707,0.07078359902904027,0.07335560411777728,0.06442833414431247,0.05406086779706434,0.04951309178399485,0.04757016144943301,0.04324905378556264,0.026448730007520738,-0.005549881828916166,-0.04600613620592154,-0.07596867942105387,-0.08424340065177388,-0.07021234056025705,-0.046508420502358754,-0.026416904128382383,-0.01510754831362002,-0.007675391053136379,-0.0015867377101240227,0.005263789352205888,0.01087171389096917,0.01326783111284739,0.013683885225448755,0.01888790429270419,0.023607966821076666,0.02081020290547836,0.013187877771261035,0.006072522379122511,-0.0007776746369074648,-0.008211759097715212,-0.015313267781657751,-0.01599623294985962,-0.015025573347680576,-0.011796811836344961,-0.009013595060643163,-0.005379031567682708,0.0019347770071249447,0.012700914506679544,0.025364356219620313,0.03782137635614187,0.04593079806977109,0.04888061699124217,0.04780061429554955,0.045697912358569744,0.04321384442920342,0.04114669972192459,0.04090662749162067,0.0450518137243904,0.049528444265530026,0.049749646609494706,0.04400411597138233,0.031053008203197282,0.018623456940851966,0.008078105370875102,0.006586503644736607,0.021385808779045928,0.0399273674269069,0.05121240437301861,0.05534888242512761,0.0594197201497812,0.06229499911579358,0.058401572978473384,0.05339363912345777,0.04924288397430822,0.043305189352322714,0.038271511897737025,0.03330262561517169,0.030619166545267196,0.030265914666596474,0.02386411035368091,0.009692459305244924,-0.010923514795345327,-0.03206677467929308,-0.043464133704260347,-0.042210549339999605,-0.036298740675499964,-0.029697874531094137,-0.020883533962062197,-0.01231777916956039,0.0009074066223117485,0.021924465856313528,0.04832261599290121,0.0677152248656796,0.07690511469752646,0.07891216513019338,0.08401241406124424,0.09961521415716325,0.128871588993192,0.15384144137331035,0.16616884267879828,0.17111314406375117,0.17222411111245797,0.16686010359931897,0.15703202564383387,0.14243663498899425,0.1235739962747574,0.1022428290894253,0.08349718640569764,0.06449964631016321,0.04227923844873053,0.024326598479524456,0.02890399434637995,0.05389557124565824,0.08024498997630623,0.09393254612349285,0.09511493787217494,0.08879251430988316,0.06004849977963384,0.011623989500291745,-0.018219954738355935,-0.03393149894808123,-0.04582194681282331,-0.049029869386423966,-0.042828672284801715,-0.036450245012415575,-0.02754021780405923,-0.015985705763490073,-0.006679335145467562,-0.00404146643835857,-0.0035745741347728496,0.0016910122029435138,0.009952243368645343,0.020005036688953353,0.025709263698246998,0.019185039856780457,-0.009316765703443081,-0.0475191906098808,-0.05153048124563146,-0.014941294831063559,0.03090843008846843,0.05768178172369245,0.063081673827038,0.054918671421465136,0.04393955752061096,0.04383750279445113,0.05516073213757992,0.0662209025055482,0.06958906639793848,0.06339190796264375,0.046995373897986116,0.030369177102430627,0.01945527058878072,0.011524482215333929,0.006507933162093757,0.0050125243135775354,0.014099238414187384,0.028398001518752734,0.03498544716097742,0.028414639137735946,0.01464433012579808,0.0001592782774912094,-0.01581591684411217,-0.03333031709839758,-0.04961534365268104,-0.05688249674291893,-0.055478067803725356,-0.050542510349248046,-0.04129560207409693,-0.030709956341977495,-0.022426170974176464,-0.01999918873374863,-0.02318645877384895,-0.029289067335194957,-0.03522495037988523,-0.03629809306499859,-0.029560939601363658,-0.027483721650986857,-0.03898641412295164,-0.06387791974749048,-0.08809396459903523,-0.09709905138771914,-0.08561501350599068,-0.05619577939651712,-0.017640603556956968,0.017502052799290953,0.0447591844929796,0.06526472831827106,0.07428560045026053,0.06515435642390062,0.03840479070160298,0.009399121325419226,-0.008308830975516263,-0.0058778845741607015,0.011437361470699974,0.029857768693913673,0.04264587358272296,0.04584464786695016,0.04500196671834806,0.04486902125435262,0.04993584826984606,0.05333364527484649,0.04394701330666225,0.023921581433311575,0.005039115541297118,0.0005820446801010732,0.012637857950253838,0.03250244913568107,0.04851803958986824,0.06063802023437106,0.0644287482538341,0.05877077286584541,0.04183105108448891,0.024166678288076546,0.018989881254874955,0.028762009716759844,0.04030797680504362,0.05519715590536585,0.07359088884748444,0.08992938123999189,0.10444786564516462,0.11279521699640663,0.11623771707240388,0.11197674127033926,0.10714973110692307,0.108667850743959,0.11257834094096668,0.11080316815564348,0.09681884384087401,0.07630654142133445,0.05867026442103364,0.05157828445178831,0.0518914817796551,0.05381207754106686,0.05707406118811779,0.05343107664946811,0.03346393998599127,-0.0007922548289571777,-0.03578556315458927,-0.04789809379230242,-0.03755063748169703,-0.012250495404742894,0.023119781229181763,0.07424025927016545,0.10759486902132609,0.11448084694446618,0.10459634786756437,0.09552036106467772,0.09650809460635434,0.05801548713223352,0.06563361236559588,0.07955704966547925,0.09575795076020589,0.1106747100211414,0.10361306012889297,0.06407486277910525,0.052178780041860245,0.05278410888724513,0.05443583478506332,0.0509698897072238,0.04260456682779599,0.031899106651256046,0.02208264377824391,0.01259023955562764,0.0015744338681755107,-0.010635026948149539,-0.019852923414019022,-0.022981082617799634,-0.01667195435953013,0.0001778832340527583,0.022201518580257377,0.016324524025810267,0.006741341033292743,0.0031765978221694868,0.0019299072822699362,0.0011431019873032757,0.0009514178243653274,0.0003262675626044744,-0.0006437772192395907,-0.0014738888152822423,-0.00233548075442735,-0.0053779251713380076,-0.010391052177151694,-0.019313767914395843,-0.03998413836676228,-0.08363525389345539,-0.0336097087012501,-0.008019495243895043,0.0009513896711457838,-0.0010906513214640708,-0.009652184767836408,-0.021579024906634776,-0.02554129887361846,-0.01866364257776252,-0.0052849431322826625,0.001665689330938984,0.0009098126925568657,-0.0020870951652523537,-0.005142223510036909,-0.00846693975199637,-0.011184800488574799,-0.01055217244061988,-0.0030433656615385537,0.015057992354122952,0.03826469933690005,0.05916735354852633,0.07314260858047071,0.08137946840733848,0.08069322562550778,0.07863891987059184,0.07474512960005336,0.07455161886522335,0.07805194067265118,0.0799070878472427,0.07614386864978172,0.07677511791559524,0.08407280301663964,0.09643536593133344,0.10104903843542148,0.09478772314553949,0.0937748330598764,0.10482990258690857,0.11465851307425852,0.10999711974785131,0.09312056326269366,0.07179133312958823,0.05243572409749216,0.035464445550722465,0.0236873071123621,0.023262954628188514,0.03298459340083777,0.03280869665409711,0.018444257343245618,0.004782644590998856,-0.008175062056569607,-0.018833252176784956,-0.016595903957245497,0.002770356935001222,0.026912207151886594,0.03956657162711025,0.04258312916901144,0.039361383811147906,0.03497203324669301,0.028862737357133007,0.02114547922110917,0.011596824539821042,-0.0005609187393156363,-0.008815922082719653,-0.008040087724721597,0.003038106244510575,0.018209872850260815,0.029096692656706193,0.03354811134958374,0.03400668861222246,0.03201798916947051,0.02170111116000192,-0.0047079128008612435,-0.051182182939840615,-0.09705237005204113,-0.12930656379364297,-0.14743239011357673,-0.14635819399103164,-0.1258973999616995,-0.08958006809705106,-0.05338942240688777,-0.017132553664881978,0.019862942803991538,0.05356153183779894,0.068316439130886,0.06361439698472522,0.05211381278080774,0.05094410647204935,0.05940426109945972,0.0704196088926067,0.07058551258443606,0.05114762076965738,0.02383213735601184,0.004712615283246904,0.0005487755748820057,0.003768119081843545,0.007758220781851647,0.009355012407287542,0.007971288636708743,0.0022164890434933308,-0.003802285928230218,-0.00422002627073319,0.001770121558130202,0.012675866902222378,0.02350655705471028,0.02838740145203876,0.029354722889051034,0.027536462223986268,0.021679092698718015,0.014150899345986089,0.010191103432361662,0.016997004436146837,0.03914898711110028,0.07226552518488681,0.10139210514700492,0.11011809173910729,0.09211103670541644,0.06481832126355416,0.03647455340142558,0.0065442327118829325,-0.015399345988548904,-0.01928388897455558,-0.01393656863514923,-0.00571958370447803,-0.00011534297047960158,0.004077224365127207,0.005605323780346497,0.00509351962516523,0.0020784209474030246,0.0018117438056193089,0.0005315436531231227,-0.00474171404267739,-0.008211466850597603,-0.007587558146098417,-0.005494292171068523,-0.010335155637904403,-0.021244610420657884,-0.037596080994568834,-0.051819853709441914,-0.05996114741060756,-0.06402367320200907,-0.06457541854207167,-0.057028154043809044,-0.03877003562067708,-0.017095201390696983,0.006053785444942689,0.028543688128119048,0.04595908826782737,0.05979982001873958,0.07406773418324532,0.0959472361182994,0.12353470572243146,0.15595816410280597,0.175170910849192,0.15825942585377734,0.11979163192456624,0.08497268828979204,0.06054798679902102,0.04031145114634064,0.02483164062643078,0.02100707412332405,0.029025956933913657,0.04022444695612046,0.055265827318953964,0.06973965314217108,0.07660702102902875,0.06135972770366433,-0.0018821947364796093,-0.024306822228142497,-0.03259957253523827,-0.03719697225452771,-0.04673764732038736,-0.045649974422095334,-0.004963903916248784,0.009982530912284694,0.015364461680674745,0.015543091801029802,0.011473749032770687,0.006056936074062552,0.006522169075467534,0.016477149111770492,0.02839471719329186,0.03700109895467932,0.03770740774791862,0.031741047604200864,0.023881485274744957,0.020652375465499483,0.03567676064161253,0.06291511808037038,0.07866858262927348,0.07477559806803387,0.055130834854173,0.028788393764971526,0.007174378910286417,-0.010191228613749655,-0.021001928325634328,-0.02645515809321703,-0.02761652371550695,-0.02369023610250743,-0.01313403466927098,0.004515301131537846,0.031803918637048845,0.08005490462191922,0.1651011720940469,0.2744933513247624,0.296189415977769,0.22595534044144724,0.15623408156562876,0.10357628867637185,0.06848348597424951,0.05053097763809167,0.04692321986960549,0.052947726198966545,0.05897884232361006,0.058649701004235034,0.0459356991537972,0.024382092818929522,-0.00047756908940036993,-0.025186350151843763,-0.039979189284659246,-0.04484615861317801,-0.037112099894338224,-0.02291088486426267,-0.00860793179907423,0.001344925154386171,0.003932245649106727,0.0014819964538549028,-0.0031874189192367874,-0.007760832342485358,-0.009682094418888995,-0.002765241790824959,0.009714025499393226,0.012927949458501784,0.002108407869119486,-0.016356565022890183,-0.0342732973466319,-0.0471140852835917,-0.0426039046163809,-0.02239497566903037,0.004501797442454601,0.034978669286017276,0.06326872675971293,0.08042483108981775,0.07594322816073985,0.05307851943797806,0.024348913821060962,0.0038837854029742168,0.0013406698449754714,0.012686925838817475,0.03617990574583754,0.0640271642988919,0.08377428333410598,0.09612090098708148,0.09586431091150631,0.08360071454973528,0.0644538910528192,0.05039229528530476,0.03332274807525395,0.014925407099755402,-0.0010222825752868342,-0.012752451902972308,-0.01595799232392994,-0.0066439164124787505,0.004037821491809052,0.01062729336037585,0.012392633826909548,0.010297606256780539,0.009116035528188373,0.014194870187060065,0.02293503167000941,0.03394390590446935,0.038266035004619954,0.03923336932350941,0.05149900226328834,0.0625281756898667,0.05332202455205783,0.042909625692726994,0.036939670643926614,0.031682752313380025,0.027812374638107727,0.024230885814852405,0.020977131954657665,0.010317609291013809,-0.010036606810016398,-0.024555906020564258,-0.03271021312559321,-0.03441820319227317,-0.03378364933724167,-0.030103360727988072,-0.025175369260809145,-0.018216616320112372,-0.006034424638834497,0.009810383760113048,0.027633624433793268,0.03402934701742349,0.026530245319634913,0.013917394898157532,0.006754078020225225,0.00946278627000362,0.018965410341186276,0.03830109720462124,0.061187398496543706,0.07056366996854102,0.06378520834095451,0.052456357534210095,0.043264026687137205,0.038296061897624974,0.03742871556313929,0.04274540824432181,0.0515692287320801,0.05878768692154879,0.058327944770780404,0.04682187338068811,0.02576577746072001,0.012435177188118061,0.014690922240859609,0.02128006480113262,0.02701980453851269,0.03241919924808831,0.03537291473682146,0.02450229562821365,-0.007123278829723091,-0.049744627782101876,-0.06784282005644873,-0.05514041717366615,-0.03339081755424901,-0.019856299346592898,-0.013706435071732985,-0.009923661485554177,-0.002764264554023304,0.0036195145905060966,0.010793467823147307,0.015101847586768911,0.015666102980629024,0.010536139322144164,0.0024791338570266494,-0.006155311256457249,-0.012671314422169247,-0.013397620030602068,-0.006912202320291274,0.002318435939349716,0.009262829408083229,0.014853293803987831,0.023336386719460513,0.03273257938988678,0.04296310301461589,0.05650848887192472,0.07477090249733788,0.08133716278708235,0.07002800685698196,0.05049871508615006,0.029366282654349988,0.006094618948350634,-0.020246501294216974,-0.054284207363559364,-0.08249409827642414,-0.09215167053524746,-0.08194803358500093,-0.05892926458181792,-0.03360191602449706,-0.019743178585142455,-0.017170850528485847,-0.02128754034447712,-0.024124245643884407,-0.021484957434131643,-0.015461398931695283,-0.008829919215477681,-0.0018857192577576244,0.003730683380795059,0.009853966100206607,0.01487274751119966,0.01769053326885124,0.021482884895737984,0.027154254478818203,0.03412191398595933,0.03659291498648905,0.03721562440984416,0.03553228562513458,0.034208667090363236,0.032225626713730894,0.030285413530646347,0.02625816759824181,0.02069019502421105,0.012324274878398772,0.0013520205557416378,-0.004316927276642692,0.008890921597109323,0.03516237646266204,0.06406627014601293,0.08346244075494305,0.09037729769791727,0.08501065395970299,0.07461115542478637,0.07016457504208294,0.0721317392413896,0.07705872190595592,0.07600691597046869,0.07156808414880593,0.06789370601787231,0.07857468808299466,0.09884150938362109,0.1196631748630767,0.13070633703700651,0.12364983193107504,0.10747366599647934,0.09112369241634041,0.08301651429213854,0.0931996766395634,0.13416220167764975,0.05977637353084305,0.007682451081709284,-0.011793788037213579,-0.023309170657301596,-0.03040282522964417,-0.031868325797930766,-0.027762416358597414,-0.019113696866016588,-0.015592347097802937,-0.01804462725388836,-0.024681032919434683,-0.035742751495661265,-0.043558365768540386,-0.043957426585761364,-0.04077017482162659,-0.04041073738651512,-0.04660078345700674,-0.05218870298745039,-0.014325381649433437,0.00842831257884284,0.017588048361456037,0.020814794622511575,0.018618868597453025,0.010849087342523047,-0.0008222281973158674,-0.009667380049317723,-0.00939892470655637,0.0060686399422666465,0.03271056753622064,0.050841921088585734,0.048413236080122546,0.026158190720762153,-0.007987732604837027,-0.040269976166335826,-0.05846885862244932,-0.0628837560632163,-0.052798223776547935,-0.027011639369746678,0.0030232938605759137,0.022815441328405083,0.032823257387283776,0.037685279755188025,0.039467769300441415,0.041818515379445385,0.04625003589373064,0.05804738100669515,0.07240738041469046,0.0855418055492079,0.09667460126045187,0.10084113922595872,0.09606022960848282,0.08526925462407924,0.0776996969232597,0.07933490313524082,0.08733688577515149,0.09264771249004636,0.08584465510735828,0.06583758842122876,0.03927661668094719,0.019944834278772437,0.01223779233033479,0.009893288985644457,0.0011810981114860218,-0.015306115378671924,-0.02449902805812078,-0.01831768627318502,-0.0022773634565142467,0.01646537572200635,0.03613920254304578,0.05810690253685614,0.08182180831082256,0.0981063484814209,0.08186902449100203,0.05074372681994263,0.027366038551295997,0.00884349963404435,-0.0017519302701606834,0.001885079449050889,0.019948893102995233,0.0428199212359728,0.061402478444285,0.06506944650312153,0.03255298359309919,-0.021615618573735746,-0.05374225334903214,-0.05975070987353615,-0.049348939523028795,-0.03241661027206192,-0.018406050518472123,-0.013601382166205739,-0.02046118421677447,-0.03795317363481365,-0.056986181184510556,-0.06815086681933362,-0.06215009423118491,-0.041928371205770025,-0.02136096914734545,-0.009350788836217863,-0.007405541451884796,-0.013297363709049267,-0.0190338856386902,-0.015591444026150546,-0.003174465701886255,0.014712119724605295,0.03324023777857603,0.04611789830917993,0.052937349718847906,0.05433966285362893,0.05377103228744624,0.05726371145390585,0.070786107878117,0.0871489168174874,0.09904021040943706,0.11099110262434525,0.13214281828363322,0.17146256493186787,0.22598932619601714,0.26334417351182415,0.26267857914150605,0.22824686254860432,0.17784456426085254,0.131942945146963,0.1194250508876924,0.13833937017611564,0.1597906874094271,0.16895593433928754,0.16120802739518933,0.1502335881602363,0.14061686396047773,0.12520488654070083,0.09931510481132934,0.07113970132917463,0.05406210513317096,0.04954519511722086,0.057117273906789306,0.07098626637490867,0.07763183143722438,0.07619173942822513,0.06786296136217004,0.0640406311640454,0.06417575999366015,0.06775369452395032,0.08014007723862239,0.0937189969420822,0.09654765820736444,0.08220513177142155,0.06320961101271756,0.04578386290995438,0.028026982235987933,0.005842307443552116,-0.015211331954056493,-0.03189348044227908,-0.039623121280106394,-0.035671935165439324,-0.026000556031276063,-0.020493535485674563,-0.007534267528867381,0.009553085785571914,0.02291286899466913,0.027294812986465293,0.027371325661229667,0.023649488083807076,0.02097419967611288,0.01979204942295419,0.014939126766253162,0.0024992754111798497,-0.01588743062159255,-0.0312841946601433,-0.04491638148761308,-0.056784897542390245,-0.06021719556287884,-0.0659139916066473,-0.07665993792769192,-0.08984250818019439,-0.09238757377967857,-0.08461072919634884,-0.07672422584903317,-0.06985538797361983,-0.06708284925640828,-0.06684240113994036,-0.0688012354009056,-0.07966794521947254,-0.09289193553559551,-0.09710442540079853,-0.08887697826545854,-0.07578158484104099,-0.060059243554860385,-0.04872016241023349,-0.040423492064111846,-0.037857059455299547,-0.030208405946768047,-0.010193771527996198,0.0009120080448071559,0.0042940364261490685,0.006180646429045299,0.010818675488861394,0.021169609026683026,0.038440202566535374,0.053786061550546514,0.05195754207684827,0.034635127360793355,0.019821987176681443,0.012304897920353964,0.015271276724563267,0.026934637477051472,0.04404199487615817,0.06296741050086323,0.08137256187110838,0.09862610004467372,0.10916728391475419,0.08728879003282945,0.05685384574253475,0.03368130044575914,0.016480311104113986,0.00021951880267053408,-0.019412051897489842,-0.044491304022855394,-0.07497695431945738,-0.0990859963409195,-0.09489434186992424,-0.05128166499058828,0.001509957425029025,0.05045204015159968,0.0909782334762916,0.12371792900853999,0.1412844770570055,0.11986088192873236,0.08312510985242147,0.057718684556251586,0.03951341426915346,0.022738489849835748,0.012495927260725811,0.00788103276971735,0.005637089923729144,0.0015694978008068416,-0.004392111894730571,-0.01738196075168761,-0.038848270110443735,-0.053170536026567725,-0.03797535811134825,-0.030049151849785138,-0.02814514821053602,-0.025403016202238126,-0.020169291078171833,-0.011308883087732004,0.002172939526551654,0.01574624080856735,0.02681907015980461,0.031609268128227556,0.029402131826305033,0.024329070673464626,0.021715506553394492,0.031511729248730906,0.05935253868020912,0.09746718122182293,0.127494393613316,0.13011303660954213,0.10227410590748126,0.062108888362541304,0.027121842825634155,-0.0004950504449283572,-0.016847103481298573,-0.017988782498751073,0.01011025219137085,0.05963165505760854,0.09013283186767501,0.09557150222283473,0.08140163327258955,0.05833758427029063,0.03911167347247559,0.02952807703775887,0.027557484348380117,0.027680038771084846,0.02527989919461922,0.0173187844378786,0.002019374965944802,-0.014355076058327726,-0.02432602244418929,-0.024718393539964113,-0.015778072926511965,-0.003079951443754308,0.0036112598007480646,0.0035944994905471894,0.000217238260919132,-0.007080995694254748,-0.020174260738358256,-0.03376033773993067,-0.03720804523995773,-0.03385774368840626,-0.02929703711554874,-0.023984342371111744,-0.01627904515701103,-0.006258628561612797,0.006312171993787762,0.01906151890799289,0.02994859922451346,0.040452162570757066,0.0480318506094518,0.05214635215565413,0.05980834702915873,0.07375976421245174,0.0901687291854227,0.09814276163134344,0.09561640600316224,0.08942231899677547,0.08263476381597575,0.07910797113103721,0.0787223155213044,0.08484464627999268,0.09406607218599046,0.10150330491202048,0.10733964769086954,0.11227649148474954,0.11462295232415788,0.11058731800412598,0.10243034791489826,0.09274792623742728,0.07588197497717192,0.05308578475081429,0.027395707298921327,0.019132085857331543,0.03181766550809028,0.051278929466876705,0.05332346227015347,0.04075136366014509,0.026639457199275497,0.020381400793500377,0.022691220840679927,0.0338690212022823,0.05266908750159476,0.07011722116702272,0.07354104312943227,0.0674335886287977,0.06147394521011952,0.05708137583964869,0.04964490415262862,0.040776382178957966,0.03584325551580689,0.04207094536784998,0.06553989852180862,0.0607826323865864,0.030104832603023882,0.015844928695776056,0.008697614402347838,0.003430114581480021,-0.0070507606582718,-0.026011812544245873,-0.04562131250288628,-0.050388296996875075,-0.041355817251032864,-0.027204881749310964,-0.024751150832906733,-0.04152396272821478,-0.06355899261204043,-0.07588192931010479,-0.07463163878526272,-0.06565100871971054,-0.054240039516128116,-0.04572539501380502,-0.037067180387555895,-0.02667763589113593,-0.015438042168944665,-0.008184286283228424,-0.0025150360971299144,0.000493398243500909,-0.0026965515417815356,-0.014434930017616037,-0.03111175836199254,-0.04518578242380806,-0.05201121497936298,-0.04698327983195046,-0.02133129227986927,0.004948710081368836,0.016134856457030118,0.01820482931409383,0.0123663148810171,0.004170843325946468,-0.0036506054189231873,-0.0075498816878827495,-0.006753874603528685,-0.0017177699273849536,0.006629173586858867,0.019548991704482967,0.03332623120301078,0.03928686738578096,0.03965819111222307,0.03682318747458436,0.032723094152565003,0.02713383086302948,0.021150978633545932,0.013801669494665401,0.0024699825867909976,-0.029346068098841462,-0.10200295580195236,-0.17720113055228928,-0.19843596470302324,-0.18049576667298373,-0.15120098532840576,-0.12069073268126457,-0.08451847877643306,-0.03886991283882395,0.009371419042233639,0.050496624827024106,0.07045485303584936,0.060351929582793694,0.029827589342126246,0.007180622178222125,-0.005132255529516669,-0.010267645250530939,-0.012524857089735539,-0.010953896037609325,-0.010142961181280217,-0.012549775342969029,-0.013638900944279131,-0.0030058310534399123,0.01951264920818333,0.039671946648370114,0.04513366711761295,0.04376019033066216,0.036302069449956766,0.02878544305363547,0.03106737953861447,0.04367724266110707,0.06497090678513075,0.08665816543283542,0.10071621745896081,0.11131252769782822,0.1271546967662557,0.14963936637405242,0.17297416649957018,0.19872449330991288,0.23515749768676922,0.2699478685183221,0.2809802147039358,0.2511516153008104,0.18791989227071318,0.12613601545040112,0.07500827743836025,0.038431733025732516,0.01906626933409464,0.01964592883741536,0.03774715736343505,0.05850665758675545,0.07702138465532327,0.08465937537858607,0.08132848455807774,0.0695999249416111,0.04969304809316037,0.029139503973606068,0.009413949828385415,0.00024191734919049075,0.0021862732158441224,0.01019913833627855,0.019897090905192347,0.03230614648419508,0.04496689345675237,0.05074370430062652,0.04841416754734542,0.03521257811038899,0.02094397230668185,0.013911297182319695,0.015422498796058183,0.018552368126710295,0.020946907406117526,0.022292388383851326,0.023811443206286555,0.023815780200456944,0.02580986475840986,0.021172098821961756,0.006771530444056804,-0.005832062417637355,-0.011750543578484415,-0.0015321449508490432,0.025016765782623008,0.058570517321316656,0.08356904999368424,0.09616264306704822,0.09942786979015693,0.09740685913679606,0.0910275954429452,0.08060181985863214,0.0644082804194358,0.04100313908414214,0.013466563401739217,-0.009973935840541948,-0.02137338540797267,-0.01881671670607946,-0.010811839107026528,-0.004104063434313497,0.0010569633714384605,-0.00015153204862490931,-0.009035092154593232,-0.013373605284881967,-0.009078855593977366,-0.004916385364033747,-0.0050554750722714295,-0.009334629330061855,-0.016068487085521915,-0.0236862491681114,-0.03342119677074946,-0.042565277159246837,-0.047076512948012926,-0.04190466268117984,-0.022411094404294115,0.002889046250941796,0.024471866231100623,0.024048676630564758,-0.004077523350990388,-0.038812132046995636,-0.052569349399432724,-0.04804652414822247,-0.034844531960894085,-0.022838596215527557,-0.014748458923745707,-0.010658182005158532,-0.008471758755516784,-0.007496718706535271,-0.008694979237941021,-0.009018068115440777,-0.004705459066974454,0.0006747112970909629,0.006321253215187154,0.01317070226440439,0.022164945029082866,0.03340440720933051,0.04444354292402058,0.05368676346821724,0.05922708792851521,0.057444784513941145,0.04587952555738565,0.0429617999811077,0.04634568033330447,0.05113195639111442,0.05792543537274123,0.06920918536355476,0.08038260385537122,0.07653896434684136,0.06542739088214651,0.058937010934886666,0.052788910530245536,0.04647709213444993,0.03882261579602182,0.0321075828895655,0.030614363091040535,0.03184508722431461,0.03316663324248339,0.03991297316120891,0.06084728036364537,0.09459900349406958,0.11805694583697411,0.11892073742007692,0.10871457066952961,0.10154601801229508,0.09462198606750437,0.07714513867864747,0.04504958827736681,0.010310013116436006,-0.015183601388314033,-0.025055059121952685,-0.020859492058120398,-0.008561732990905294,0.0017755880267437073,0.003993453156217758,-0.0037525039907759907,-0.016735743510605517,-0.029858826725426856,-0.03451710704984206,-0.021147543057941497,0.011782576051110947,0.05145804148145628,0.0754628104080201,0.0682075902086896,0.03570382717675081,-0.004875719538385869,-0.03611508329096296,-0.0473979624460082,-0.04326617728543804,-0.031310783813491457,-0.014931680933734941,0.004942765160580184,0.023270870643088463,0.0355373807451655,0.043369907791622433,0.04379993806135823,0.030194970729849602,0.006593081895151039,-0.015197812605821452,-0.02543670039838506,-0.020032280569606906,-0.010739747848262591,-0.008085864823599857,-0.009240289191837638,-0.014590483287143184,-0.020788153713019206,-0.020845600210904064,-0.011089076041232878,0.007497448306734394,0.020651806123436162,0.020113683296468683,0.015031590716764456,0.00935089149511774,0.01472678354471757,0.031375004815444286,0.05644079210191551,0.08444916320249446,0.10465759397146067,0.11667385043964634,0.12738129162077808,0.13224536550689767,0.12967237983374008,0.11718844253178966,0.09804608952293732,0.07974978914995173,0.07038067996489858,0.06411463069850853,0.0629145233197712,0.054740924404543416,0.039263293156748945,0.02552306873129425,0.01760076750124609,0.016412440431586864,0.020242775086851232,0.025928907512085795,0.02743352367316833,0.020177795634092423,0.00477805506199914,-0.009104709040753441,-0.012571926787040619,-0.0009057080520101955,0.020572261393852116,0.050935204924988216,0.0960023404770891,0.1429377125442141,0.14895725996190062,0.12917885927393238,0.11766819889564702,0.10917955382471112,0.0938456398679797,0.06980580828483024,0.055554705913647195,0.05836983680486613,0.06760951403812343,0.06779311347909857,0.05698300934771825,0.0383357269851668,0.019301770915387154,0.00270863420833216,-0.008256154842425768,-0.01396158486280216,-0.017914787654843202,-0.025124203893693617,-0.043026873732490846,-0.06941556131445621,-0.08796447432042158,-0.08378859070710817,-0.07196042755177917,-0.058012990279424505,-0.03906094118716764,-0.007611245225049954,0.010916177853645688,0.011554400602507687,0.007875352432783604,0.004470306149492698,0.0025292833233372353,0.0014699417125876109,0.002045054464702013,0.004051913429818921,0.006808980483580594,0.011670988929944861,0.017315910691919827,0.02650815687960317,0.04309331565815401,0.06228895076702286,0.07534752892966466,0.08517602415458414,0.09128818486087312,0.0928080497152444,0.08689322903399721,0.07761319388373202,0.06199938419433251,0.038235854697186544,0.009294776645573986,-0.009069869839770667,-0.014018572534851462,-0.016231985089390725,-0.01894898463226903,-0.022762060091339444,-0.030247612335678548,-0.03253818220839133,-0.03039524535089711,-0.02500019137239596,-0.017152592673003907,-0.009551006376258737,-0.0023343543353538123,0.010251207749506263,0.030672550752164074,0.050367631566418415,0.05675205505632778,0.04383757105602708,0.018351708464819826,0.0010592969615035668,0.0044536232827796784,0.01643844304716445,0.024298670077188354,0.01813094991170089,0.007722961874830765,-0.004874477248043801,-0.009692487798682044,-0.003716994466180739,0.012112350695799122,0.029039236882569854,0.04125642279382505,0.04960521325525371,0.05739819602454286,0.05955757337416265,0.0414128270474974,0.021078287228013352,0.013471482482348555,0.021393880331884375,0.032106023304719254,0.03920291327919334,0.0390961322084641,0.03385196142467779,0.0180448841743298,0.0028767494348243034,-0.0021298259023840487,-0.00032614620735973483,0.005931886863566642,0.014672915881497007,0.025181164077681728,0.03696219223344548,0.043644345723260765,0.042706969606742,0.03446317625645178,0.024464540444515338,0.021044470859284643,0.02448286012305431,0.030819531675842317,0.02745831840833942,0.013592077747759407,-0.0036928142018968647,-0.009743216510503323,-0.00011086266106254918,0.016375176267777167,0.03104977973201288,0.037410388137023846,0.03408580033648178,0.026790610882081844,0.01703285688533469,0.008350427427413643,0.002005678009885981,0.0036228397977771856,0.02405660261622355,0.07231250788292347,0.04820038966876511,0.02097857100706043,0.00046607623022324775,-0.016802505361705966,-0.02710802817185907,-0.028836265388411973,-0.0206894589912884,-0.010826208054645669,-0.000635443344793447,0.014898564985641197,0.038314232934755166,0.06514671632661966,0.08991446723002625,0.10772019708444006,0.11990912245574942,0.12809371354683502,0.13334240875525416,0.1342325739688078,0.1274458875472907,0.10897217677419124,0.08045259065364986,0.04994793132442661,0.027016984753157013,0.01099292114492152,0.002378806444032843,0.0020984289827586304,0.006650345805716997,0.010308813369936455,0.01958941259641441,0.03100426312818244,0.03937220827074368,0.04328037168459237,0.0436482273882705,0.042658498341186006,0.04383013241627652,0.045011497831227716,0.0437161735435502,0.04025299605213229,0.04139478634637714,0.0578003220703229,0.08791475498096879,0.11105128812472193,0.11323267400710588,0.0876951554349831,0.06625126011069235,0.05851996339696051,0.05747258600249953,0.065332954047866,0.08222519509957689,0.09916790897583325,0.09896353427738612,0.0683497423675263,0.02448455927123922,-0.013900304296739805,-0.03691237655884605,-0.04559459147410511,-0.04141916813885034,-0.028765145484978598,-0.009653308096038904,0.009049396163618493,0.016541011032915196,0.009435511471573888,-0.0005497037295840556,-0.002558152599414914,0.005638134769415532,0.016663067375671824,0.023391189474802263,0.025239239669462617,0.025548768356059074,0.030953986726944504,0.04037521728828106,0.04945784530489697,0.047806092045368724,0.033674836210720684,0.008578101662126601,-0.014272120005905019,-0.024038076665786633,-0.03590011315434863,-0.04962108898987686,-0.06219578923490173,-0.06159734328829745,-0.05289910026034773,-0.04576832833555681,-0.04660348748019562,-0.05192404442682197,-0.05849816884608228,-0.060994956985781335,-0.05697074074025642,-0.05151328083547141,-0.035632019478832364,0.0021391630180543587,0.04818322043723721,0.08171492144533342,0.09174312339121625,0.08084655822969018,0.05606794603035288,0.026040057728435675,-0.0027290675183355055,-0.024579340030197346,-0.04033022108895984,-0.0485091956471994,-0.04751444982328089,-0.03602478718719296,-0.0215964911166343,-0.01071987929960081,-0.0009765919027918985,0.012474062327926609,0.029931605071077665,0.04593555791933394,0.04785846433737845,0.019785001588567778,-0.02254076901950949,-0.04995190993886879,-0.05057662279651156,-0.0391180042133823,-0.0295404669012428,-0.027863038715375724,-0.02882468324084896,-0.028779378124476625,-0.023714321390906533,-0.01932048228280412,-0.023296969105098392,-0.0347984333531744,-0.04295584048520283,-0.038767976712000066,-0.025448650770921614,-0.005622785036673048,0.013961920301585872,0.03516680676386579,0.05475285200801806,0.07651296609991193,0.09683313165676902,0.10914140851538795,0.11202321363143013,0.11064388566429666,0.10923851085971392,0.1127108527543011,0.11891852823437093,0.12258648702096658,0.11531619640338747,0.08717062970322348,0.043696269081135504,0.010627786119940719,-0.0008854931000018492,-0.0019887083602499462,0.0039720021997429085,0.01933924368806462,0.03918450909566533,0.054838896656595554,0.06808156834344159,0.08291283432025676,0.0927913422235044,0.09035953227744684,0.07138349482415766,0.04210526348673705,0.022948336669008054,0.02148809161576406,0.03190994290056478,0.043767387658060763,0.05718838146841178,0.0800912601947551,0.11841477159121455,0.15888768952532584,0.18517245112924913,0.18386548480845266,0.15113866602780834,0.10124621098687425,0.0555371781859815,0.025404308557184858,0.01544444958886147,0.020256030552729832,0.034021115828700814,0.04916440817926878,0.06050981163601538,0.0603221443798297,0.045612770541314546,0.021793963534970012,-0.002000620454727405,-0.022453596961057858,-0.03338904494101842,-0.035334492354728415,-0.02683049003791008,-0.015438430355770107,-0.0014566878018846723,0.012938483747454845,0.024423952757037154,0.02982344492642648,0.03234615540882828,0.0431442132758783,0.06565782743798364,0.10376347610626453,0.1526260776976418,0.1660494904001403,0.13628135394842994,0.10351787969132481,0.08073155173363909,0.06795200960825154,0.05938814148981265,0.053915948476142186,0.05311414198403928,0.05395845690506839,0.04906247750351981,0.0435704741318247,0.03994783138488839,0.033153161740722595,0.018328267428325714,0.003456525113594569,-0.012558686484623457,-0.03478291108211474,-0.06723386795110946,-0.08980601664552589,-0.09118671497540541,-0.08106169290291569,-0.06774479410410779,-0.05274583651564151,-0.036917316822954876,-0.018345557872311073,0.0015324841951417619,0.017139550327576258,0.023187519204501073,0.028175781249329918,0.03103166367960924,0.029738089720575445,0.0259039312103884,0.022973662497777474,0.013294939744177682,0.0012632090175725746,-0.008417164261436029,-0.010712594053833815,-0.013266428019706006,-0.020887876704774707,-0.034353640670872924,-0.05208501326393912,-0.04344018799562177,0.00437697555491421,0.02536763071315268,0.036034926395049995,0.04477853678948794,0.050931094964984575,0.057656131758240255,0.07222937813238316,0.11315194535014837,0.2311672740096222,0.35335009583955795,0.1454101433119694,0.059807705569128934,0.015611260907301411,-0.009800593560255462,-0.019628321597302698,-0.015509523036110622,-0.0048846062779377315,0.009265267383606637,0.025964465977169286,0.04230329905813054,0.05532317150834658,0.06124008016340021,0.07048949838155953,0.08466634796213883,0.10196516242740573,0.1123952778682632,0.10235894105676324,0.0862457033986486,0.0679379074031077,0.05004531700942442,0.040212479644316276,0.036360731897250455,0.033962962983963285,0.02545247799410681,0.00401697778478046,-0.04112080074328328,-0.09777797178655574,-0.1421929304389256,-0.1664976208412039,-0.18874234007332902,-0.21243603265590252,-0.23281575172837093,-0.21633836118858335,-0.13640405209185874,-0.041732876514294845,0.009511457132167004,0.0015659208428711222,-0.01676867513107363,-0.022274675195474988,-0.01663237466151526,-0.008683219512047315,-0.0026939099287114385,-0.002513937799054685,-0.006317652781895109,-0.008648839101759037,-0.0052407905995811655,0.0028492101006450336,0.009924592261735641,0.010992268972634747,0.0050673639960788245,-0.003712944186112255,-0.011095432954227834,-0.014226376571460973,-0.01279562103756538,-0.012474202634172636,-0.02220176888789935,-0.03355846254133781,-0.037210159058341054,-0.02715387543608361,-0.014022352103165547,-0.0011521234952574823,0.008894379695897618,0.020957612769853605,0.03417602130479418,0.04737241178086695,0.060335181782087494,0.07065496959454406,0.06896068135357747,0.05677647522897775,0.04136446497399641,0.029858640014222598,0.015504038756554338,-0.00293261826198101,-0.02832833428092575,-0.056637480006753387,-0.07507077277673986,-0.05342397675363957,0.002855373736538707,0.04679129803773396,0.06950706850194313,0.08131355300825549,0.09151615256001547,0.09657289230030046,0.09589580295194032,0.08759885945371779,0.07363034617297189,0.05887243700443113,0.04869703364161069,0.04424741037216567,0.04437859682056914,0.044003993353925984,0.04444402835949358,0.0464198326027158,0.05475011542239052,0.06514950695456763,0.07119268163833599,0.07356707523644028,0.07043173921865828,0.06049508219262528,0.055716122343838985,0.059610605603434196,0.06998696106726494,0.08425083829201825,0.10221777476404277,0.12001064204363966,0.13092026736077814,0.12959866986302923,0.11542368801790166,0.08714674543085368,0.052641012435385555,0.023536155196576477,0.0038128329867471622,-0.007739819734597603,-0.008065939880585278,0.004735304782107144,0.03397895663677508,0.09631291048698379,0.17865244003333408,0.15578296961927504,0.0749244230686207,0.020135196223135216,-0.009861308849516458,-0.02703509227961135,-0.03682111292168197,-0.0415819897094717,-0.03976329259065437,-0.03501142604147991,-0.03092346409779104,-0.028113822100770954,-0.025069206437145934,-0.02050400449735432,-0.016427542067991813,-0.014091995551315262,-0.014809006994003428,-0.018060178679569994,-0.021880744586163802,-0.02579182982365133,-0.02217674349752452,-0.012576351311184482,-0.0025122933581003255,0.003479232043354998,0.001795544935989746,-0.007983742467535887,-0.019973332838312957,-0.02108705806300223,-0.004085820474924715,0.031338859659313094,0.07056471750890166,0.10149391035942879,0.1168565464143718,0.11267067597064051,0.08978005808902184,0.05863706500645892,0.028497745404372814,0.0035102090668071985,-0.019728980528213657,-0.03706470965902504,-0.04556454585270926,-0.04650350483191918,-0.038824036732194096,-0.028467689829132233,-0.016869367615013543,-0.006997444502736976,-0.0009566865571791441,0.0028394156381871126,0.003436761289264298,0.005118661563603118,0.013801899527489716,0.03137238314077744,0.050558036980737624,0.07023991874760672,0.08676020603328116,0.098879226487209,0.10696478327324901,0.10747951572688295,0.09797609690383038,0.07761380089791318,0.055906226060893786,0.03698211680826188,0.024835696038027526,0.018556250839862027,0.02147886321384045,0.03594326802091684,0.055853212240081,0.07692834467943957,0.08866079337383634,0.06712552993651942,0.01974850956920687,-0.013621232050428284,-0.025315668476107826,-0.0260973652721724,-0.02282723018678824,-0.017279475188303736,-0.011355870464082672,-0.0061490884772879935,-0.0012206660044987846,0.00290706967563093,0.006304944147162197,0.009591050332947415,0.011401198054522462,0.007312539375613186,-0.009268450342163137,-0.04088430301100308,-0.07048259674650802,-0.08117851569324205,-0.07296463661127232,-0.04893387721515474,-0.010192867592683128,0.034859507687264306,0.07659691938710605,0.10680737735025346,0.12275492415509923,0.12828988471256086,0.13112967765855865,0.13158027825668614,0.1149698703752108,0.08488474676820838,0.06713580399545963,0.06291180926087564,0.06730662930707448,0.07293311110547729,0.07778476498431922,0.08026683910084531,0.08009992398882541,0.0757921076302811,0.06953566844605599,0.059938483380507786,0.049286160578137055,0.039493930863510204,0.033939154587630416,0.03026695365200093,0.025664339174362498,0.01797651020538859,-0.0005198481378105704,-0.02564910439936903,-0.05366511552867099,-0.06943141378617129,-0.06401531605073624,-0.044074728242622735,-0.022643355299807006,-0.010687310011845265,-0.007930367509149754,-0.008898664857248594,-0.00571505960107665,0.0013919878923108382,0.01815731672621764,0.040076605659543144,0.05913703624001434,0.0697218604680391,0.06290127953996172,0.04978945416114052,0.03587601109732877,0.01975685943220458,-0.000506660632317917,-0.02278549358004349,-0.036853086681583595,-0.03319041521164799,-0.015101063835819589,0.009951951572142155,0.03360771752917721,0.04561213498810498,0.045287145930366424,0.035398481381799615,0.02224034566634967,0.010930101896667937,0.004688524404666509,0.001814055390188655,0.004555557740365473,0.008014804951036061,0.009350134989681383,0.006761415979519758,0.002451805529277608,-0.0016056054218917173,-0.0022778223502997142,0.0075335312769065025,0.020878444938519418,0.026639697446264144,0.027091000057681804,0.02686059488594,0.030923875227607894,0.043054886476628376,0.05822612406438488,0.06977766736441383,0.0635310998109118,0.044454779618479386,0.014500411005196388,-0.018706631579839036,-0.04738556805728694,-0.0659521608760736,-0.0760079708577936,-0.0797318252977167,-0.076449508883322,-0.06727313272379673,-0.049382897380375705,-0.03322202083744608,-0.01761664665298778,-0.003160900073034548,0.004765214700224865,0.009011358957502665,0.01266771910829779,0.015388569773859842,0.016851551309228767,0.015363009750297738,0.006325881483859433,-0.009960296924818753,-0.026368889903773642,-0.03300539458455991,-0.031641606854368995,-0.027908128372955195,-0.027534103245949165,-0.031767467031236556,-0.035550595740499305,-0.03690679786365957,-0.037718689136471854,-0.039385405629614505,-0.04086227899954435,-0.03710617924452828,-0.029972382196484577,-0.02223887438842882,-0.014052211201157643,-0.007431776380505886,0.0014333529616448988,0.030037692190279845,0.09442611779427745,0.08491887748939037,0.07049983984368968,0.06590969698179411,0.0708894354871631,0.08433945557245702,0.10423760399802383,0.12580923106174663,0.13357974566810077,0.11803973181937853,0.09209625387939849,0.0698021300872573,0.06023110985983399,0.06053572962325966,0.06437983627899276,0.06821060468089388,0.07593003817744022,0.08756594142884043,0.086416252358483,0.08057547056162542,0.08619327857867785,0.10401612348058438,0.1186012273761325,0.12074116065446755,0.10308974828602228,0.07114322756725533,0.03910875602156394,0.015504373058812354,-0.0002988465068502984,-0.012287627976851553,-0.018240703928835245,-0.01599039908513118,-0.0007320241883752888,0.02477134590398598,0.03321026839336765,0.009188998730768375,-0.01918828989285606,-0.04714402403796786,-0.07055478938390343,-0.09094660205683221,-0.11925953230912774,-0.17070363479260683,-0.17279955655156368,-0.14487336823118518,-0.1305449031775445,-0.12366861430593344,-0.10923413396324949,-0.08100860458399013,-0.05070584803909949,-0.030570937264166976,-0.021402681814344855,-0.01384014088554124,-0.007024993084072183,-0.002271527317357979,0.001571061425516204,0.007670084360799433,0.018338093223844127,0.03521585979650034,0.058333903587800356,0.08228743329524096,0.09891190359060703,0.10262261819614275,0.09371588714062395,0.08258791020787123,0.09221988034848175,0.13704438577948014,0.179720286746925,0.1744323941483641,0.15169362450374257,0.1428569087628833,0.15493451799619196,0.17533550252620173,0.1651324349642522,0.1022889259332124,0.05861202899751598,0.03781575546695992,0.030166698362808938,0.03177519149884752,0.04299663321447093,0.07493156244014086,0.12619192719302683,0.16603378382053735,0.1836788370170049,0.18667894275940625,0.18353620383127975,0.18092284883362866,0.173671590315586,0.1542092301467292,0.12993559749915468,0.10971034197114404,0.09130690506970882,0.06859947027143365,0.04317917158128264,0.023254494811866647,0.01978125341935387,0.02722784587510273,0.04794937153405865,0.0792855023078658,0.11458844905332116,0.1394820443639417,0.14299823857807745,0.1281109434469553,0.1051941600884747,0.07227444265685987,0.04069593795650875,0.015622187490556529,0.003929651295921046,0.0033731448867998833,0.0016354169722707812,-0.014250565737614908,-0.046404262205722586,-0.0886035770990157,-0.11211311949158233,-0.09395363945761158,-0.04412129843746106,0.00695258470881087,0.027196528165488648,0.017525089431420872,0.007892383550969523,0.0025793353270630744,-0.000647014259553686,-0.0028928362178095826,-0.008342787652696646,-0.017121920266488566,-0.020721133496787156,-0.017499017692482962,-0.007624532502639344,0.0095797701284215,0.026180176486057073,0.03748006066475014,0.044145976068407235,0.04673105392072763,0.048330253675243635,0.04386785921043019,0.023796057766650065,0.00407249050426938,-0.010163610789862287,-0.01807870039175802,-0.021693746764837304,-0.02464169253423946,-0.03195343629163882,-0.042511629545049,-0.054798037477263854,-0.05855327370578554,-0.05093546240138975,-0.04159510365437528,-0.033220847381587884,-0.024792574353834928,-0.020566984905991816,-0.02603862551371497,-0.03792356164991508,-0.04969647413418813,-0.053251519650697514,-0.05613748358397545,-0.05897167644390614,-0.059629812542790796,-0.0571636697583698,-0.054106786959515776,-0.0605266665325995,-0.07080599843404191,-0.0764426688232095,-0.07017980978973071,-0.05593020139101504,-0.03865853217057365,-0.025718722708606825,-0.016220228424579177,-0.014673382165344565,-0.017639326302753416,-0.015207092847046282,-0.0038489533596039334,0.008297213450642682,0.014139982094389212,0.014727375807503607,0.017501631064233136,0.022251713094279747,0.02879702050386177,0.036905706806351676,0.047684286051843446,0.06535812924349568,0.0842682030227684,0.08780249079042132,0.07206217910991645,0.051603948949224335,0.04162339675907335,0.043370154632182786,0.05065546817701412,0.054426184676799605,0.048108800562976846,0.02922412261059011,0.008912120800327019,0.010635219542819537,0.03708041366509158,0.07248379684444799,0.11052613038981349,0.1503202892001638,0.18045461131801172,0.18770571866818672,0.16853438679515945,0.149490819717946,0.1489506774794611,0.14295661807082702,0.10836813062170675,0.07736777984987254,0.056450414476206474,0.04409295492726241,0.04038692777454158,0.04021368419790967,0.04072814592607501,0.04090716730673419,0.04084309557791024,0.042396899254372705,0.0455049465183675,0.05058745986779249,0.05754311980862378,0.06580846907471011,0.07527749539867314,0.078999776307867,0.07758880394145823,0.07018076103302885,0.050788499164941235,0.017840333308004257,-0.012265333712696872,-0.028763845024550608,-0.02675406424781817,-0.011100193512882215,0.015948910178470624,0.04066713869799721,0.053679689618666475,0.058250090992667786,0.06117093682975148,0.07022203084199298,0.09161314983851246,0.1263526010032837,0.1584927739820323,0.18410741621359472,0.18520428679252496,0.15729002676894752,0.10899692904273196,0.05975783395577527,0.03038419476069519,0.014688893140449901,0.0021693351000011993,-0.0030692904368318065,-0.011316055452537456,-0.02573331229834159,-0.04667141720136074,-0.07008196399996793,-0.08913448025023009,-0.09816305089406796,-0.09585261285247514,-0.08809084237688974,-0.08269409186483379,-0.07948124228656757,-0.0692795916920521,-0.047334022816788945,-0.013299517022839128,0.021674862102819447,0.04276101488334167,0.04226868893949102,0.030334811263093203,0.015256001354375895,0.004295233705304124,-0.008733418928881848,-0.02548423688374969,-0.046530860806838624,-0.06900914244044905,-0.07686071374326442,-0.06156901340278316,-0.047049376595581484,-0.05161511111452702,-0.06339330019142822,-0.09593237906413733,-0.0839686993301814,-0.023687637236420058,-0.006961654278318535,-0.00017071571095175073,0.003371998999294593,0.0055111480788631,0.0060005324924717485,0.004061931303607973,0.0008632689805116643,-0.0036931987389084314,-0.01037482005193557,-0.018353955509752665,-0.021674884947087303,-0.021951241395011856,-0.018358139688297203,-0.014892381999477268,-0.01976199961398438,-0.02122832667128234,-0.01640133944354326,-0.013215043436329217,-0.006333533460621278,-0.006021989458429128,-0.00811024438237947,-0.003778867983901493,0.0025275920346919047,0.007147791127343664,0.008147658819322483,0.007918339281045418,0.00587651191166759,0.0029779253084876566,-0.0002785644600362327,-0.0024718330118937482,-0.002818864518968341,-0.0008979383135176002,0.0058959482328246994,0.018698903714287785,0.03910989513057544,0.07393525695478464,0.1249480257742954,0.17606784123727778,0.19541046945751359,0.1711735468260976,0.12753700007140747,0.09405022629539385,0.08124378877945432,0.07752475973025517,0.07063899383735706,0.05795477049439278,0.03871033251284402,0.014031243882734558,-0.002272860562682265,-0.005236609001101757,0.0038845173240165377,0.01956000087470504,0.03749468253435633,0.04241080250679507,0.03312998832238991,0.021753331918120424,0.011962198343729915,0.003943323513693874,-0.0012145667723023677,-0.0036178902193087473,-0.004005926723995691,-0.0027972738207588193,0.00015382767100187244,0.007422089627155645,0.02545830988038494,0.05729346018380632,0.09602841557014803,0.11590889329718237,0.11812143757383717,0.11596134904168189,0.11987455914466837,0.1295848253429147,0.1374362175127487,0.13639297845253442,0.1229528720467879,0.09952829120335828,0.07536259737538345,0.05296844580529498,0.039147313948122604,0.04389092097810036,0.05943383097543467,0.07390912344285933,0.07941695930787958,0.07635537853826936,0.07124313328193504,0.0683970957928766,0.06664204677020202,0.06268777711359708,0.05320263493735454,0.03289045298910344,0.0030049089409491365,-0.023925850477165264,-0.03720644400530421,-0.032648166296129474,-0.015599893372692398,0.005735331246028582,0.022233830914705578,0.02617510859034123,0.015157138761753432,-0.009179423134388997,-0.04141412159248382,-0.0654704129727377,-0.06266164054930952,-0.028886346920836074,0.012464117264548045,0.043266092350506234,0.057460665289828475,0.054177405389051275,0.036488754093787976,0.016040418518030227,0.0007565298915822033,-0.006692799096119078,-0.009171337518192924,-0.02126910570136854,-0.04751412525453852,-0.07547703159892145,-0.08986204938732148,-0.08853551178288564,-0.07826231056804933,-0.05850524657849032,-0.035801813277747986,-0.020049169408792634,-0.01936888695653949,-0.03453429027123569,-0.05798048275526592,-0.07454855637668323,-0.07346300190442312,-0.05746700492260104,-0.03518007485622945,-0.01549758111501852,0.0027628698575831064,0.014852968434171322,0.025184853019196575,0.030920358477118597,0.022429967994212877,0.0025191075382702535,-0.01755414487063783,-0.03367415950375024,-0.038790444986124585,-0.03437053979531865,-0.02323568278557821,-0.011262437792198184,0.008707268725811453,0.028375943279276082,0.047710441136392126,0.061329575430266646,0.06740256974348827,0.06688410808260829,0.06684334157189131,0.06342358108828901,0.05749144520609888,0.05510420175225917,0.06179827563148874,0.07038940402253993,0.07088289086163788,0.05056742154325814,0.014111455714065376,-0.02069990191260214,-0.026169267446559577,0.017372912647576337,0.0787097958540549,0.111399934890024,0.10636293429200905,0.07713580033621138,0.040116009650560995,0.009131425962712396,-0.004877612526145801,0.0014719879528496617,0.01629836388324128,0.023657881122232903,0.023464849182329002,0.02142654832323953,0.022996787747926073,0.03246013349384261,0.045262387624681016,0.0571674773153719,0.07074617032813756,0.0782082361823574,0.06981311230003671,0.05382922685743114,0.03823389136530367,0.029947749959477625,0.029257826274103473,0.038496672356578644,0.05398528280340344,0.07441121834738938,0.09197585460388141,0.08834564357672836,0.0525169945890401,0.012133507966737683,-0.010060649555568723,-0.01524058260714727,-0.01316068591767359,-0.0069267691101714225,-0.0008134253003556249,0.004668541061280391,0.01143648320187455,0.01820078663769428,0.019834533518196015,0.01642569143283634,0.010809886789432123,0.0021496506007225176,-0.007821587160581822,-0.02448062642672078,-0.0377695122562407,-0.04366009711478324,-0.04674225667501424,-0.04698477427501464,-0.04192491906880796,-0.02695303430797656,-0.01127755826963535,0.0012363966126000012,0.009859873919299692,0.015025189166567983,0.016141799538275547,0.014067692042247506,0.007966123509565394,-5.8243908920847276e-05,-0.0033300888766490708,0.0026514727928699413,0.01811643541477027,0.03549562703903104,0.05617406084135511,0.07457312674573126,0.09110832995402558,0.11044749219332757,0.1302971032226317,0.15401415943707428,0.165843068105056,0.14211650199757608,0.09975315745774407,0.07044023412022611,0.05583215037667072,0.051371176341126396,0.04770711886249887,0.04135814038743732,0.03567452544898611,0.03335097454748994,0.036073716343256894,0.0403133974585219,0.04513821233233331,0.045654183900632715,0.03886576837125268,0.030888609772285542,0.035109189732115215,0.027328419780288372,0.028020185066317423,0.03080056612979315,0.03594224076533468,0.04206734961275648,0.048652731993097185,0.05147393390989117,0.04406918420362173,0.020389027228782525,-0.015553407727957142,-0.045543753278058374,-0.05571996726140436,-0.05205062933578555,-0.04556764040992235,-0.0457409754600993,-0.050033555729069,-0.05823369599053779,-0.06811711564018418,-0.06766657206544056,-0.05439332706203331,-0.034223177357944806,-0.012122859371948189,-0.0003523940469400893,-0.003459185594894206,-0.014604686885551575,-0.02561334396566878,-0.033991913040846346,-0.03786115693422256,-0.03374161111015317,-0.022365818466160654,-0.004909927261300788,0.011063524862473736,0.01760128931753515,0.0036617071451574596,-0.024512064429852095,-0.04593078367335801,-0.050361464385739914,-0.03980227803181223,-0.022726919370482167,-0.0025097953252670377,0.013133577673135012,0.028533314191823384,0.04866637500428041,0.07962807312693897,0.1146832742004298,0.14269461507706457,0.15032467157771645,0.14306873947370524,0.12346110342486516,0.08847939261401129,0.046533616285188206,0.0033372561910373975,-0.027055259078860437,-0.02965304399826479,-0.008277859548159027,0.017133844333346433,0.03932211820345792,0.06497047205985505,0.09035621141214199,0.09704880120753337,0.07248433664807268,0.039407128299027934,0.01760628755282091,0.009648189998039012,0.014954278817310467,0.021549987208334218,0.024525200200416857,0.030415392974269876,0.03455614254758157,0.029299093326193,0.01261821610057847,-0.014366029678428358,-0.04065137816618378,-0.036936255890804924,-0.013145378590662527,-0.0012530695343234372,-0.00016943233786582268,0.005082276913663123,0.01506803046805734,0.020779738205690984,0.015200429127999519,0.0035951294122797016,-0.00970755362321876,-0.029958969984372603,-0.060492898634152865,-0.08648691168582458,-0.08024842371781502,-0.04923967442723983
0.018324508277229472,-0.007481045149616476,-0.02156018443174598,-0.0279359332394138,-0.02782542529978083,-0.026410238918900222,-0.023773543000138835,-0.020258447825667252,-0.013711199411941915,-0.007659079006508935,-0.004485998754988857,-0.004206999956284009,-0.004303625365498371,-0.00163942844266807,0.0036620134675352314,0.008073965197918071,0.004426671472166707,-0.014582062354550031,-0.05397614346849849,-0.11169459703093926,-0.1734192653468154,-0.22186870677191553,-0.2637686222570446,-0.2816498308119248,-0.24105081728029124,-0.18592542735182613,-0.1483143989332137,-0.11457105838122786,-0.08257272687657163,-0.060742678872755695,-0.05249640141209186,-0.04670445383560444,-0.028810354490908185,0.002977006736364276,0.039898576981845346,0.07330349104427519,0.09721740977486186,0.10064868042000008,0.08188947709053715,0.06096493422633984,0.043893198258520644,0.03194972892771978,0.025052882872615593,0.024477164193141315,0.026779982391904055,0.029152314167113648,0.0287374769564716,0.027846163934152512,0.02611098173987099,0.02512639113614561,0.025553588988161572,0.03083139317627767,0.03863816509311965,0.04102277077111835,0.03403097920153481,0.02243106480516033,0.020863924638831983,0.04869331756553909,0.1374998295467565,0.2985977964317511,0.37602981910354194,0.39038469305933426,0.42522670183190975,0.3703910200749945,0.13578706599196058,0.049471956728434976,0.028913522221506924,0.040574929889472616,0.05605837721043607,0.04827001674855257,0.04134237857634095,0.0383390524917964,0.03792653921326345,0.03864471571484922,0.03810344899375252,0.03441760302389453,0.02753569453016277,0.019405401521848508,0.009262255396522616,-0.010613264778697524,-0.03459187416643834,-0.05431345077187544,-0.06874026600653202,-0.07660205200963387,-0.06970828879921087,-0.03681330211807432,-0.00269016621344688,0.010473009221691705,0.00902400960282074,0.004250827271303328,0.0011492002847411306,0.0014329664528562405,0.004919510982522942,0.00988864426319933,0.010070671991866608,0.00479893111549562,-0.0006744518444025692,-0.00625673433438263,-0.01158724790594012,-0.016413151667269688,-0.019742494103992057,-0.022161948094077816,-0.022250371336974318,-0.01758963699684927,-0.014990593659871513,-0.014868812760181588,-0.02006799115199375,-0.02667489765838515,-0.02754935046479849,-0.02362307092754901,-0.021093700444756256,-0.01780162412628291,-0.002116085711060909,0.028230147235903582,0.06257764572095018,0.09427702779104064,0.11485523849091014,0.12117344382063767,0.11213711734462024,0.09334216379218783,0.07598354518650438,0.0668217999786169,0.06906463284520498,0.08063764297037444,0.0918751527227596,0.09859394382015157,0.09420781772669086,0.06330568207035324,0.025783070599613378,0.0017063406307164402,-0.00666742778843117,-0.0016176772825144587,0.009566053487679093,0.016895009435426316,0.01893600312552666,0.01638789521714626,0.013008464640558607,0.015918621707490328,0.026322961526656807,0.03873664375591508,0.048767567308638744,0.051940834089537896,0.04669393696049315,0.03481382128999266,0.025228448707897956,0.025574177640424967,0.03664505483650288,0.05467437035669151,0.07377985765066677,0.08669902456697803,0.08856086260506206,0.08239038443365586,0.07113291451001934,0.0522451401174886,0.023817749965423917,-0.008508623055172547,-0.034117781336303554,-0.04516613699552577,-0.0332462687058472,0.0010236588367053857,0.044661671316026386,0.09146810601066568,0.12091326575043945,0.11288033043261632,0.08134280327441684,0.04500951456503737,0.01378866789464282,-0.009166514083023243,-0.026766929256351834,-0.03789533659055364,-0.04782929681196953,-0.054807208889649045,-0.060702213798898036,-0.07166812842493278,-0.08070290653317912,-0.07902428350328557,-0.07101013160334811,-0.06321680081372272,-0.056106762587465046,-0.04645848660537353,-0.031001479295563954,-0.010736199471552101,0.012820565780240366,0.020617325967208486,0.006646095488049889,-0.01767715256113502,-0.03460306285234934,-0.0388939965160989,-0.033365802686270304,-0.021040969906193394,-0.0038541281326901814,0.023431833925575372,0.04883693436633292,0.052793757557886976,0.028569050448805568,0.003793343412290483,0.003054016973159265,0.019809015079017035,0.03346643033609977,0.03519564504488051,0.035233226014249906,0.0369054297121202,0.0413286124045571,0.046991611319035294,0.049465429857533876,0.05093426749754763,0.04890822205069899,0.04138226978292175,0.034483251196972875,0.029245933024211558,0.026882597869688784,0.02482326634338848,0.018224942785502764,0.0077130870508151095,-0.00432105937684949,-0.010845231677063048,-0.002576306465470405,0.02599793149912483,0.0614756713125285,0.09491214458327474,0.1128426963168755,0.11515362750624253,0.10320105006162655,0.09130811475985731,0.08674053453753021,0.09475629272150368,0.12392173122817945,0.13396555148977835,0.06514127571813849,0.02895291824428969,0.011123057740838235,0.0023252773216836525,0.003460747922959925,0.011565875452102657,0.022646854443533593,0.03514520155026999,0.0486943773771528,0.06145008252317171,0.07594207277975071,0.08947210058600692,0.09784130209482077,0.09573864092390202,0.0851553185525122,0.0723693666697916,0.059154334278177935,0.046146239285238345,0.03781828841801728,0.03481696165402515,0.03140998755522227,0.0180344110137188,0.0005746871765808323,-0.008505597106100637,-0.013127184064578865,-0.020805265450971066,-0.040612059117861136,-0.06600754970321565,-0.08828411165681535,-0.10200530222085405,-0.10235076904128125,-0.08851535957459862,-0.06374347805483901,-0.036678811641537364,-0.023701700234332476,-0.030863830150950233,-0.049064883508493314,-0.057101969493319964,-0.05220176047249012,-0.04373553977545415,-0.04047974360603888,-0.0421667974037548,-0.048208455133519165,-0.05621492657672027,-0.06989394608579921,-0.08646615709764305,-0.10160645568652991,-0.0957544949142803,-0.05360111363691779,-0.003984928633069062,0.026385681964028823,0.040602598741661035,0.05125374647203752,0.0662928895687151,0.08295705150578353,0.09875347594856275,0.10845630164668418,0.10732976856027761,0.09842907751011072,0.09280491571480089,0.09137389670751841,0.08627190488404785,0.07532745283187545,0.06678134951125782,0.06950860359454199,0.0841802343254001,0.104296360880941,0.11859612670162249,0.12344176368183965,0.11885652856951866,0.10851292136754795,0.09760800536204658,0.09070201399134045,0.08949589199169185,0.08482503607313514,0.0698042005650825,0.04823195793391127,0.02986656785750434,0.020350439809175558,0.01922740863881582,0.02508033481490411,0.03565625756407192,0.0508602762237979,0.06644662850697675,0.0697548000285765,0.025834074331093467,-0.017747822681170405,-0.03423177737295779,-0.04081010011634561,-0.042715553317812696,-0.043574876683934956,-0.040800397957389975,-0.04012754344902502,-0.042901851694102065,-0.046419390251268865,-0.048420831327494876,-0.04269567508303519,-0.031126010937813513,-0.02111618877886946,-0.016439778320510915,-0.017444596662211445,-0.021890296414582646,-0.03126003342071567,-0.0419868599220487,-0.03991027090008626,-0.03172232482251519,-0.02674345962746605,-0.022084716840103887,-0.017901240480650407,-0.013291449964349897,-0.004484196632937062,0.008237114407057537,0.01804000311693602,0.026883640557293857,0.033554592938338776,0.03907405776856348,0.044939884191770564,0.053670450931115735,0.06182290433632903,0.063504700601765,0.06136498745819733,0.06071676034524286,0.06744110793964968,0.08003652143466249,0.08938772507188698,0.09015142528764396,0.08350783347000452,0.07683468895543075,0.06801453453039152,0.05620494341968567,0.046543605631241367,0.04569815024039554,0.055722009509337665,0.06547144568806461,0.06937249724005554,0.06436675237465707,0.04846530552486809,0.025912836738210387,0.014809362945103242,0.00861224465845393,0.0010753875978702441,-0.004735490519537081,0.0034142807870267125,0.017996942743189387,0.028114075544440908,0.03063678608943609,0.028207951526956668,0.02740955099364774,0.03602248036172622,0.059866504975570056,0.09286596737730833,0.11506581679415469,0.10299748983661926,0.05987313714418815,0.01537025921447156,-0.007327021013220809,-0.004787902052025109,0.020766821733154646,0.050277712543849946,0.07410377589954076,0.0940422004016169,0.11713873129843123,0.13797911885432992,0.08228008295165266,0.03825807619196315,0.024491819162225956,0.021150503364320658,0.02541442954436133,0.029844828041757223,0.024530902164867946,0.015727119490116754,0.009085756711332042,0.005872829912529108,0.00450124442292477,0.007204764854534918,0.0140106680937738,0.028604452746477653,0.04701493159068102,0.062156418509650965,0.0632047426576441,0.049964882936221054,0.032347908154573675,0.013366632732598902,0.0018222980561344716,-0.0018658826890757434,-0.00035554656115828514,0.002599493574666497,0.0034787665821412964,0.0028757863177186656,0.005352084162215275,0.013741860015284978,0.02568340467311073,0.04546198728410019,0.06170667510059543,0.058071130421261684,0.034310817044312034,0.00919093397706401,-0.01393705526388363,-0.031642991701825475,-0.04242935335162308,-0.046462069445739156,-0.04815121319184973,-0.05335470060057491,-0.06033552178149322,-0.063815694121809,-0.05686866282396206,-0.03685392337029913,-0.008058679264302804,0.022031689989402598,0.04590487681121145,0.053498840314480156,0.048538765776917264,0.04201837614489724,0.04337778031330474,0.053161361975502995,0.06375912205644753,0.07328317590631041,0.07809488547157088,0.07699327561473808,0.07607543912186406,0.07538826986752988,0.06498072181454184,0.035885237040814574,-0.002934914910400867,-0.046090447506616686,-0.06302262142156707,-0.0487981655918444,-0.02359443800911547,-0.00044833742337192155,0.014040588905588182,0.025219384730028046,0.042288709925216515,0.06067668740835224,0.07005286243890248,0.07217512123375704,0.07480728722163149,0.08065301057639988,0.08956648178530122,0.10646632851669147,0.13599399045677932,0.17509199596597383,0.1888727200471283,0.15222020677945597,0.1014604365688766,0.06567735506305294,0.04168654602357125,0.027388597497253846,0.021066761370494225,0.023161100533950166,0.028872828629696975,0.03034405859803827,0.01393347073896352,-0.023327090692686108,-0.05651458722551659,-0.06239983623137292,-0.03927835227359077,-0.00526282485812953,0.023516087366762962,0.03823001603817541,0.03974361756240331,0.03706913425961747,0.031114087163409927,0.027888798994622935,0.02658029547805368,0.028748696275617026,0.02966478961917213,0.01790974170352971,-0.0013678657547821645,-0.01394015343184725,-0.018647966551869247,-0.01859302345723779,-0.01957396139111575,-0.01872107307445848,-0.011705396431026107,0.002371800467908476,0.01538679958848425,0.021065234486167688,0.013304405723060232,-0.01190354055735096,-0.05280427379204827,-0.09970045589584246,-0.11048350521445194,-0.08272091811462852,-0.053597081631034216,-0.033514203103554234,-0.018602677215725318,-0.004393846527932189,0.01177432323810754,0.02868993485101358,0.046009469781525245,0.06654845967853795,0.08609646163589417,0.1062547390720924,0.11887988962710509,0.11516766578245614,0.09998629071568167,0.08069762883711666,0.06431101397439319,0.047195138309809745,0.032255056255419384,0.021858218598500335,0.014143575129512094,0.004767682608334758,-0.004364164709971192,-0.012910669300343057,-0.02054842224743429,-0.02357910479785289,-0.011877591747425673,0.0250289092691989,0.07299289749467226,0.11445954249028766,0.13554077176308998,0.13455913939767955,0.11957483420106337,0.10249964285824976,0.08740751827012179,0.0707093153689845,0.05198113094852712,0.04111604707649682,0.046299036374263164,0.062071634617862095,0.08004535173081544,0.09550153945382919,0.11219144744073328,0.12815384759588425,0.13600334935037312,0.12206038574434275,0.09171356564654097,0.06978556027440946,0.07018490711697077,0.07949773965826834,0.0852864982001131,0.07873059456475949,0.060016314877397905,0.045151959881905394,0.05194355438798948,0.0808353425383757,0.10950269716864393,0.11835038102386838,0.09971032442251562,0.0628860367517637,0.029868213320139253,0.007249497141286335,-0.015520072363179722,-0.040551604892764104,-0.0608860587162734,-0.07334210240289778,-0.08050084973802639,-0.08208895823991913,-0.07876995496358034,-0.06936299175694194,-0.053930031506419146,-0.03807201818259831,-0.02346547268210889,-0.013001997202679324,-0.005949926974319154,-0.002987484010161555,-0.009604852564863188,-0.023959535168223276,-0.04180532502589136,-0.050201805462983994,-0.04550905263930673,-0.03498989749536192,-0.022629882521056476,-0.008939834901780241,0.007558110261772396,0.023636660659911803,0.029842570916661315,0.0240855890054202,0.013700859290719559,0.0026314921154360453,-0.003502090903627421,-0.0027351974084949063,0.00789398752608188,0.027448319252317194,0.04485612566658802,0.05012174731214631,0.04738129951716467,0.03683575856480336,0.023978871896910437,0.014210574912164532,0.003741337685807313,-0.006021585417886604,-0.009752779822027687,-0.008490598237100938,-0.004072694465818964,0.005614983993787321,0.024172367469584108,0.0585918176070656,0.10259858126586566,0.1337767258138371,0.14835409428665988,0.1583633223929057,0.16403196662102867,0.15651704427684746,0.14507676496888097,0.13637889806284387,0.1416695217703519,0.16211784331180332,0.16318500297047125,0.07917912421555116,0.04813893920402007,0.07069332451663503,0.1975216030726907,0.1294510650209138,0.08842743375458761,0.07168576938780791,0.061894669131067774,0.05547300279041238,0.05151097543850871,0.051390574232996804,0.05204349792225593,0.05416295164986872,0.061026347144454485,0.06606613361298591,0.06523352114891595,0.06105431017918244,0.06023688669971242,0.06347656201706253,0.06423249718742459,0.05833424973454944,0.03872916133405461,0.008093498929763172,-0.015074507454371075,-0.019051599196620018,-0.00016085375357188127,0.02261609172071615,0.04350719458030505,0.07036420677474135,0.08851834079285842,0.08051281098687253,0.05234485614494859,0.020654164080005703,-0.005258220665561537,-0.02186754818811054,-0.030987036543162823,-0.034923364112610794,-0.034918431384293604,-0.030079218632176347,-0.017233841308051754,-0.0004840123948905736,0.006497744712456144,0.0010131027756041723,-0.008540735311328398,-0.016464638000581382,-0.02107309374197854,-0.022836983218944167,-0.020107857447718196,-0.012162309130538151,-0.0006268069188341787,0.0055265434093461465,0.004740056909686123,0.00017800189748956558,-0.006153022862055661,-0.012240571835758688,-0.015560615941710447,-0.01605251695025274,-0.0124342148833984,-0.006323517052140608,0.0018849191626288812,0.017996308903542573,0.04500509269326908,0.0708962944098249,0.08586700365384714,0.08507006321749083,0.07605014122515187,0.06672140514390194,0.056968449770694415,0.04117237686359851,0.026273192809172254,0.028684488532466523,0.042593116405600706,0.0518874634369193,0.048826100038810584,0.03936533698754772,0.03096515608062703,0.026305171452463052,0.02704187170768562,0.032008777532152144,0.03443238579570451,0.028209016254398502,0.014200717725899004,-6.501261859310096e-05,-0.005730323908231668,-0.0017216609913025761,0.006590033513473486,0.019712334082389843,0.0317445666512071,0.038918307170394115,0.03570559542481055,0.03158416211820981,0.031061794200815226,0.0397410499866606,0.06888560518913128,0.10785321044137891,0.13301337334931285,0.13808035850488345,0.12675427115404753,0.10148382498350178,0.07237730911744139,0.046655579028614155,0.03030162652548421,0.02424249567283451,0.021723563575207498,0.019716630279752543,0.015252600604597669,0.009467586126960454,0.00553619352298543,0.0024614812470792444,0.0013438216106507988,0.010902046686583003,0.03417615522785145,0.05913112366423173,0.06781373848761456,0.05176916045951974,0.017614708585440415,-0.034035509889623346,-0.08611786938842297,-0.11901399834480345,-0.11779957750142635,-0.08029488459645964,-0.015823411267242373,0.05077006988575008,0.07476827109381369,0.05788287474626164,0.03641043611096332,0.016864950689617034,0.006096936956344696,-0.006972013539580567,-0.020057971569470548,-0.023282286714237214,-0.013966751288218893,-0.0005657321864847824,0.00905272073606553,0.016235865424017767,0.020436935296340886,0.021150147234903844,0.01783749566456271,0.010643395977760645,0.011738732291731618,0.025023752790683217,0.04486013083923195,0.06656967570016734,0.08502868784387228,0.09600587371627392,0.09520404252767363,0.08018294747119488,0.05305983160022154,0.025727622091437648,0.012730341079093405,0.016807793242923842,0.027741207191562964,0.041078864898441966,0.06107608411185172,0.10545966707964698,0.17783850097124768,0.23431946293620082,0.2661115686380417,0.253255080678852,0.2019737855449652,0.14695361350907116,0.11102829026118416,0.10127846957520582,0.11335674407313413,0.13406357588731083,0.15020594461261494,0.1480209025258205,0.12152491060892427,0.08294880475436987,0.04141077333281843,0.00917002039658516,-0.02209896476303628,-0.055344965364787946,-0.07349190294349008,-0.061183545557471256,-0.04142153727935344,-0.027738291284207024,-0.026881209231154057,-0.03943779932445325,-0.05356859106598016,-0.05990449769882781,-0.0587986583480854,-0.05313204490521234,-0.04650226407861905,-0.03764577963661766,-0.02853321663595999,-0.01613070776535659,-0.0070602410452291165,-0.0015089806897099784,0.0003038266174528096,-0.0006222413482416809,-0.0010708326208684659,0.003116791107148461,0.012330224983256198,0.018280993981857844,0.01688038398789063,-0.0009869761291827347,-0.018786832236707848,-0.025805224600080025,-0.0303288551601822,-0.03648474562761514,-0.044939657520208905,-0.055741556028774356,-0.062376127428996384,-0.049964833592538706,-0.02740832286844486,-0.008127792318583708,0.00840572274017971,0.019198088226096588,0.025692423824420284,0.028150448347606955,0.03597291359402047,0.057882220234489246,0.0867335990880056,0.1121664301487606,0.11815312795885898,0.10518191027588451,0.08390206207485626,0.06409791538751936,0.050470858975153736,0.043954743247619034,0.0475203813514332,0.06515591827625837,0.09167630895309292,0.12552390019319506,0.1558904975051756,0.17458134452649093,0.17682833096776276,0.16011876441536393,0.12761367458304704,0.08971764735391315,0.06859518965058782,0.07017867299278328,0.07706692048899765,0.07670006119057969,0.07142219911774078,0.06409145898107933,0.05821410077548954,0.05371306152869292,0.05087932011520124,0.04920737744543503,0.050028132806535903,0.054172540219353686,0.05676062415882326,0.057182723583803566,0.056178149379896604,0.05258050598121205,0.04246048320084114,0.03280215661192294,0.029557549414201304,0.034132956443255896,0.047929325828767896,0.06456760160069125,0.07926998493070744,0.08657985832967659,0.0670282842155717,0.035496522380137195,0.01598330508297135,0.002496326177528022,-0.01132017854540257,-0.024618341757668687,-0.02968340773463403,-0.028229461030704617,-0.02789075114161419,-0.031163041399925387,-0.036248139480551,-0.040537785096930595,-0.0463682151577819,-0.051308668596096584,-0.048919058998758806,-0.03431065641976304,0.008767103042480644,0.03723337807259129,0.03055114801524901,0.017801439510025528,0.005008442998828307,-0.005899354613995024,-0.013858547536423967,-0.018990407326679136,-0.023993961492639472,-0.029304456766591578,-0.03499394643923304,-0.03690018563437035,-0.03170277690473103,-0.01844861054180334,-0.004157293165459233,0.0030677433134621247,0.006704005590301005,0.02054579385080103,0.04389359102969413,0.06701759281107042,0.077034448224315,0.0694891914611217,0.05988677065859795,0.0487832627728677,0.03780176998030557,0.027761202296690077,0.022341895582073317,0.01878946781902978,0.013496972750349384,0.00837308844501819,0.00449147697015682,0.004582448884020047,0.012478347608774773,0.033722295812061966,0.06864739108521532,0.11302387519235421,0.15022367638548595,0.17461346009063886,0.19640214742317244,0.22374117373314467,0.24334292048334766,0.25278732778609914,0.2495122595716002,0.24004542061370185,0.22421066227257466,0.1953084614623691,0.15835054916812993,0.12645108684911016,0.10138006974947707,0.08115657828286152,0.05863887408449614,0.032809219318769595,0.012297698703484293,0.007313761740247386,0.01678251889027757,0.0360204153229362,0.052420896332274106,0.05962182562955482,0.06117262839388434,0.059504284397338264,0.053670337623922496,0.04371981736774424,0.02762087367833621,0.006289236266391133,-0.01718961185720655,-0.033445153260769106,-0.04087866716897487,-0.03909611650647696,-0.0342983816851948,-0.02928827528312575,-0.026855311147135595,-0.023234972265568258,-0.01619470886131711,-0.010475146458605662,-0.006468635617310769,-0.00834425499777173,-0.015834524540634064,-0.028866646096407187,-0.04693059536288796,-0.04586223020856904,-0.03391222315477494,-0.022869047825031564,-0.012743983720834018,-0.000527026987774662,0.010381918206049338,0.01425945875827193,0.007220580754301301,-0.0040406304197781046,-0.014039172149655187,-0.012140483855404779,-0.0035007682769645446,0.006420236151198498,0.019923573400435983,0.03872476561865019,0.049351368329382854,0.045967532868125396,0.0289155807421989,0.0019431525413709106,-0.02665368952768396,-0.036531189628734514,-0.028692920674608432,-0.014556458878371948,-0.0032006197334654768,0.0014818884235082107,0.00011545764488506648,-0.0002520697504914167,0.007339847357395654,0.025242228946791193,0.0457605726183119,0.06417937544927778,0.07562923981754884,0.0742076208399727,0.057277320163927316,0.031222087054065803,0.013892170601595184,0.01864505201459639,0.03302525836900227,0.045523452470593494,0.055959174518448895,0.06645885146081681,0.0756888695128802,0.08096037226704209,0.07791546694838844,0.07155366058846459,0.07832481647167223,0.10934150805057347,0.1412408110861457,0.14205428657910382,0.1231898347268957,0.10388280643186873,0.09174628433486964,0.08527624447087975,0.08081003008690019,0.07558905842687483,0.06304985311999588,0.041926864799986654,0.018248773197097667,-0.0014703526809777497,-0.015155971196314205,-0.02358989030814235,-0.02561617897180143,-0.025018053231187862,-0.02914042462607762,-0.034524538670293425,-0.03971172086104459,-0.04209782657628446,-0.0359338368237003,-0.025590725443927046,-0.019248453596239928,-0.025983277585846842,-0.048790080455361415,-0.07198365709274947,-0.08415183025999556,-0.08725298722089504,-0.08873662133686157,-0.08709302026762122,-0.07143537341826853,-0.049269626937550125,-0.03560821551064716,-0.025570302297883873,-0.015669138209905786,-0.0011819711141261126,0.02050660439344996,0.04678365576996043,0.06499259753754315,0.06205297363865594,0.03712769613091652,0.005907219263869318,-0.009669440459851094,-0.012244913493103833,-0.012715836487149006,-0.01562948504571379,-0.020934097017401898,-0.026042064340443698,-0.023900808931065484,-0.003109711332714366,0.03230056840582785,0.06446689559576409,0.0782007643111105,0.07257338977403076,0.057067007315953,0.03858641624066856,0.025682671799634852,0.02616238743107722,0.03852440359531507,0.06128374359162318,0.09135258843519375,0.10476808943025044,0.07975753221198767,0.04263541358775424,0.019281611649661686,0.014315105309219176,0.026412093888648673,0.04863000780792369,0.06832732578256227,0.0764191455664444,0.07251178637193431,0.06401247136893023,0.05574967606848505,0.042948666366698925,0.02414694942790982,0.005314500485118752,-0.006551679813777578,-0.00786643780444988,0.002402290198504238,0.02859278433375041,0.06711721423397796,0.10711770186474567,0.13473794347070142,0.14982773428986887,0.15986648465564635,0.1669962895412718,0.16999853630139602,0.15849168880506567,0.12455576149658414,0.08904472042742227,0.06258836329037289,0.038953923881305495,0.012080995221041791,-0.013770567077896867,-0.03070744526737582,-0.03060700353342505,-0.010540760672309732,0.02747599043270215,0.07059472791287039,0.10870837136786707,0.1296451788120288,0.1344998990757228,0.12433677174670922,0.0992853098442115,0.06506359315904066,0.028927783084801574,-0.005670413705506317,-0.034023522986864424,-0.04771459317312777,-0.03436468076048585,-0.00474748109450912,0.03689976226838708,0.08555423475687074,0.12275977133274057,0.11292178272691734,0.05804254989552588,0.020646742680918168,0.014594571421041168,0.027131943557101287,0.03622820879231521,0.033184404089361776,0.025505844823478844,0.014760312106597616,0.0032590796171203507,-0.006300050898255454,-0.008845056865365972,-0.006107595446898238,-0.0015399701843090343,0.0009105676079118468,0.00021098795085687698,0.0011936299659075862,0.01144552727243336,0.027225712639443404,0.03452583973782848,0.029616407910353165,0.021566192646865406,0.02224856104852508,0.03161913272510217,0.03841853195592489,0.03835595493614723,0.033630733208515,0.023744623948322427,0.01211357728081867,0.006028726754632693,0.009819588012093587,0.02628812615785293,0.04842545568972692,0.06692433519699105,0.07156583353945871,0.0628557719415064,0.051658698321512896,0.042519532675167754,0.03229995673677886,0.016291516930207715,-0.0019226059036698156,-0.02350056781749184,-0.049633602152440996,-0.06975015817721743,-0.05836439693438377,-0.009539194527555746,0.06578214511146416,0.13117631429264867,0.1540659054594375,0.14147534404295406,0.1187547574196146,0.10402657656252616,0.09725385316267511,0.09069132292533107,0.07111566585224256,0.05374126334107861,0.044210866763727624,0.04362423355547074,0.03617118430867204,0.029591924828975352,0.022797361693908075,0.016795489501835452,0.011456104838171392,0.007794904086901221,0.006026649996247815,0.006281785654955421,0.00927513022187925,0.015651745932805005,0.02867833702254177,0.048264372486166954,0.06464305503523869,0.06492352716196498,0.051039935136112054,0.040131711806086344,0.031201196232691585,0.023942018574037056,0.018990764230914454,0.015038956288337211,0.010992088730279978,0.004976747069438031,-0.0020280859059837726,-0.010890038913911671,-0.014058008908160665,-0.012777904044619927,-0.019319695806973652,-0.03017216658181265,-0.0403658286669682,-0.056444639796588904,-0.0789102757704199,-0.08882096683906615,-0.05260679891406834,-0.026590569930659804,-0.01123990141980533,-0.004277815148791093,-0.007508319336390603,-0.018061372943969704,-0.03481293791265848,-0.057687053955886865,-0.07740879532273158,-0.08834067373501948,-0.08305894316511081,-0.05645525040172102,-0.025848434673383523,-0.008660015427723912,-0.004377409656965974,-0.0030246083881456886,0.00039639751753705314,0.0016678701041468137,0.0031593426471397588,0.007986001181984616,0.01599486008265947,0.01632153812940507,0.017058549890140745,0.021172337662911007,0.0249532050170372,0.023702289417613615,0.018128750593425575,0.013766701535022472,0.015240134931581287,0.024655338483915646,0.03902548118947672,0.05068809043294599,0.048299172695740834,0.027140540451891383,-0.002108065334789875,-0.024643655109153395,-0.028714859733677923,-0.020251626404499647,-0.010539796799742495,0.001215199894887922,0.014351642836451687,0.021945667678980887,0.022237977884392895,0.016515538900228128,0.012957910445572056,0.016936434485007507,0.026761390211539404,0.044118474016561125,0.06588242940380129,0.07817208574340835,0.06462467288988905,0.03240372198344689,0.004098548792377965,-0.007693913239040036,-0.0021513278413582988,0.016513859316090403,0.03383644502549438,0.04586531920650787,0.06411665416827375,0.09167393121352943,0.12096536077245888,0.13950967334493714,0.13781238234776352,0.12149476798581907,0.11432241524876553,0.13080130395112788,0.1689093902875007,0.20563346058151746,0.2245554134366782,0.21821739165563397,0.19279530922577195,0.1588413010261166,0.13446030735361178,0.11959121968909557,0.10305151738175337,0.077222405920291,0.036703429578391324,0.003954821444717636,-0.008184633571471913,-0.007633358530198547,-0.0027543332223576213,0.007043215720786998,0.015607662346368418,0.011887200354626776,-0.003867052507163067,-0.029498491721981414,-0.054842667536301036,-0.062143103577356563,-0.042876043081024565,-0.01399282755561035,0.007602123233057949,0.01722109465618546,0.020208167968072645,0.016693607518848456,0.005549912473411701,-0.009461906803465224,-0.019189761755081906,-0.01941022345792059,-0.010616724873092573,0.0036074302620961248,0.01650488442282105,0.02478180488634035,0.03195353862239837,0.0411529181945588,0.04796619116543529,0.051201685553525486,0.05357625183619151,0.05935055488007646,0.07500088340702477,0.09546490663912904,0.1071331440107876,0.10560819989724404,0.08415573649398257,0.04098375050366378,0.018557808692716723,0.019028606263818235,0.02998688559461156,0.04256594792947459,0.05304535115849097,0.059465284397734554,0.06080482915521051,0.05474988068845288,0.052515897029738856,0.06386067737042492,0.0747367743602789,0.05852524578336913,0.015345557003354663,-0.037495460157105295,-0.07326820723308672,-0.08245312537173628,-0.08628740797826671,-0.0845840458092635,-0.07481972367169802,-0.052121978904092245,-0.024796771503232472,0.004852113951339751,0.029632013268552682,0.048547543584877596,0.05640071336668588,0.055550612179051315,0.052524139861729935,0.04812272992518159,0.033141218657232685,0.004710069514410444,-0.01495499280577475,-0.010510029722675491,0.00689840456004046,0.028518129092937525,0.05580548920636446,0.07741918963149139,0.08052916558574685,0.08557612962758954,0.10914893498153247,0.1174844778916856,0.09000670837995495,0.04620462037685303,0.010363806942868066,-0.002117737008825656,0.009563605560098897,0.03530909389284881,0.0599538490115041,0.07282964841615697,0.07140012894212185,0.05715840591902726,0.04402500674033176,0.033928515026504937,0.025506064574112565,0.020165091675849876,0.01809474081811886,0.009570327741308365,-0.017457070961319373,-0.056411193935523615,-0.08535305442225875,-0.08081024190874411,-0.04942021432440918,-0.013701440284547823,0.007846742433978326,0.011900388040992155,0.006741945376539019,-0.002770726538020476,-0.013413710057425528,-0.02401160738911163,-0.02657325857738314,-0.022713438926563977,-0.01697586703682523,-0.01370482274823982,-0.009303031637248136,-0.0022218056647595372,0.006072522379122511,0.018542643806590674,0.03594779606326284,0.04090479810164205,0.031778255202444844,0.02606755314357598,0.028534776134062027,0.037603287903265344,0.05269902122105667,0.07026852685891938,0.08439323814035744,0.09134242399573322,0.09025268680767146,0.08515453255849711,0.08025567274383222,0.07837770371318753,0.08381163782939216,0.09521718063719428,0.10815518837904473,0.11669698603366871,0.11543743266190032,0.09832662174036425,0.07411187519085499,0.05299493230965436,0.037228869928772085,0.024963944779513088,0.01687882392589605,0.008183708140941864,-0.0007880446149577697,-0.005850530730207319,-0.008629925485124711,-0.009205501162560968,-0.010129441872224925,-0.009182564486871528,0.010638419444852451,0.04521168782847341,0.07715186352003028,0.09242736946463256,0.08592656645559893,0.06443524006806485,0.03724579057032749,0.014303216486079599,-0.0029364752206596555,-0.013238295385261584,-0.01633103439775596,-0.022357279606885844,-0.036409404954705994,-0.05507738689234571,-0.07033508183164229,-0.07512005440920815,-0.07001599934154511,-0.05781826036239146,-0.04898699772869296,-0.045254738056732226,-0.04315971024443269,-0.04077028135345562,-0.04079650753951231,-0.038337704127502745,-0.033321653686496616,-0.02573614832542468,0.0013910580909035533,0.06086057277547335,0.12781622045181976,0.16145486539878362,0.14652731441630826,0.09564272775253785,0.050057471352408914,0.02350624900401285,0.015546090571192427,0.017488852139948857,0.017061397275739295,0.014863743069663466,0.017173375152351147,0.021531202200757254,0.03144518379372591,0.04939234091545706,0.06071141035543382,0.056376864807100566,0.04382401997840615,0.034434511913046,0.02769160684645571,0.018394788734791195,0.015457217317688197,0.010345703134971001,0.0034486010967200212,-0.003930766879304588,0.0012640349279546988,0.01760783675957519,0.04258567800938301,0.06508385049774881,0.07302480055825215,0.07187753323488845,0.0679799701479133,0.060057171335853324,0.04834733570855231,0.03590548109229416,0.02669223030503149,0.025831258920855315,0.04776609545275698,0.09389885202989456,0.11495229498400278,0.10282940945804359,0.07550766519471956,0.042442603100069864,0.014033105055151804,-0.0010327759472916272,0.0039606110280632585,0.022988719979932126,0.04121521040900208,0.052770077441863204,0.05682970361836735,0.05609160660931259,0.03950212914619289,0.012853388189279452,-0.011320721421693746,-0.02570872192000697,-0.028492460706887376,-0.02914880879975032,-0.03312452520077316,-0.037013631417691734,-0.03933804950628041,-0.04089711431163271,-0.04723067451562071,-0.05620535982706863,-0.0656629748109319,-0.07198079295676187,-0.06850016210743368,-0.05500085493855824,-0.03835354370089392,-0.02133964611341654,-0.002912303965370381,0.014960577514358758,0.027199608561650095,0.030870485377158953,0.027376829093430068,0.020177099330545307,0.010568580976858543,-0.0032733920112257738,-0.021389547314332177,-0.035949373774388026,-0.040463345177386034,-0.03295145455673268,-0.019034726856198336,-0.00182190179768146,0.015177553464697369,0.03088088866040496,0.044296091710477145,0.05507088452716846,0.06534724879826646,0.07624119507153165,0.08440481126925078,0.08795320118020235,0.08515332989967359,0.08819316345563719,0.10358373124966329,0.12414500909915986,0.13389369706675236,0.13616683191493892,0.13324130215012148,0.12252295585980523,0.10168680895513561,0.07382602810486937,0.04993584826984606,0.04263292322794969,0.04685965523104079,0.060025909477736256,0.07534103815198671,0.08363564272502129,0.07756773859960528,0.05733544681023195,0.03349242295671341,0.014505651516713743,0.004413358028719257,0.0053855282279380344,0.00799733597290972,0.015921318009522144,0.034468918413108764,0.044208667930309545,0.04147499371579654,0.03164533856139842,0.02830267761188609,0.03474276763722481,0.05314242271552391,0.07264773862602202,0.0867943679644862,0.09922232305887131,0.11251359503882419,0.11799351326817531,0.0998931994886775,0.06064860044062544,0.0206573668145854,-0.013835679495586856,-0.04021300554410825,-0.0603943572946925,-0.08076192488359722,-0.08717482833510994,-0.06512035361347417,-0.01627327750279575,0.03346393998599127,0.0531284733532895,0.05474967934976372,0.055316781726577384,0.054432263473263104,0.0450297058471551,0.03700759427935468,0.04060901972045903,0.04221861824936775,0.03256493348950891,0.012745742991665233,-0.020789229754729983,-0.0961688662324516,-0.055769138594333856,-0.027107370017400424,-0.01059417589328202,0.002406106358064509,0.013431436773955113,0.009067614559875906,-0.008814392444671002,-0.018904514420519363,-0.022763600957359333,-0.01581261561194548,-0.004826104214244111,0.0029530637682674893,0.006478534108707888,0.007282559010490643,0.00890344790830639,0.014854092468919567,0.02582491667725024,0.03354602670412041,0.03362462167881229,0.028751103323305126,0.023747625728562878,0.017103929030517186,0.007824951845885976,0.0049957327740400605,0.006524448716568167,0.008815807351035576,0.011131393526456266,0.012411683479580658,0.012829209720895931,0.013698771745723919,0.014794553370848468,0.017498819387517628,0.020960525099622,0.024028115380064517,0.027600842989983696,0.03505081230592334,0.05221131759232195,0.023449924455562897,0.01481893913264911,0.015851610227597176,0.019761349768404223,0.027898146244130326,0.0413347926576522,0.05255805255518746,0.050339101259446246,0.032865449906538155,0.014826539564656321,0.003933879184502215,-0.0016329134334910568,-0.002039744091327663,-0.00022811370414544912,0.0027734631103887826,0.007152599035503111,0.01789740544690036,0.03564596999184033,0.05770714016720327,0.07741249857943636,0.08820594033687726,0.07924925157447398,0.049659593681131715,0.018787463459192043,0.012640542078617052,0.025108443954723815,0.03496366165358142,0.036547578604607375,0.03596536686725675,0.033740449606749656,0.03548840184310455,0.057077430423860855,0.10104903843542148,0.15202804464920366,0.18211203200650397,0.17039413508891765,0.12434435216675731,0.07718278021043118,0.044232235103993524,0.02457763843987069,0.012165964741477246,0.006615363697458588,0.0048925445523656476,0.008680162278416483,0.011208774858761822,0.0009724250715269795,-0.019763512034911217,-0.031223086470075767,-0.040028815598862545,-0.04293732873549247,-0.026056404742251654,0.00795459050351506,0.04212294036657968,0.06326631859545055,0.06656837788096219,0.056404475871254064,0.043015147498277256,0.0311622767273188,0.029078585869068654,0.03580161053160517,0.04890826034191626,0.05984979445877155,0.059666178391355996,0.04995928046881467,0.04216322620518824,0.038453547392209325,0.037122811415581033,0.040832800642425754,0.05550250128672508,0.08564830510036282,0.11728535136215373,0.12655240355495298,0.11195715414618958,0.0954191657438147,0.08396710856678284,0.07203288225208634,0.05218978336815346,0.03720329727221382,0.03363481478617225,0.03777211466647736,0.047736383536991424,0.06899882454699827,0.09539568293021404,0.115884111474104,0.12098046214528073,0.10828399693813542,0.08694825931711182,0.06896883145521705,0.058869604107552986,0.04885643875914432,0.03583290435334561,0.021342225978031166,0.011396407316461236,0.004044804114824186,-0.003420476224069317,-0.011936879297660078,-0.019456712386334524,-0.02451356257891224,-0.03272520626656077,-0.045438433862410456,-0.05679835272199322,-0.05200934027025406,-0.026254447011589785,-0.0032154721153736425,0.009739598305283865,0.014726192501217079,0.01455943939034183,0.006588196350252703,-0.009643158399887114,-0.024414228587228654,-0.034581942175573345,-0.03898345034881231,-0.043870713719393384,-0.044889622080769104,-0.042557755559028194,-0.038062036262682016,-0.03264930437451721,-0.03528236252953636,-0.04797537287317572,-0.06552731899484673,-0.08461348915592902,-0.09813585244498994,-0.10512725029869437,-0.10609487753077877,-0.10187173743969617,-0.08501462241020731,-0.055072280357592936,-0.020436581431656452,0.0041433278452128845,0.00910642393300274,0.00602369164913004,0.010773599914958822,0.027684642958601634,0.05100776668378853,0.0717981832120164,0.08693714302369629,0.09602868682943345,0.10080658366936557,0.09845627491011891,0.09742637884624107,0.09674033969519244,0.09035114935712159,0.07957390352613912,0.07078208154612865,0.07156414886412919,0.07926305910138313,0.09219080043059039,0.10761481136579856,0.13009228834779657,0.16378368148780773,0.19857443331627972,0.22157460972236953,0.20338774907432258,0.1590198963299154,0.11902508515251559,0.08577321584789015,0.05672322786519455,0.03768468454589337,0.026644783489819645,0.02381912556585075,0.02915208533999518,0.0420905858045775,0.05530630164733734,0.06018522090553764,0.056491084252799126,0.019271452943233198,-0.00011972232176410168,-0.008570601379978272,-0.01245942907762165,-0.008012688900969742,0.024079227550297084,0.03770467067919999,0.04136589642294741,0.04487191499541153,0.0474693148921536,0.04844565080496733,0.05199896248094761,0.06345396782276809,0.07606456936799996,0.08312542941591508,0.08243952516223517,0.07552569366132851,0.06551530221803435,0.059199297232269465,0.060686368512096085,0.06724952965732049,0.06602489411280904,0.050638181403587806,0.028296001384085306,0.009643032092240324,0.004713102131508395,0.011940875783364325,0.01730434679033495,0.015119387698644484,0.009999919468749056,0.00428959812744754,-0.0014788216726809248,-0.008063485074646283,-0.015455235782872234,-0.020975779200772343,-0.021033664197113996,-0.0034026776664807627,0.04205356732294142,0.06599327171443682,0.04363408717557445,0.009917033897350394,-0.017685647517956368,-0.03858644101242405,-0.053940293684734325,-0.06562955976622692,-0.06922902862409551,-0.06278719318405801,-0.054406559438683305,-0.05064899829203659,-0.05300204452810526,-0.051998701238134645,-0.04115896811469048,-0.02633079377486048,-0.01562495017094334,-0.011123478303011665,-0.0139827420622401,-0.01795088446111636,-0.018602488991283514,-0.014214889905477665,-0.0024728081612981788,0.013740923155522583,0.035859365784323714,0.05819501887244387,0.062046792518859785,0.02628624555799493,-0.027064675806355135,-0.06355816060559864,-0.06725741196139798,-0.03582445291020339,0.012289707911621242,0.06083449542820347,0.09213664633362935,0.11472711690198427,0.13574168335278375,0.1615179504106072,0.18054762226594814,0.18815634545584015,0.1840825269702777,0.16908519515011844,0.14725548082127554,0.1254472170244522,0.1119366023158639,0.10921353508035225,0.10986481498029355,0.10753254915944377,0.1036174322860314,0.10421415693299073,0.11701981872448529,0.13140987259035303,0.12694188851155838,0.10298809097330473,0.07657773414046602,0.054360678130911,0.03195317200068648,0.01264427919073552,-0.0009657500221047157,-0.006609178194035432,-0.002648365013593696,0.016219791896431014,0.04645533979664501,0.07850347200509715,0.09542631869085172,0.08876760245038778,0.059512571505761364,0.02047142188789223,-0.009684429990720465,-0.013669935172898207,0.015496247692924913,0.03408420557828885,0.03723544642508171,0.03212835335810564,0.02091616091840618,0.007714783083437942,-0.006310444292025667,-0.024763877532401165,-0.0434134319663332,-0.05079039890845197,-0.047286227893053125,-0.04149863129192764,-0.039603853643645714,-0.044186897799441634,-0.049167052217896724,-0.04892126541102603,-0.04278174196266451,-0.03003674456773782,-0.006715215537091341,0.025672176019247477,0.056604681817974664,0.07626559555300003,0.08276971331023347,0.07949661506878801,0.07496246539954332,0.07102018829984817,0.06833338950027132,0.06253405400387076,0.05470523503721487,0.0492157592547456,0.04520697385866492,0.042039368503509526,0.03845134117949534,0.03726134377217842,0.0385587620493415,0.042585771932994045,0.0430661145488299,0.026029285509141128,-0.004724288621884839,-0.03060558031384367,-0.030388478987269932,-0.010127816772611788,0.012608352693391082,0.02923411060472323,0.041541187970741036,0.047085955272033374,0.040967914641709326,0.019637556821124193,-0.0074808051044344065,-0.014313775909650293,0.02713468255314545,0.08858504448725527,0.12028452752424476,0.11625719713346472,0.09038992793264486,0.06176671480188666,0.04135916678274049,0.027372585147641303,0.020009679831030223,0.022665871223119537,0.0347645850472512,0.0499907469910674,0.059151890578912444,0.06216333174604808,0.06101427595291075,0.05522397368356476,0.04788293266394321,0.04439017608206599,0.04772326672609524,0.05440984787614955,0.0556353718153092,0.05089248480973684,0.03958964486438905,0.02295932347397325,0.004305218192191352,-0.010307157434607526,-0.019102817392845618,-0.023085211516372776,-0.024674942623410172,-0.022042005286121803,-0.019907389496509272,-0.016542891232994707,-0.010809235061677481,-0.008006033864607109,-0.005833393178870294,-0.0017490282131432263,0.004145756318441512,0.009867768443187845,0.008344249463916457,-0.0023381280225367477,-0.018141728983098633,-0.03294008900603962,-0.04288200252729246,-0.04529287798523264,-0.03939062929864252,-0.02568180895547386,-0.006493430727046243,0.014028608687637233,0.02925113589665725,0.029856815232111054,0.017800867552427012,0.005423247702967404,0.004502830088989846,0.01431392100668839,0.029555182601796202,0.03968967016136129,0.03557436303278549,0.014104635404234477,-0.007318606507417788,-0.022135004362018484,-0.026668271889892993,-0.023661502660872732,-0.012189329408802432,-0.0019382897107981206,0.0012099382771302257,-0.007945319975568086,-0.02083516186825443,-0.021477537873509967,-0.004954710039083187,0.02262274407905163,0.0536102453036957,0.08249033069932071,0.10511474047621074,0.11359463905100298,0.10645749356185302,0.09111215169004118,0.07815030050222438,0.06568537843145826,0.05574310314826251,0.050799336307647,0.04863633258822925,0.04745506015414197,0.048099145550218006,0.05469117852265044,0.06181181314778533,0.004972111883328827,-0.028902274868944595,-0.048011544816274385,-0.05953864915792533,-0.06265906604893541,-0.05205840252477152,-0.006786063925401072,0.05127625065181627,0.07393933277475616,0.06900495643339562,0.05152677250057422,0.032985161386270966,0.013269333485446028,-0.004217533587170383,-0.011720980752725967,-0.009978358666643476,0.005460372330946863,0.05461890671603396,0.07388282370622451,0.06320955530117738,0.058117902963874986,0.0585000836066737,0.05997827209798683,0.05957390859127472,0.057241088442251564,0.05434964616970554,0.053459808495146616,0.053704977561048035,0.049294888927071706,0.04052907319085339,0.032952462923881584,0.025915120513792717,0.01710378463928809,0.013150451202954187,0.0123636604868543,0.005825129209470138,-0.018779748188121673,-0.05678228500248622,-0.079639932057747,-0.07694031821506984,-0.06424348954240551,-0.04962860772766325,-0.0375536696057857,-0.023390384448984863,-0.011465637247818008,-0.0043287257253723736,-0.000954562487468114,-0.005594042126606365,-0.011354280202918291,-0.0075025352458860245,0.014482675026114243,0.050629176298355755,0.08100421455137632,0.09911493237021213,0.1000711921582461,0.08606805253842183,0.06525125300896115,0.04731640402770315,0.038315665011597055,0.03718760885116318,0.04158216096555089,0.05275949326725085,0.06906664595488689,0.07778294970403103,0.0714043794075263,0.059288755008017655,0.05404292588838424,0.05896022530251853,0.06919497448581129,0.07810672241325319,0.0860324565050481,0.09152808155990219,0.07731199449988344,0.05284899706926078,0.030489336638910056,0.008534490763392653,-0.01054228443871273,-0.027302664383722385,-0.03420908807215767,-0.02953797719577549,-0.02287953020279803,-0.017661312307357825,-0.01131957055131372,-0.0027804942225994676,0.0021125442310808993,0.005855997130847164,0.01275405645939026,0.024265128300985282,0.031498262700405615,0.03578767440488091,0.03672959448154632,0.036471667277572895,0.031102590101898146,0.02222987499287696,0.014119630552511767,0.005173137320242904,0.003293755282318623,0.014348479423840274,0.02908720982113309,0.03790610213439324,0.04059005402396316,0.038258741813307524,0.032720876339262225,0.02406654150875648,0.022476834340041617,0.029553602722803,0.04437318055145474,0.05521319173852536,0.05657454986098805,0.049836456839345664,0.04442033225161301,0.050147205424105175,0.0634345278839248,0.08864230888933985,0.11994231591580572,0.15252862467242542,0.17698067882989416,0.18139460196077212,0.17711754837553573,0.16254760025318896,0.1242635631617772,0.06865044742985621,0.017503460371133896,-0.008817870773096067,-0.012440901770103707,-0.0070286757374263325,0.0014281278475438166,0.009870146727693362,0.009364285124700077,0.006398681943734533,0.00736322896730459,0.01891901584563583,0.0330059585248013,0.03634415809760414,0.027431078879047034,0.013220686700161587,0.009031365960933431,0.019497831326247484,0.041107043932380356,0.06440947657681853,0.08052684302942041,0.08930626599620486,0.09770059819114252,0.10630506614835218,0.11211876268448874,0.11038528939965431,0.09544816022173376,0.07758397824086485,0.06084206075355268,0.04473281244077584,0.028277516696449845,0.020512568865573587,0.03853854991091272,0.08679639119291326,0.1400198635431225,0.181168307865918,0.19049963908398998,0.16829351745663407,0.1306447086815749,0.081361607740326,0.03734354731094074,0.0067621684009211555,-0.004668999505396986,-0.014060535573452838,-0.02955525245422862,-0.04998697607213174,-0.05937238512379514,-0.050933864111803784,-0.02729939044681339,0.010824378048431085,0.052196300464052214,0.08253997923030322,0.08828603062154872,0.07634473441093176,0.055814693346887496,0.03371735775417692,0.015921128121610534,0.008256033560559428,0.014108343847064263,0.035513611549704914,0.05882072239718501,0.07154278552005915,0.07202946597551789,0.06064285154542597,0.044606645105353324,0.031685516326169214,0.021720613713325513,0.010404130214177049,0.0009255330270260146,-0.003472109919887542,0.004173731617987125,0.015122066773495526,0.019309114215474557,0.020779872427591828,0.01978515122395196,0.015487027455463834,0.0028842538247570455,-0.028168889831537074,-0.07559935664911578,-0.09911453175735088,-0.08727606088556232,-0.06725231423989608,-0.05521678935844164,-0.051934904232064386,-0.05624101719330171,-0.06421631242887874,-0.07279488918302864,-0.0776108406949989,-0.07038679848402077,-0.040359093888999005,-0.0006823171487039697,0.01745492510044175,0.01847378296843039,0.01468925477089624,0.00862676010359108,0.00232544517099508,-0.0038298990562436737,-0.010818200215889523,-0.00828618043623759,0.021531652276847463,0.06152496312746114,0.08160318955981351,0.08638964520445043,0.08736252453411245,0.09877637892540886,0.11382972548159018,0.1106607147231324,0.09141788522491581,0.08064123285430046,0.08271250074923335,0.08511679003951021,0.08169449595328328,0.06924988570936733,0.048399871557405306,0.0281055302301722,0.012099907544093288,0.00812631030884395,0.014438857343548455,0.016420915703257304,0.010098539265510359,0.008766083329150562,0.01326015828132438,0.02292187399004497,0.03761544095211274,0.05413302832553134,0.06980388156645745,0.08215412497572737,0.08932627875858241,0.0929037685911641,0.09041452453929863,0.08100505850150326,0.0716785759814687,0.07257538131534838,0.08483408514610578,0.10170989780783157,0.11628229537360035,0.11877254101546318,0.11217316951089007,0.10125759873488212,0.08431335721555186,0.058288553557106285,0.029157488430190955,-0.004033223700591827,-0.03550271035648694,-0.039562990743438275,-0.013717834377516187,0.015614283107928738,0.031333077493081556,0.02864592416619241,0.019792764654255703,0.01613457714020061,0.011672449316858974,-0.003348347359454451,-0.02479062065876468,-0.042691860607656014,-0.05185906637928249,-0.05319296333364262,-0.048236467642914,-0.042377014567403185,-0.040565925204789015,-0.047190840463663966,-0.058239931919778234,-0.06512129029455396,-0.06928640817308132,-0.07760903559348604,-0.08420808534007485,-0.08452296625864267,-0.08050740471946169,-0.06785120345140257,-0.047278060533808466,-0.02217618888291222,0.00443347686984496,0.0271847506464394,0.03939614605091683,0.03708258799262723,0.021757148350050413,0.004058340380914222,-0.006253784690292743,-0.00909382552886894,-0.008968110685547233,-0.011075017835294488,-0.010451471217719962,-0.00011927191899464,0.017690427262693695,0.037241373999491234,0.05277681060578092,0.06867409486920266,0.09566454352414215,0.1266801915213547,0.14890215799116643,0.1578187057503161,0.16172718974007488,0.16748044230262413,0.178224098901791,0.18744547257497088,0.19170204566413873,0.18528136679819937,0.1609519098998606,0.11603387435593172,0.06121300400080565,0.018693467178663107,-0.0019463814246783683,-0.0023262663412636476,0.008009145598593824,0.022787243196676178,0.04163374394692449,0.055012271408677635,0.054632872983075724,0.04920055840652876,0.05412585427750638,0.07502000099209352,0.1011263270426034,0.11476961805115853,0.1051631146224618,0.08165745177882519,0.05567839221595685,0.035231564142634134,0.023681333110646362,0.02427926534142694,0.047336453447521964,0.06559331438657279,0.05058101591707152,0.042448347829468124,0.039965574153975426,0.044709900768011186,0.05381489740650371,0.06039095447177532,0.05543463939464085,0.03585412654026722,0.02303484128359279,0.026583646393636647,0.028773718390893196,0.01442524562556137,-0.0169270461957399,-0.04653660266324275,-0.06671024723551151,-0.07697100739538466,-0.07921137806358314,-0.07382623837148188,-0.06250388444229332,-0.04804135774934062,-0.03143466112447718,-0.014513191857737093,-0.0017632209709244069,0.0014354067766176775,-0.009749713627163729,-0.0359591407570939,-0.06333418462689851,-0.07491634522387515,-0.07039535683975154,-0.05547531917147643,-0.03193570906423095,-0.008340796547429483,0.007918106693883296,0.018958503669488636,0.026550504100678565,0.03364932617073059,0.039410651895263445,0.041680696967205166,0.04129967992902051,0.04371254196424982,0.05456085176466826,0.07369659909195356,0.07957000877162164,0.06421378075704592,0.04846688954171909,0.03711940884968238,0.026641804932061343,0.013298063692367615,-0.006235653548745658,-0.029177787521090067,-0.048827591886510376,-0.05380733264188429,-0.023289333969947153,0.03574036727476146,0.07274962256813701,0.07475357728469186,0.05425435816838191,0.026190742351944487,0.004804792165018575,0.0038339458728882444,0.026090009958085324,0.06354499952852227,0.09600759195540144,0.10618811064310905,0.10420372643558896,0.09967519109848533,0.08872205305103581,0.07118364748717108,0.05199860116792826,0.03431107812693794,0.020867480646759338,0.017381798879658347,0.017700177376707947,0.015319575013196331,0.02074195101846703,0.03474470200711081,0.05043780727377226,0.06108396404295111,0.05953693831131586,0.04019871791408199,0.012499251917890097,-0.009469476641115157,-0.027832044733335098,-0.029308515635498855,-0.005602587582506534,0.03542502064797669,0.06466458968961841,0.07743447287378277,0.08427525641290773,0.09159819413193604,0.10132477068677799,0.11834440535445861,0.14386535019219415,0.16038405191687974,0.15458545004538252,0.13518825131856974,0.107222129452393,0.06947280191894785,0.029803081226571663,0.0032013129928956043,0.00031731402487614836,0.010905379005036804,0.026073816356390764,0.03662383083220032,0.041597872797260314,0.038099909933810384,0.033520856845850086,0.0266281626160623,0.020574121649265344,0.019396343803630287,0.025142907734963398,0.02590847166491786,0.018783839418817137,0.009386198101319661,0.006737200233547605,0.013704260825307969,0.02102746771941557,0.026094934199619384,0.026040923783272205,0.019738532253223275,0.01181990150849372,0.012518731153673463,0.024624294120328207,0.04292297883388161,0.06471556309544098,0.08377404543423986,0.08311000018973935,0.05786781850926113,0.010477168394576793,-0.028913226933602886,-0.03860242431372268,-0.014220197921616846,0.03252812007976741,0.08090375985973886,0.10682053142405123,0.10901945708950068,0.10019542411697303,0.08786204775020806,0.07924459995429751,0.07630162634442851,0.07705310546031308,0.07364697336035737,0.0646518665999845,0.05036667637717101,0.03877700882811345,0.03578577391555818,0.036807116510206406,0.029499716860216747,0.007514506929797663,-0.014066765161391085,-0.017558365182540628,-0.004001350909832847,0.009669761107447534,0.014428587700546346,0.013011388057977386,0.008173092689577603,-0.003003663624211856,-0.019557772412737776,-0.03526613914839148,-0.04428590898816527,-0.04183243735995988,-0.03332039579385594,-0.027482548927528525,-0.02774687845851607,-0.03613945445893921,-0.05085274416020815,-0.07705429786108059,-0.0995482542474992,-0.10240855596993569,-0.0902231661209925,-0.06673061562113924,-0.03693413133095296,-0.00807352280148262,0.008164941489947515,0.011720533514361687,0.006470115775131377,-0.004068442549253962,-0.0159331477341716,-0.022981411971602042,-0.022989823007307578,-0.018759312577145262,-0.012441619081440923,-0.0047118715777628006,0.0030241041469673507,0.012437128178224625,0.019553778629810073,0.016681571784011116,0.0054472817467542305,0.004769677386778228,0.01035820318205846,0.014122738059971943,0.011027469804686668,0.00263293429419881,-0.0051583378729939365,-0.004391638070507323,0.017061687411067863,0.04307648030863466,0.06444712934858209,0.07467986234810396,0.07270364615130653,0.06954909732562709,0.07653988702429275,0.09673617346163131,0.11723959316163929,0.13232675885321227,0.13989941687047908,0.13585952148323097,0.1220159020022459,0.11123347890435172,0.10250828511416119,0.08633701613554172,0.07380106057640538,0.06956877952567227,0.07528194516215128,0.08220188466379026,0.07850961615117828,0.0673291770601827,0.053308501047877474,0.045153406956585304,0.04517492602558662,0.05286652455042821,0.06319110983515584,0.07573641918347594,0.0914219982084772,0.11181181387213247,0.1342767544042181,0.15396961126272335,0.1671750833014969,0.1766190131479886,0.18907254918238842,0.20037907366887683,0.19483537507190254,0.16430308601683782,0.11642646500332628,0.06212449925548006,0.012291260659201506,-0.035297983292896455,-0.0668763602692667,-0.07104636401837544,-0.04540772516271932,-0.012306522034285172,0.004435082336623744,-0.009079260340739349,-0.039725742090478876,-0.06338341203836478,-0.06000406254731228,-0.03248633293182426,-0.008020245230383029,0.000756418853935268,-0.0002574320800429985,-0.00979051238670633,-0.025725048783647207,-0.049013386568225424,-0.08126667021414515,-0.11903162946930922,-0.1445370394141064,-0.13392590306697627,-0.09442437078006018,-0.036580818309333865,0.013676230070073202,0.035812962378053044,0.03546994214897437,0.023563197602211376,0.02203969997780002,0.03894902155529812,0.06421841737616536,0.08169545326979179,0.07853113376353593,0.06306499214843837,0.049073751049539115,0.051944817848606474,0.07222684389131889,0.10021960895962878,0.1215539111493229,0.12480959962383932,0.11348531455846517,0.0904556690632171,0.0636979581520985,0.04390955443912462,0.035972854746002626,0.03434557606954211,0.03710402894672361,0.041176220036264,0.04284965996692261,0.04026801338883418,0.03869483198868817,0.043842287797399425,0.06338327638899678,0.10370416707784232,0.16679828646197997,0.2509435650885713,0.3003327923094905,0.24935364555946843,0.20107175484849332,0.1931639591303955,0.203675618763461,0.19619606442571372,0.14483620966009447,0.06966485269851433,0.01860355907716015,0.0024891317910071937,0.0016960730013996389,-0.00011700525724664599,0.00016292209234568765,0.004817066636872476,0.008718823961770518,0.009327038244802414,0.0021368353961351474,-0.008387922376864082,-0.022619730432132036,-0.046770616177553875,-0.0767373675699891,-0.09042283016659616,-0.08151252155369519,-0.06842866400532271,-0.05861047427852368,-0.046588211314651934,-0.012855482769722785,0.019199807688682676,0.025993881117258446,0.021794467492802685,0.012147984761660475,0.0027297196396655204,0.002241680962855049,0.007853435311731057,0.013144280187009113,0.01622093438404887,0.01288631785533878,-0.00032485797099013813,-0.012858117924726374,-0.023519598385352287,-0.028215701880512353,-0.02081432995777913,-0.013310026209387194,-0.022057499705702147,-0.03283202847904748,-0.03498364106304476,-0.030128794188935396,-0.026676849080349164,-0.024305782633852364,-0.020308834611189614,-0.012888182732282198,0.0001287535567563372,0.015282118602166331,0.028638269857592862,0.03868891208114329,0.038106425161841366,0.022290963449519256,-0.004953462556539848,-0.026362946852644033,-0.02601586098382851,-0.0073787728772709985,0.01412759285867197,0.0250978768891127,0.026867920750717925,0.0251097750732473,0.026353097643923122,0.03215988799291311,0.04000270161788012,0.048788812560747755,0.056040663097005367,0.0540181557985587,0.04605103705237906,0.04055502180474505,0.04366640761134673,0.04866897897279632,0.05587773483864977,0.07013573043980964,0.08486610323090173,0.09732187818856568,0.11061600800962088,0.13067220569152352,0.1705872201154756,0.23410827351438804,0.2305367543073037,0.14291237778698027,0.08974234792482969,0.06821950366574414,0.05765335933457531,0.05032109149751747,0.04935559699335155,0.059251529602947814,0.05838867437817114,0.04301097824540331,0.03638842072515899,0.03761475018260909,0.04235901758720527,0.04780842361742637,0.05074515739733053,0.04617365433349341,0.035851442419477485,0.026776750989749857,0.02658552849109919,0.03429197162910827,0.0460765326999314,0.05783078825424034,0.05672144734859454,0.03993655030446701,0.011722417067192452,-0.022781531285466554,-0.051481762616153705,-0.062357658988009775,-0.05419393181312064,-0.036316202353972364,-0.017535401740850755,-0.004731605679265236,-0.005141573171410838,-0.019291515702237343,-0.045153565682577605,-0.07617465938953026,-0.0999529193254808,-0.12264727339195033,-0.13350803397663952,-0.0008803540490038653,0.03876365983265611,0.03501450942458097,0.014515683729778503,-0.011456324098466305,-0.033995197490225455,-0.04344323958613392,-0.037659297850854735,-0.021984682307438108,-0.00449944281960894,0.01889928094125089,0.050453707468022566,0.06788998883511206,0.06601539967679854,0.05639985887791592,0.04515009474121291,0.038718421402446974,0.03982593145864099,0.046976117879480354,0.05605567854184992,0.06060741116019737,0.054144752911149674,0.035858147056100236,0.015005066128600903,0.006125519115678078,0.013194749013276377,0.021487056217186305,0.017807588868754394,0.0071034705580904954,0.0008673026748903533,0.004188478760420958,0.01978305770967126,0.041772467299724926,0.06257883745716637,0.0745844948008361,0.07314054422968015,0.06467351980269254,0.05862940260810322,0.06559195535109914,0.09861616872037969,0.1637358523874201,0.24984687885400284,0.29755843305748164,0.25885672389563597,0.17512821787774888,0.10885119833204893,0.09322009742707191,0.11558309223973197,0.1449334207470387,0.16654125698752908,0.17109993081347033,0.14481661041868754,0.10896130220747909,0.08435915192114357,0.0724527915340679,0.06827141216896912,0.07487502342571048,0.09242598974366953,0.11620819299725728,0.13586963361077925,0.14093981567568725,0.12648622198035545,0.10014625969600782,0.07962489631465947,0.06649534880987128,0.051612533718161956,0.02993493448724493,0.014655659789238874,0.015597749369397276,0.038200281091059725,0.06341548121792104,0.07480257741442156,0.060258891286835356,0.03028148432585091,-0.006926007975892818,-0.03857306914083326,-0.05200465165504452,-0.059438476301069264,-0.0706857026202287,-0.06970574357485022,-0.04832456543231684,-0.010813330124027678,0.027771743163546837,0.062415836364710736,0.08477274912412981,0.09515169661349861,0.09941292336864446,0.10009644176333839,0.09550309853740199,0.07580274017574344,0.03919006736522842,0.004115365790090962,-0.013090422052383668,-0.016585664188566208,-0.019114382863820133,-0.025818216050827007,-0.031652046415748966,-0.03689438617782904,-0.04202015224413679,-0.04710908075359016,-0.05526011961147908,-0.06222158050185673,-0.05582384529659491,-0.03911653952618458,-0.01944367705246715,0.0039273909435937,0.025798135796513303,0.03528614549157605,0.028298334895089167,0.009269449490341886,-0.006211938916670046,-0.018592492758343893,-0.021651859447560186,-0.020675639067526272,-0.01586134146824953,-0.005663728736774751,0.002986674349812988,0.014296605877289705,0.03061176758876457,0.04821285874321711,0.061825267466044755,0.057649114982490916,0.030167249009952747,0.007549930998682138,-0.001209905269231418,-0.004194736595738887,-0.006376472921087478,-0.0021424245048570416,0.01501373481091082,0.04723411396223741,0.087962662384398,0.12191160789520322,0.13809066160966516,0.13076446033481312,0.116598589231687,0.11038955992888434,0.11356125345288862,0.12267428795800978,0.13216791976124337,0.13363577434931007,0.12001144928814712,0.08834168280820223,0.062191208911463305,0.0589868891761038,0.07525147275267514,0.09374440713010311,0.09613251209536101,0.0792963168790595,0.04855447482006896,0.010956464416845123,-0.025433824375967657,-0.05349656667237781,-0.07207996340102366,-0.07815826812302404,-0.07098696174361327,-0.05670729376014631,-0.041458931640725866,-0.038940474952156356,-0.04777484268412373,-0.06061314192065096,-0.060514584729420166,-0.04764721216391246,-0.01818761827870368,0.008929734624910328,0.018364365215428304,0.0002982410196245454,-0.038697627649208304,-0.07317880229367452,-0.0955897781090411,-0.09453352615240804,-0.0699633455363147,-0.029753735681549005,0.005741466882620473,0.02394268125255173,0.01987671461863934,0.005986723784547216,-0.0034478824395254813,-0.0041952670128636025,-0.0007187995306283519,-0.00040672449034456217,-0.0038634678150125203,-0.004607976375908622,0.0012647487901521195,0.014785465732874085,0.032643649920097086,0.050734308443442705,0.06266761857157313,0.06866703463938147,0.07337008276085571,0.08059666430718583,0.09309103739520466,0.11104452091310327,0.12334407835329096,0.12213382846553658,0.12290752712527243,0.12200762804474712,0.1179219306033539,0.10805578554355598,0.09501412342125568,0.08068749163898965,0.05940444824471535,0.038884866085888675,0.025900543797216465,0.0230445013474128,0.03189760593275086,0.05077394734983735,0.07018568754099466,0.07857351830926998,0.07651477813954942,0.06551756603467149,0.052670380387223166,0.04139965106493745,0.030901246904126232,0.02028099023648155,0.016005525110647092,0.02205520996408607,0.03441089246062764,0.047690853175987626,0.05832173122370371,0.06070854878474854,0.056081709430493766,0.059070059347154535,0.06946690792300504,0.08181575475283785,0.0790176162690258,0.060325142315985215,0.02744289563098734,-0.009563091256974306,-0.03452727079903632,-0.046609747772069735,-0.05164748169776535,-0.053779565411825256,-0.056012969386469456,-0.03318023320151882,0.0052176851444244296,0.01755412013111522,0.023002971191463818,0.026343778410755418,0.02817463849166275,0.024592526312964054,0.015304227405100892,0.007477373856741585,0.0212381142178997,0.05520084964824706,0.013942324152750634,-0.017016430904385964,-0.03149455264609455,-0.028234513470521146,-0.013552685657551852,0.008884569097740826,0.030976913022307068,0.04296199253769359,0.04700016217419394,0.050204606084961044,0.061741893950271604,0.08343576264839253,0.10580435171922284,0.12831326756599262,0.13749015441163526,0.1259576088537221,0.10851935582521507,0.10057651111495743,0.10719010554751997,0.1255239027135994,0.13923140709481682,0.13730187246546238,0.11582073038881956,0.0774454337969624,0.03450284087589948,0.0074783597109406835,0.013278106551734902,0.04095413374147961,0.07445919044966604,0.10346410645910474,0.1289969954906836,0.14734148084511187,0.1564331737071219,0.15115666887957432,0.13854753696473565,0.11756956374949301,0.07989597387241966,0.058803068212877264,0.04883672064130179,0.04066082947581901,0.03388360441904642,0.03088798207308286,0.03118324955649335,0.03329754608505241,0.03831174641251255,0.0465502563711984,0.051574095232386055,0.04115654789342201,0.021864386667983522,0.0037347922407867233,-0.014418816276253127,-0.034716814805029854,-0.055534765479083176,-0.06865042151145478,-0.07227579059020327,-0.071032791023056,-0.06665520562393513,-0.060307664106319055,-0.04988933515172101,-0.03333174890754675,-0.019297304485214956,-0.015577184999222126,-0.014045638519439473,-0.007983461656596587,0.009498492222414369,0.036369792506947635,0.0698478429928439,0.09586606963948424,0.10460460345397453,0.08770037116196008,0.058098162396848764,0.03495079806540863,0.024264283244978372,0.01960147852638056,0.018661742100481087,0.01782430487726374,0.007534804139181824,-0.004563010952853558,-0.009491147686669876,-0.010118079136271335,-0.010905317919414289,-0.003012383115356627,0.008157325862052024,0.011582641156128705,0.00509344211997503,-0.006214818417756639,-0.014631801993144056,-0.011169245664928863,0.0010847208107370532,0.018524452043183176,0.03962296860910311,0.058854447663707364,0.07879253398545868,0.09534330729197384,0.09626107497146531,0.07725563557418869,0.060078738099536864,0.053574480985461324,0.0564952810334407,0.06423354567137528,0.07311101572022637,0.08192383507619698,0.09398993975819006,0.10760594787652837,0.11331315550624961,0.11178509944975881,0.09733361679923914,0.07464436213168468,0.049751869973867706,0.03280195978246951,0.02397355254412739,0.020137831578341384,0.01289671151323497,0.004391501894860486,-0.0034294241915068537,-0.010751616320416902,-0.008499338166963983,0.021903197286609714,0.062300292572262626,0.06776263719720159,0.05279807116689078,0.029667090288039155,0.006840888642633855,-0.010835085967942184,-0.018515765647442325,-0.008500525083935045,0.01053191809810135,0.0264515241968075,0.03391105724731161,0.033899006839047154,0.03146564789447379,0.02896909683512295,0.028809247054641163,0.03035524654723367,0.03078201923049066,0.028893850650647337,0.0243187406228117,0.022801901799731548,0.0219356424093196,0.02044486172641237,0.016668565733841158,0.00908700102499307,-0.005420822374418601,-0.018868378064074758,-0.021315312060168245,-0.011843197857728027,0.0008817601476497987,0.005041165730035381,-0.0006573955547603602,-0.015371049286552693,-0.04006244650929375,-0.06242442023319916,-0.06705005609893301,-0.05888387283380332,-0.052324043487774724,-0.05445514586724627,-0.057729067526168625,-0.04842338146333627,-0.024902626064111068,-0.0021353668250361554,0.00977505909134228,0.008777027405609941,0.0008335034729367142,-0.0009566865571791441,0.005549803944301518,0.015017498197722278,0.02158931607056616,0.02529971126605874,0.025021639663251605,0.02118237677206348,0.013789592572975993,0.005307614303838442,-0.000924696118503922,0.00023015342058042365,0.013362794575785705,0.030377946242687484,0.03960967963311899,0.042432866789283534,0.04149154552555118,0.04384156020227199,0.05560800204419651,0.07709999300806941,0.10652372321781746,0.13913326242350346,0.1751077207660466,0.2041515209104493,0.17821862514985382,0.10450627481512224,0.05150282740574118,0.02656516147366016,0.017950010131877407,0.01984676255629544,0.025842024801816976,0.028033350939706686,0.026995252770879337,0.02641181529672635,0.02442161605342658,0.0212555419232804,0.021378845904391767,0.02709702858403474,0.04276243308449318,0.0666678333714162,0.08637447821715113,0.08424642496838429,0.068310326918783,0.04876276783813331,0.02636016973897867,0.004102804510188112,-0.006124683273721199,-0.0015635401185841342,0.01369353437836926,0.031430368621093024,0.04857725032684235,0.06497815304027175,0.08253498354554913,0.08573649343151564,0.07023192702469656,0.05681141350210903,0.04865327320133457,0.03933450411528997,0.029077813761774814,0.018473129094703764,0.008566922875646431,-0.0006701206056189688,-0.00811862561841188,-0.014358292166260632,-0.011042575745677491,0.00418476744440066,0.024122504418705393,0.0388569016894041,0.04028215662963798,0.022756981639821306,-0.007166049319319922,-0.03665340610531876,-0.05419834983765025,-0.061636241250284364,-0.06044263073053294,-0.054359995254307604,-0.04776667817908437,-0.03498480838602442,-0.01807457516182282,-0.002842697685660475,-0.0017488296171500211,-0.01846277088811377,-0.03959438450348,-0.049617099222363605,-0.04058244763401679,-0.014777731306879292,0.013756514798190749,0.03869033544447925,0.052429134476230474,0.058646602291074476,0.05004577865535765,0.01893601066241087,-0.025254077206340195,-0.058293422705434736,-0.06428902151796416,-0.053993258780711914,-0.03603386598009254,-0.021893346211914317,-0.016744457124657053,-0.01086627069303654,-0.006340591831133323,-0.007805664843299902,-0.00792674984345539,-0.008781607787154875,-0.009808581679633284,-0.0014655063170614375,0.01545598049650473,0.03441665316982206,0.047446603689932344,0.048705197786244235,0.037333839569441474,0.02891712092272197,0.04183002589532838,0.07526836804236339,0.11505476108521635,0.13424924960098197,0.12327584559331603,0.10246465380742124,0.08752835345574929,0.07509463417254102,0.062462421231451806,0.059755642472415375,0.06101853630041619,0.05849480339157286,0.05026180300738868,0.03338021917504743,0.01586029571816236,0.007982193423858443,0.020723240109621066,0.04959587579606131,0.08147198818120562,0.10422706639427597,0.10568976096350671,0.09004205917797091,0.07332495551953704,0.06995790242546455,0.07765407983102672,0.08283800243381019,0.077758681555902,0.06073315018066811,0.0360491978681186,0.008922201618271924,-0.005274328070243003,0.0032756714015036263,0.020132078781798367,0.02963026124117668,0.021917425970035515,0.0025132269394241937,-0.017188445503771115,-0.026258316010911636,-0.021890363817491834,-0.00864438630298932,0.006619440853360074,0.016063126474340866,0.012405393534664357,0.004224567152695686,0.0007422854180244079,0.0022309110452548805,0.007024310166278428,0.016672057139575692,0.039244017895566405,0.08582439610992902,0.08458797396519262,0.09148056230522826,0.10500997452785517,0.115163312897061,0.11022017325653054,0.08433219001801241,0.04425767796720276,0.024002560233937247,0.03534893511346335,0.0632246452383384,0.08446811905897476,0.09253507253074031,0.08169663807289551,0.053137625847243505,0.012385002313040195,-0.02971557065815171,-0.06323737396597978,-0.07943503833539795,-0.07683848712693568,-0.05352911487226768,-0.009354768965491785,0.05522051941330325,0.1327854515949631,0.2044492848561481,0.22303346793895865,0.18674056878792855,0.13695155384294572,0.09512341298723734,0.06610907738119427,0.05721236765502142,0.06951463752800702,0.10532999946090933,0.15259444160147137,0.15634256280072314,0.1326901581007164,0.1315291927492928,0.12975153963144118,0.10945546298265887,0.07200948597429077,0.02505935847600634,-0.03829943233956223,-0.08715507960495988,-0.0849972894248593,-0.07009709731923043,-0.042929710727325224,0.007589208300182051,0.07142818383235187,0.11206233548583829,0.11461888375647017,0.08023671749466474,0.012817425169964107,-0.031804361417746216,-0.03378060160925896,-0.017568519836156385,0.003298598478160733,0.023402985743199885,0.037544254630103774,0.044944733848899514,0.04214913638258831,0.029681052964767068,0.011900992567936766,-0.009201305205539367,-0.043333491942289866,-0.09877480416449987,-0.16799551900639048,-0.18923493425242677,-0.1410058312665293,-0.08721478997301046,-0.04534381368098472,-0.024679587153560945,-0.03806460699582077,-0.08475374880526677,-0.10736766029735102,-0.09741756004775816,-0.08006328790966306,-0.051828512644489594,-0.018167584568169467,0.0073109474922933935,0.01801638502563237,0.02138257682645358,0.02875323049292814,0.03870521808120337,0.03925393076400547,0.02116262288841186,-0.00817600384292448,-0.030847293715577585,-0.04558785936942907,-0.05921030685911649,-0.06232068350520755,-0.04921165622171641,-0.03118488603043129,-0.021616603369014477,-0.011850243526082431,0.0050306859211477935,0.03465872049243631,0.07180869629340385,0.11033272006313391,0.13746047698130812,0.15447085117111872,0.16168975847852984,0.15322908437971425,0.13704011121398657,0.13111765736788583,0.13724053247547743,0.14349678228146567,0.1343273718727982,0.11759908707284414,0.09879709604345636,0.08517941508918864,0.08264231294242116,0.09159032799246614,0.10292740012438004,0.1179615923870587,0.1385777564760258,0.14877046618309572,0.10786166425746743,0.051800534241805724,0.02386742003430293,0.015252331167370604,0.01714945817239176,0.026274622556813926,0.03820842570640334,0.041918137267605314,0.03256765152897264,0.019706247728147542,0.018209994639576278,0.02753176519492088,0.037595311331721414,0.04580230986074607,0.04986246763040982,0.054492878422954874,0.058835632765203816,0.048396371198391915,0.011846272384786093,-0.012741519819963645,-0.018311344175295112,-0.008177555697861837,0.010686950268202905,0.028328184478423918,0.0419469802067775,0.051207310122232584,0.04755011620103745,0.027420371106810757,0.008899179713868215,0.00523659112155913,0.012502935756346464,0.027178519667879545,0.039312838280947254,0.036488017283636986,0.006004657999066208,-0.04912776043621324,-0.10099592290381651,-0.13722732996441114,-0.14675942595814628,-0.13147242753105282,-0.10533693638131608,-0.07648928904957294,-0.05395382834928077,-0.04591122640936561,-0.05565511880306013,-0.07625788795957593,-0.08752897171326031,-0.07504099655085973,-0.035497546776843816,0.010433835994269993,0.04380858631444378,0.06124354819611961,0.056111190278128796,0.03285669238084504,0.012004505671205291,0.0020075691375983796,-0.0031260327328368307,-0.003667990753790768,-0.0010878046898700159,0.0014241162311489047,0.0025984033303154,0.0028556330715650497,-0.00012605305364606824,-0.0015939572337436822,0.007668923027907476,0.038247587457575456,0.07366483478179846,0.09671539867691828,0.10447816377510702,0.09714397738474313,0.08283609778453617,0.07395594565297078,0.08261680788514825,0.10183627703435141,0.09517381511592882,0.07787740021371065,0.07285059330578204,0.08218772437319326,0.10062694181531696,0.11360847651564769,0.1115484537548892,0.10121750958724707,0.09317314481130208,0.09760668151455705,0.0973159722688509,0.08057446463361014,0.07610201860258256,0.08116987664403509,0.08276759882569108,0.07709874795871428,0.06484085125153254,0.05075014694788478,0.03904313274484574,0.036228663281808585,0.04395999618472138,0.060384609556788496,0.07394287427142501,0.07458137828567342,0.06385009060065021,0.053158632252003866,0.04031212061098097,0.020411498779424476,-0.01246951900419937,-0.0511094716153412,-0.08273944967339446,-0.09647959985018514,-0.08866858436998223,-0.05745784285539104,-0.01656352595973846,0.02814398475964034,0.06307790792511488,0.08169566561527705,0.08673097254388999,0.08907287645953439,0.08771604107930087,0.07931719079542514,0.06641549477171163,0.057829006894705055,0.06458939640116448,0.08545302858067594,0.10949202857690647,0.12835265298144505,0.13130161331740203,0.11596171473686527,0.08808954144317567,0.06275659619353652,0.0464731305429826,0.029338448577365322,0.0030755099685877228,-0.022556531070492426,-0.04242549133502422,-0.04834594519539207,-0.03753298393416298,-0.012288407751080933,0.02422080836993732,0.06699018275386479,0.10983658743433763,0.14897182003160028,0.1724081931863421,0.16928234219517546,0.15112141193771533,0.13336534338512684,0.1197202652906997,0.10227700946181038,0.07673949654164523,0.04876503921203394,0.027740209185359264,0.01661195840754684,0.01738197665933951,0.027429757355780234,0.036605559146746035,0.02007396030274547,-0.0023569312601040273,-0.01613316318302577,-0.019154755767795975,-0.019053810940444626,0.006485383479307579,0.020966242089239945,0.025459230438370613,0.02974171438554693,0.032356795442642236,0.03453743338059556,0.039842103588738624,0.0479809361125336,0.05842872235906284,0.06800129614631097,0.0720550231368598,0.06184767697580767,0.0381872424779639,0.00750522466239523,-0.018358139688297203,-0.034817553568328434,-0.04253916822174526,-0.05069836711177471,-0.05885830793759541,-0.06003045557833094,-0.048458839038510386,-0.02695909737646828,-0.0052343984602924555,0.004756443507055935,0.00494818224544179,0.0011934753080946284,-0.0017328396646357452,-0.006753918533242824,-0.013818544534539904,-0.019921269551508743,-0.02098543056726612,-0.017963317222553732,-0.015652309756477766,-0.014036466278719165,-0.013748517058747379,-0.017280766177752985,-0.022254920379101848,-0.021478480204166,-0.0095513996099127,0.011126860694987821,0.016784601687878986,-0.009479790989817622,-0.05097106687919292,-0.0609786985453422,-0.03680188052000418,-0.003481672205760983,0.017463233604510544,0.01736438483208397,0.006609388417093085,-0.0016196032774912462,-0.002272860562682265,0.00862232225839762,0.03468943515710601,0.06086090423545164,0.07079489293131139,0.05405863698596797,0.031889276828735054,0.015168940797831041,0.005435064205885566,-0.0007634659368599074,-0.004584485066513167,-0.006120458031934815,-0.005827382319593985,-0.0029510505346096562,0.004714888527346416,0.016411827748126783,0.033848088198515106,0.06290499735067037,0.09702655443857722,0.11238174741256549,0.10870080853883614,0.10497729494371465,0.10714057629228806,0.1149874896703087,0.12376718291717288,0.1302282634758122,0.1342240466457995,0.13579278715168552,0.13061120193171954,0.1120981905543013,0.08723726351295555,0.06306971582703214,0.04629039230584764,0.038806782298714745,0.03944110434408793,0.04238276617868837,0.04258373364342327,0.03590170848315498,0.02624176660741519,0.020347425728666626,0.016156206574485358,0.0036853520099846345,-0.015426544311339887,-0.02842918038148808,-0.024098956240474822,-0.01044090116723425,0.005045673448214537,0.01947520493838714,0.027539640480961296,0.02909469599335656,0.03635995934590629,0.045553545655725135,0.045050297913792295,0.021650525657684605,-0.019151979030572874,-0.04721406548959282,-0.052972836287996226,-0.04741639770279626,-0.031324807496358686,-0.00874738028950409,0.0154259367316923,0.026398124679192284,0.01758012278062935,-0.00110815129889442,-0.01547121559963979,-0.022561248078115007,-0.027335852536479785,-0.028640801974048728,-0.0257215028480725,-0.023373553719682427,-0.023859454298912047,-0.027437623959351575,-0.03551165025052268,-0.03998144231436282,-0.03496190097260558,-0.022710062557541495,-0.0077043925541695115,0.0021773344254014245,-0.003677886681511349,-0.016470637978004486,-0.013187722640410574,0.006889895856268709,0.029895400187265154,0.04362578419302382,0.046373441331791644,0.041551691667522234,0.02758000343998074,0.015459346693210977,0.013937339125966957,0.02639171274581769,0.04816936874275403,0.06643041040559498,0.07681670539100047,0.08477000848287991,0.09006529924482322,0.08939194793518158,0.0786083151638131,0.0595633553241308,0.03731496505640381,0.022427604958492192,0.01550360119358738,0.01600561545548995,0.02239102751608949,0.02971669371109386,0.03947269853765632,0.055357072239473774,0.0790146617953894,0.090481726378974,0.07658990162546177,0.03404929083586909,-0.00637931988724357,-0.013802317486511775,0.02577247612076796,0.06199404634620164,0.08774078933487546,0.10963827085877365,0.12623363316099187,0.13671462020241182,0.13773413527032408,0.13529417817558434,0.12860482504680099,0.1217298159649881,0.12028576893005961,0.1171458097540013,0.1060135720676409,0.09320651774839665,0.08490144189468679,0.08050633265548451,0.07629121124233512,0.07745485496497725,0.07726954118331579,0.07092117863068127,0.05837065033226883,0.04967931004183569,0.048527400679246435,0.053879778593778245,0.06306318120919986,0.0820189771626132,0.10801680914570419,0.12657273387195195,0.11185031524381944,0.07675350474805828,0.04734467941541363,0.02945237287128322,0.023149232988843874,0.023883701234518644,0.02480747561708451,0.013917673137159407,-0.0044782342242359495,-0.019787730630953276,-0.027923941443358784,-0.02868838913556422,-0.025205918730030325,-0.02070438845268371,-0.019531858347708014,-0.023437150976891353,-0.021930114048817343,-0.0024376244675048397,0.04045035670807965,0.11033074207979926,0.17679157292090883,0.1582871634212208,0.11378452820470167,0.07538493720769572,0.03925832656997553,0.008356596822366925,-0.01579981365846754,-0.032392098327488274,-0.040293064795391124,-0.040248815471569256,-0.03358527622923994,-0.022679191167055798,-0.009946897472667558,0.0023119779206409734,0.005881732788330234,0.004781349920101525,0.009959500166217461,0.029768536254513693,0.056470131636418695,0.08242638263573251,0.0929792242755461,0.0683919721094358,0.03559521110566085,0.01642976116967918,0.007537413872943518,0.0026023579615855174,-0.0032010666045984666,-0.00941904595916975,-0.00014219907512014174,0.02620048235657466,0.060213047235901936,0.08985465340636706,0.11033617324664696,0.11235847438647699,0.0943185368033787,0.05476918823911722,-0.01654396806895429,-0.026270268606333115,-0.011120725991697836,0.0030458174764155473,0.015394250409931974,0.025592174646112287,0.03154205217461465,0.033645374569760175,0.03346949929976917,0.037374843876281344,0.044959641215791026,0.04643474136183188,0.03468043386303902,0.012836011427636237,-0.00612158291688853,-0.013607164094414924,-0.008628272708038514,0.00547885457014696,0.023435390400801476,0.029893150823039602,0.016874089849346706,-0.004083604765606408,-0.014893366886007921,-0.013109773112239416,-0.007682562081474494,-0.006610193171078403,-0.00807923951181169,-0.010873955009000328,-0.016445364312415667,-0.020569550296114743,-0.01878242628696597,-0.006825232006973455,0.01570250422075777,0.04692279649909627,0.07383089814797957,0.074226646729929,0.04803403031557998,0.020166679526851583,-0.0026789177856159983,-0.01398392925112768,-0.01483981217917174,-0.010007683585235804,-0.0017606622092947316,0.006373500260705186,0.014249991926727427,0.021593164351809472,0.03272531114106358,0.048691090252928414,0.06434696053018649,0.07010485121666894,0.059550645406489,0.03389341586308537,0.0014515987886748755,-0.02503572012681592,-0.03270722513405449,-0.01235699485408908,0.024733438884153105,0.060216409410590734,0.09526143440802505,0.12552865976980762,0.14055282414281264,0.1413301217076471,0.13937234218231184,0.1384064837857109,0.12566078862258345,0.08548196890309753,0.052135047706941856,0.04292735385054983,0.05029785786988102,0.0773027156968633,0.1263171447895615,0.1811695708874335,0.23128313015592697,0.2728804841492296,0.25170051980625646,0.18558373807264414,0.1497801643620717,0.1358608642135984,0.12389423007935196,0.10976888589656118,0.09110476932469759,0.07017922867056144,0.06145699717295728,0.07072178183565177,0.08969496548067499,0.08993230627141242,0.04841767862322878,-0.006248469776031591,-0.03387119686733295
0.14127847420069897,0.1056944870019079,0.08858185034550257,0.0860364170006541,0.08907570562625493,0.08995069175268956,0.08398985801928872,0.07287593442357884,0.06154444822124437,0.05019614580224147,0.038424361373867524,0.029799876498311798,0.025387865660445628,0.025804575474480215,0.026865442067365828,0.02674597288349594,0.025644027199655983,0.026187197926740218,0.02964498695295708,0.03249961361869366,0.03455964957864473,0.045977674738289724,0.05892066619057138,0.05917094561802427,0.05227117297411941,0.042086013170624464,0.03522674474129632,0.039430694173927396,0.04340115981731195,0.0318130052131626,0.004194640498651044,-0.03631553002203475,-0.07872683532018533,-0.11929667921418229,-0.16385001939066823,-0.20825214575501583,-0.24014825282500898,-0.241916586491389,-0.20932267382497138,-0.15863172340511655,-0.11648811344344967,-0.09829107157824851,-0.09972848712812257,-0.1101672577648921,-0.11599098369376784,-0.11334796182692233,-0.10557879040210162,-0.0972908956811347,-0.0893542518339411,-0.08190720823429698,-0.07659351344122112,-0.07319087118958029,-0.07765864610542321,-0.0888574357509346,-0.10198895728796932,-0.10695285430642894,-0.09860463549429849,-0.08127837534072269,-0.040599152549974954,0.049233987779417204,0.1295379524387607,0.1595122720259659,0.18542569465762374,0.17213969477089353,0.055220263714721676,0.002923462866866697,-0.01850122523901959,-0.0275802622581884,-0.014320673815536547,0.00395013334741688,0.01417538466487217,0.022287816128641915,0.02971317807527265,0.034022445132749615,0.037324612829328446,0.04449376221189756,0.055415195878887415,0.07318581879695206,0.09710496602153695,0.11232445404033163,0.10860384344617481,0.10545126124297356,0.11116929679376693,0.1294692317620354,0.15414417677570544,0.15416323685217692,0.13180343700212868,0.1151624664235562,0.1061502487640714,0.10394012445751931,0.10013951815859307,0.09127939450275975,0.08115090898051808,0.07230338099288453,0.07010804156729279,0.07311607200453206,0.07712072442770532,0.07953364727503877,0.07973521228337792,0.07526883372555011,0.06129725894139143,0.03724582441412003,0.009862645544494055,-0.01193059200713167,-0.0272691508109997,-0.0376897356244509,-0.04696754962992479,-0.05322171778907614,-0.04988170203108169,-0.035058560036529005,-0.015406557213691847,-0.012528134189873587,-0.042205006676337864,-0.0769050484511091,-0.10095262876356018,-0.1101965874411468,-0.11070077247420829,-0.11207411392772773,-0.11750640705502542,-0.12807341924349377,-0.14109923659284634,-0.14748886555659618,-0.1454547080145531,-0.14017756175413473,-0.1422994832937814,-0.15786023572561533,-0.1874896236685897,-0.1910022232958618,-0.15532032446655222,-0.12300249133065612,-0.10143122718772975,-0.08576051029358685,-0.0746339628214065,-0.06981965858391047,-0.07006214444913206,-0.07129269141716388,-0.06068071363664659,-0.03415744286063024,-0.008716682201658964,0.012673397798318102,0.02987802654331464,0.04117200900032576,0.04539271906935971,0.043383557151865,0.03949320621309096,0.037024153700359136,0.037982365077925656,0.04565907185850707,0.056578071047265206,0.0672084719524513,0.07425795671775937,0.08064952625607555,0.08953643267590682,0.10217655758729355,0.11621816417049938,0.13161922603366463,0.15760918232829757,0.19324742392828256,0.22856751707863443,0.2574405136829214,0.27681017994166995,0.28691785928077257,0.2699929970486378,0.22592205406296192,0.18818877922594648,0.16025884695286255,0.14160597266375083,0.135016052950472,0.135274584377198,0.14079629515224532,0.15002541225817528,0.1455288543844222,0.10866752539216791,0.07172955525208873,0.04526398748558351,0.028628989471420962,0.023536583397342367,0.038726821068634724,0.07367785677319418,0.11424557550163296,0.15369058511082873,0.19222225864709425,0.21643848153511502,0.20266588403468955,0.1564641638286827,0.10535041492311681,0.05854915498391236,0.01786478213937343,-0.01427727302053654,-0.044245112724723396,-0.07632343342628557,-0.10674727111441203,-0.12680556933750414,-0.135026021762009,-0.13372502536249287,-0.1246619107775113,-0.1122987728427872,-0.10934778792378909,-0.1291342544301412,-0.16473015824320356,-0.2033487402248716,-0.22868960791996357,-0.23759393494149805,-0.23628227177668581,-0.23222759740096435,-0.22698195915410857,-0.22067745907655548,-0.2181234749033202,-0.22121188455816423,-0.22938579420234861,-0.23345652082645157,-0.22732045317947105,-0.21943203206936285,-0.2269953904062024,-0.24907106576628157,-0.27684793183454415,-0.29701753848775697,-0.28676978047428564,-0.2502959049154335,-0.20115479500865519,-0.16123129923646956,-0.1307061739328157,-0.10727967147528497,-0.0933425358436852,-0.09138616344262598,-0.1106285508236594,-0.1781312278819259,-0.25210511627682397,-0.17420652963895245,-0.11493000036825993,-0.0708183976460479,-0.03438371444561059,-0.0022003538752211164,0.028561934385722618,0.05468774881420511,0.07635982894349033,0.09464438901259963,0.11143239567393474,0.12979895222879584,0.14741333513437385,0.16686273533121967,0.19060858492799088,0.22106745988204418,0.2470386323258384,0.26183426112473945,0.2625093871895421,0.2567818679883846,0.24990102744175136,0.2505217393264035,0.2575117890401014,0.2636257118066819,0.26093863423672964,0.25038024803455955,0.2345147513461289,0.21473779268399978,0.19008597137324354,0.1618875910251841,0.1402004189371358,0.12727918783174064,0.11405301838741953,0.10403988836663529,0.10158192065949564,0.09441919672069833,0.07411949244436551,0.040602593730606734,-0.0011398531458197763,-0.03638148606563217,-0.058132659737305185,-0.06741439114594996,-0.07447010314793831,-0.08858419621606707,-0.10709365768163769,-0.13143383644491857,-0.1642485308849096,-0.20248501481865766,-0.2218480897201584,-0.18558925844803537,-0.12202700531506708,-0.07568539789649616,-0.052068982183339975,-0.04283342134355171,-0.04028653193784881,-0.04042906760984428,-0.04408592181213342,-0.04997449868233677,-0.061664011839888955,-0.07474931320419456,-0.077710546155459,-0.06751704098502039,-0.05307116336277401,-0.040773642725561436,-0.03443046696237084,-0.03543727804505218,-0.038890653767615746,-0.039394083060984714,-0.03307580198364672,-0.022804006421176498,-0.010957922742791474,-0.003982269779796794,-0.0017894303348542126,-0.0062185063555668975,-0.01592286241693433,-0.0250926259279404,-0.028923905930777725,-0.028434226680849516,-0.027541922991069653,-0.02690444846176578,-0.025706134244434284,-0.024272332875031045,-0.020399239897664356,-0.013173287353529206,-0.0009683751925984019,0.017182086710776496,0.034979666249751185,0.028773249710995884,0.01876299974467137,0.012600105297189272,0.01469609596326831,0.022558989821296067,0.025828087687520374,0.022949691138008616,0.02269615017098884,0.028223443751604356,0.040646267922687655,0.05678714590502577,0.06955739445354485,0.07730182802845559,0.08449040358046582,0.09501547734585704,0.1098288142741955,0.12268844733272771,0.12580024885560367,0.1159415456392767,0.10297458473913987,0.09254555522882665,0.08740043414112325,0.08719261878425108,0.08926134649349474,0.08937090060798754,0.08621763744635694,0.0930820396488172,0.11599372532367286,0.14065659500076566,0.1487697856900983,0.13931372205604967,0.11512760210921885,0.08918849968381601,0.06625754822311843,0.041500541762751385,0.013028366704484892,-0.016853350423935355,-0.04708532995438562,-0.0703104769623694,-0.08201457467213973,-0.07529507923473584,-0.0604268300011804,-0.04941736106682798,-0.03746092071117619,-0.02708584202135814,-0.02496382354673159,-0.03152822906774494,-0.048444110677360715,-0.0757528144543279,-0.12291741379090285,-0.17022388558742088,-0.16377743324214605,-0.14025141738453814,-0.138101993230384,-0.15631447798856063,-0.16330892380571344,-0.13301074584314937,-0.10868986948375256,-0.0978299671802013,-0.09392041922624914,-0.09494794863276972,-0.10078739931850911,-0.110551567344548,-0.12612148900360617,-0.14611153937431345,-0.16723493476178836,-0.18235199469941,-0.16984108312708984,-0.136267276778488,-0.09971852807667352,-0.0693761847782362,-0.048857999443683936,-0.038904596325650416,-0.044646992999679495,-0.056690110150272574,-0.06319101564813534,-0.039807964562446785,0.02443400488029119,0.04465699004093355,0.043153595391116205,0.037994424181382665,0.036275420353307074,0.040861305881931716,0.053729678304862805,0.07143740685889231,0.08522649112647333,0.09575979944146543,0.10799544728539115,0.12909055106301812,0.1656447288822531,0.21655855873450966,0.2718825616753425,0.3157212363621727,0.34939483990361253,0.3672711416428165,0.3658119870027365,0.34381180950199364,0.2985732717781861,0.23790702980668785,0.17855844366465545,0.13437671968429024,0.11009936642635701,0.1021178988451359,0.10484272598869022,0.11468201620496442,0.12881009904216198,0.1400476968537149,0.12793664929230705,0.08127794622164097,0.0283691270050981,-0.008113492108713953,-0.03150920022456414,-0.04819089470296597,-0.06191429877838408,-0.07451816705255326,-0.08627820947462365,-0.0945459067419539,-0.10294583776332956,-0.10869325820668421,-0.10803996310028886,-0.09963737991330787,-0.0877253471573272,-0.08148963548434593,-0.0910180115767078,-0.122186405141124,-0.16435215472549872,-0.20129659369918712,-0.2200454563432968,-0.2129672263350288,-0.19402483156554082,-0.1790501188349336,-0.1778733150075685,-0.1950744656037087,-0.22777831160333273,-0.265774370048529,-0.2816938880085249,-0.27629149164417977,-0.281686830576398,-0.2965139298388698,-0.27936584714055246,-0.23623118465620319,-0.18345635948995168,-0.13582675629118426,-0.09970352815723851,-0.06943314298456454,-0.03709818061145434,-0.006321357334995837,0.010920346437853203,0.013259360647490573,0.006497237186341551,-0.0056294100931593115,-0.020931984518822753,-0.030483570209174565,-0.016381969215657717,0.038867886708549265,0.11473574567454109,0.14307536355205283,0.12482600566311873,0.10678330767212221,0.09932887995569191,0.10006885923164491,0.10947380775580785,0.12994364074510947,0.16415896264504895,0.20127601813415044,0.21237041178041519,0.18827247847944653,0.16235617727162605,0.16156115225934867,0.18633465619083606,0.229117443935965,0.27448927255428873,0.307397216503998,0.31252258066553035,0.2848191409672717,0.23367705257722368,0.180825274016121,0.14393002478396635,0.132118004275977,0.13511474375952137,0.14054139827330334,0.1356439842031214,0.11991960246856107,0.10082906987224388,0.08554255591221885,0.07658368436233386,0.06854958981832837,0.055768476962826004,0.03972824826370858,0.02067723609102979,-0.0007078638477410861,-0.025279573161195366,-0.05806860990151409,-0.10227381163665049,-0.1417598350007696,-0.13949971174462275,-0.10428328030862856,-0.07768761546336776,-0.06249847050344223,-0.05458824627107994,-0.051579082947474326,-0.05120357879475278,-0.05137733736153866,-0.05745096791054615,-0.07912754108897514,-0.1312474849442421,-0.21256134900192292,-0.27567751270638763,-0.2801088465655551,-0.2558594190606234,-0.22037918103658155,-0.1835450944854973,-0.15328648507612339,-0.13680542475490517,-0.1365159730947907,-0.1424334189649673,-0.14861086455575917,-0.14928425403755585,-0.14115976529582752,-0.12484840895466454,-0.09891064982722052,-0.058585804777586396,-0.009855120736022082,0.03643070506457092,0.06827553547865436,0.07778659215813453,0.06985754669804535,0.05687718390854957,0.04890806084461587,0.048839123598172926,0.05836701627257322,0.07317164214604456,0.09094691036887237,0.1058875233748489,0.11640951940432975,0.1257648542450831,0.14346599055338657,0.16914323348030647,0.19360911554381424,0.2091491268561593,0.21258541179121185,0.2070379425400653,0.19825344680426768,0.18784504604849772,0.18147385887855075,0.173741181336287,0.15879476164578019,0.1249990429692814,0.08043355771605613,0.03245759632870021,-0.007619342853881531,-0.02254043466361767,-0.005375590239932338,0.032787971672855576,0.07179055543350428,0.09842551864884282,0.10724760911708925,0.10673933782590582,0.11107909771574338,0.12437237481312233,0.1326029981866851,0.1330648192076293,0.12986194196616857,0.1203800239876319,0.10174391094351035,0.08135084216707088,0.0668365305618582,0.052660154742170937,0.036739718806707004,0.02036878804819309,0.009432318113928107,0.003932100468872683,-0.0007882021969677126,-0.010775994450109612,-0.02889826920688488,-0.053034156829156964,-0.07132288330585468,-0.08391157784656741,-0.09636446102030888,-0.11576079122672021,-0.14308342093829401,-0.16634678781410225,-0.1832341737505117,-0.22109515411486502,-0.27462094232199885,-0.29956810180147736,-0.27449172204741035,-0.243257322781329,-0.2324693167542982,-0.24264221873641442,-0.26933943756361584,-0.2962211948232666,-0.31958837090975817,-0.3314736660527941,-0.33039320232311564,-0.324277281675897,-0.3164350747236899,-0.305511307235733,-0.2991152317890509,-0.30637179135824333,-0.3211706799348986,-0.3300490968185688,-0.31911259288596183,-0.2848132054021074,-0.23342396648798525,-0.1752828751681717,-0.11291531137034283,-0.04885112624673998,0.017585452463652423,0.08458544465025564,0.13373194258799892,0.1555891987496725,0.17069834384014868,0.1607202370660301,0.06027796371127239,0.02419505053215369,0.04167754967083426,0.16610415491678623,0.13824375979188658,0.11143496126061038,0.10771357364526163,0.11260508728719806,0.12107061003968188,0.12774790137733957,0.1332443711874405,0.13753996584857198,0.14112340196183593,0.14226297186215317,0.13416733478292206,0.11526199563820075,0.09994774382491577,0.09361004203309316,0.09852712696228282,0.11553484784240266,0.14192031227816015,0.17603757522663138,0.21133572169554415,0.25325780575434687,0.30302453192192,0.35814741708973713,0.4131122484879225,0.460919454703179,0.4763701539850484,0.41772770031135487,0.3132590527126952,0.2190600785464086,0.15266154161340556,0.10868549089022538,0.07919508024032715,0.0585745867690817,0.04250362252321099,0.02439437026052935,0.007212217158145804,-0.005727409305438281,-0.013493250620755232,-0.02395606924382268,-0.03568744417924304,-0.044261112844155175,-0.05080828617274005,-0.05593684951638527,-0.06155720628523877,-0.07017958526768957,-0.08510070106110813,-0.10392294789232592,-0.11080348006350864,-0.1098764084882297,-0.10691814582500472,-0.10362579618956488,-0.10136790726730253,-0.10113266374008431,-0.10348317292632923,-0.1080693215701381,-0.11966288416034078,-0.1439098376928722,-0.17497128241723883,-0.20673552062207118,-0.23110360253079792,-0.24660831094647745,-0.2516498912860053,-0.23564092144586338,-0.21689532367779452,-0.21205750644146448,-0.21451050025711232,-0.19936003726843457,-0.15001501863671016,-0.09177178403540316,-0.052503611968444455,-0.033808593510845,-0.02754600584936439,-0.025182203129888812,-0.022794023450621464,-0.019593988146087073,-0.01808272687528666,-0.017642690951869832,-0.01564037313354219,-0.009862802618961192,-0.00040616279357563305,0.01460348724430796,0.03526180439321582,0.06194658287759023,0.09426906660218166,0.12396893892126332,0.13239944326115458,0.1187638226638647,0.10855494882440304,0.11521439010085296,0.14453903490407072,0.2038562044868363,0.2722815032404169,0.3184455023933612,0.34079669109184196,0.3433942603899588,0.3195833383425597,0.273317520052849,0.22676370953098868,0.18446993058141092,0.14855351979139333,0.12089653135707487,0.10018970809629069,0.08872899798598992,0.0869007853831719,0.09613947371177176,0.11929007714716766,0.1601982564688169,0.2232678056210912,0.3009569666516182,0.3365016654876894,0.2878832172218963,0.2267999223921328,0.16190230611933143,0.08828260102082404,0.014098336169133578,-0.04590858515729763,-0.09610966416490313,-0.13765642680275098,-0.1653872928259396,-0.16819030403485077,-0.12388999326783193,-0.06722908669842917,-0.03344617200815038,-0.02244175256293983,-0.02105133458665977,-0.030233568762708773,-0.04404735516384948,-0.060425979255403384,-0.07477305260556862,-0.0827198823480418,-0.0851734001884281,-0.08656059740961786,-0.08990568976051448,-0.10091636457399614,-0.12353229811273662,-0.15066284220239823,-0.13241294202831966,-0.08894635984258409,-0.05821990967826272,-0.04359467572019574,-0.044372565713845374,-0.058414093562514396,-0.07864689069328054,-0.10590133910795149,-0.13779637970443345,-0.1589693397281985,-0.15489368862898187,-0.142309255816221,-0.13085092829521286,-0.1247667612765633,-0.12649150455853042,-0.12349782641447943,-0.08856267669404605,-0.031268634441517416,0.002584466374674398,0.020899589925944564,0.029872371308039703,0.02720753054497703,0.027131581210038724,0.0379325476559862,0.05395441950239434,0.06221480941964356,0.05076747729020157,0.024677966724482633,0.0002988932353374699,-0.002485033919152376,0.009665996330618707,0.02295694681480437,0.036824125032856,0.04880031944601918,0.06603671189197748,0.08427984443949367,0.09778788447610849,0.12159950752045341,0.1560927809199868,0.17408704043966228,0.16538160217155837,0.15488900139210485,0.15643187173668033,0.17208351964364133,0.19889544993480404,0.22953561604357867,0.252530626112861,0.25918981757565424,0.24649624196826755,0.2203055773362349,0.18591852421492383,0.1543336034494072,0.13066552372994986,0.10839168172893753,0.08068925894426211,0.051453991691951376,0.010301427866958581,-0.0548716669690165,-0.09076455617166113,-0.1027242938360586,-0.11750416832901506,-0.14196038962766847,-0.18254055918828332,-0.24717211004681097,-0.30850211630781643,-0.2838520342037468,-0.2069338527694325,-0.15320806102068163,-0.12978110834398643,-0.13230671775388747,-0.1566479943368981,-0.1976758299942395,-0.23625167153178034,-0.2281022078569795,-0.17793729250927975,-0.13050390215644586,-0.10697059068491062,-0.11427344091860181,-0.13732567371899781,-0.1633557562418662,-0.1836548818929457,-0.1925067235735235,-0.1937171320381845,-0.1895847143252913,-0.1775565347290499,-0.14878946292895914,-0.1073995318994659,-0.07265898934575851,-0.0622611406411989,-0.08795796427349807,-0.13534681940086862,-0.1665974166302862,-0.17142884269120906,-0.15309755118498253,-0.1250807574679428,-0.0837473722050792,-0.03616442900109853,0.002374681000452056,0.01804299973188129,0.014271664376508373,0.007125948730038493,0.007708063820351495,0.019542721888100092,0.040607119133111984,0.060754229641278856,0.07347947586892202,0.07927895643656291,0.08126662509615115,0.0819188478177149,0.08695397519170864,0.09864907685471785,0.1191051907156538,0.1504820044731667,0.1902912345254306,0.2306035961612098,0.27269572808023096,0.2586260789533089,0.1723031595584949,0.11298602103710714,0.09066324563930661,0.09143259633725659,0.11065533385776881,0.12358234397372549,0.1163647309126957,0.1066198890839224,0.10187739780857989,0.10097472499229414,0.10536771031213675,0.11761561615349198,0.1379957606545803,0.16948570317103218,0.22957624626666162,0.28235966859244077,0.1639498014397871,0.08764045810698648,0.052342936300346456,0.033021278182086056,0.021157439947430204,0.013507154175015886,0.009093971179468769,0.006646353065612407,0.004269564520737034,-0.00361970378104939,-0.01918568308131425,-0.03865585568669071,-0.055802586709876464,-0.06386662201208071,-0.06840592969942372,-0.07808110574422814,-0.09965564902706321,-0.13982180838488742,-0.19063519455591763,-0.2358651834748498,-0.2651535151791974,-0.27693711141776745,-0.275263545118233,-0.2591670288372186,-0.2323563286396322,-0.19911484475468302,-0.1690726019051595,-0.14519853110023165,-0.1252144364457602,-0.10669637126917463,-0.09164954979444848,-0.08100198272974159,-0.07458083406928796,-0.06409058531892921,-0.039846911410997936,-0.015793930964834,-0.010407376202297255,-0.035667331786419974,-0.07887152692509085,-0.12476966937060963,-0.1470779605829303,-0.13525457636839294,-0.08636848626638806,-0.018167800035437564,0.042552200366463816,0.06970544967746567,0.06782954102286685,0.054009180038047465,0.042473344433210714,0.03835504100842602,0.0338633768106186,0.022875267951528833,0.009510753828413415,-0.002398980947969792,-0.00445742260643049,0.004906229388116661,0.028839955430023687,0.058520091366601405,0.08188812967469723,0.09924503984285954,0.11891156075365761,0.14341125111672431,0.16425570146749005,0.1784732591604873,0.18274166544994458,0.1831485184649409,0.18943430486064086,0.20324521654571132,0.22425820893267756,0.23626957577174032,0.22640513695618936,0.1968506543562222,0.16744729981879541,0.1532721443028629,0.16017952786844308,0.19002973977489981,0.2555332285785708,0.3468405340403764,0.31695133949857185,0.2210814559412006,0.15551894389050294,0.10880700353755197,0.06739579056318591,0.02972256787440686,0.004617040015185612,-0.01521865774958247,-0.03107258474306508,-0.04853941300670427,-0.05994328128181515,-0.05947201928722834,-0.05006108069368472,-0.038276843902409374,-0.02551532467762564,-0.020596759739359618,-0.028930250992575342,-0.050057592316546135,-0.0767357657003301,-0.10746661161634187,-0.1335636280045201,-0.1523458401024251,-0.16337973724179777,-0.1661329990508971,-0.15917729284804508,-0.14409881588279164,-0.12837319840897435,-0.1131874073501263,-0.10040946180633199,-0.09191564526776352,-0.08994954185991534,-0.1008166304404397,-0.12555455007299637,-0.16188633504680316,-0.19760057239848988,-0.21260963119415432,-0.17963673108142672,-0.12385815607007021,-0.08098509794982167,-0.05628722328527112,-0.04423494215961537,-0.04260910514048321,-0.04423908815037271,-0.04525739435373185,-0.04196497171257596,-0.027468519463580664,0.005635768791824952,0.03757507989165379,0.04348646635373258,0.03649682594990912,0.03254700737686319,0.0394249638320097,0.053557237279559466,0.07445509415659597,0.09347621392841056,0.10391286510896075,0.10629506342910128,0.09945496894266555,0.08793327820708136,0.07494096121636704,0.05970278363259042,0.050095765511161724,0.04299037121813003,0.036879861354626724,0.03434836148747973,0.03904031576671253,0.05428286898034325,0.08648129427676135,0.1270584848474486,0.1608641656754275,0.1822789959560706,0.18682577757058802,0.18374331491101542,0.18505710555494323,0.19283474447146398,0.20916706709977237,0.23309495251361817,0.24515031518780803,0.22962644552420303,0.21410814374452092,0.21837891050287075,0.24765273744466823,0.2996298775911984,0.367581327498568,0.42951438940535314,0.46941966120232925,0.47640409496523206,0.4339380004973151,0.3472277404493586,0.2424215325275834,0.14238329029637933,0.07177430832450031,0.025397678289080006,-0.018677349104823944,-0.05767986600540933,-0.07836940004819795,-0.08233475867559008,-0.07755153811648643,-0.07269746223246795,-0.07418241758680294,-0.09037073081016954,-0.12380779441297422,-0.15629609215147217,-0.16495776874436663,-0.15690463214405817,-0.15246169918921407,-0.16336365058653324,-0.18815179930338982,-0.20260116458480776,-0.1907217159393892,-0.17348221397564106,-0.16243623419933875,-0.16093041631892194,-0.16612134420570773,-0.1777230082164458,-0.1924650659747746,-0.20729821726192896,-0.20850068711119735,-0.1943436198768138,-0.17660413719118026,-0.1584247417714034,-0.13928549723388645,-0.11587407297161287,-0.09310626798143862,-0.0744770733777352,-0.05641714701101151,-0.03421790158361194,-0.0030881856608181123,0.03104047502482494,0.054323314198592064,0.06204546655586096,0.05702108154069712,0.04685469885898025,0.04907534920156197,0.07508006643227964,0.10808931381187425,0.13026488621284235,0.1377216870299117,0.13749523570306493,0.14977838710708352,0.16948617157766158,0.18211728226962304,0.17900280753438405,0.1622236080816521,0.1504032238531566,0.1479454545497796,0.15900525997420703,0.18417616550364532,0.21492656716376332,0.23381437038312672,0.231954324875824,0.21605300430364363,0.19951584667760783,0.192668803876546,0.2089981313471777,0.22169017185746454,0.20554684180911723,0.19893567277731464,0.22299173961508703,0.27334996938097117,0.3333671842405769,0.3558910319215326,0.2934324738215067,0.20665397975576222,0.13951733711563363,0.09258121481948786,0.0556452117560102,0.020343604008859064,-0.006282948162111727,-0.02246290279572105,-0.03401130868954907,-0.049828718296582294,-0.07227010853412026,-0.09184727477168918,-0.09820247807022743,-0.10026894126260356,-0.10274951078378232,-0.10963116718903004,-0.1217042601796338,-0.1335946526204147,-0.1419252989932798,-0.1492297747267998,-0.15151151902399096,-0.14324762427178722,-0.12875441562438694,-0.11561575940068965,-0.1069752066357975,-0.10627831521103052,-0.10877177057172625,-0.11063641726607236,-0.11424517070159504,-0.12657999762580208,-0.15227371103505788,-0.19582134270471532,-0.2512938832984927,-0.2943537682896311,-0.2919365743438133,-0.2536820063587725,-0.21732074257847042,-0.19753233808408174,-0.19050537551716024,-0.18631519726094095,-0.1881095041787526,-0.19447239974811012,-0.20395330498125921,-0.21874844812587896,-0.2219065794124842,-0.1829431123328772,-0.09905907015635518,-0.017429683601856108,0.026956182396511954,0.05147568415449047,0.07586521278666236,0.10772083294549376,0.135760608041018,0.14458924529813094,0.16026046226560706,0.2122276221031319,0.2718104043551253,0.23538504975368318,0.1837508404296058,0.1542032338656081,0.13979730813244517,0.1350335104240179,0.13115017357458147,0.12718407819168992,0.12553351239357635,0.1298452201239035,0.14705603686721394,0.18879000681632116,0.266975017440029,0.3504547635629303,0.3335819346377198,0.23002780894999902,0.14348119924578956,0.0892450124384689,0.05719823543791879,0.03885789117106597,0.02939900915756177,0.02533648415107928,0.02521772042730221,0.032185751300226564,0.05694603582470599,0.09540442473595803,0.11436496316692704,0.10445691445965684,0.07429607090454185,0.02708504167525748,-0.04020716971020053,-0.1539088418348437,-0.26352047211833957,-0.21480478472141404,-0.14863163079031178,-0.11186988338072018,-0.10779391791318048,-0.129149603619079,-0.1560054544536967,-0.17803114521964403,-0.19184785769440277,-0.20039277310208692,-0.2081025648253797,-0.2086072600066056,-0.19014451498913354,-0.15754109954363352,-0.13006275237138779,-0.11175345929163719,-0.09928610099980384,-0.09314563253243571,-0.0941428540770272,-0.10938332171314694,-0.15459820487025655,-0.21809097242947068,-0.20732126117248822,-0.17983147671563673,-0.16355637165781245,-0.14817691850207526,-0.12692944140815782,-0.10037766512967926,-0.07750340867035704,-0.06579333199564076,-0.06668225485276731,-0.08138031932419912,-0.10983720620257337,-0.14753831824611507,-0.1831812101420155,-0.197983460568535,-0.17013583626720433,-0.11825385609950953,-0.06764292292996009,-0.030276646203118672,-0.005888367329978399,0.0031986055871651726,0.00115687414661677,-0.0016012801417418165,0.0019175828201006702,0.013459970483709453,0.029710358696792977,0.04876009900283192,0.07830225275762168,0.12536691066550207,0.19090521660702736,0.27595645626255594,0.3603068354241249,0.41328801227721346,0.4288912574853183,0.426014756926974,0.41256262677398364,0.39258183287250664,0.37338348153491885,0.3593705845895311,0.3520150413104222,0.34602118086175665,0.341352710472819,0.33935624032580436,0.3336841717241012,0.31605446347519256,0.2865472892263162,0.2582154778307848,0.237050907426455,0.22032400288134266,0.20545390851545633,0.1923280478173688,0.17143227063421498,0.13684759195314863,0.09275242196375334,0.04027182520817713,-0.010138662560021286,-0.04954750421275809,-0.07359191781599378,-0.0930667264629501,-0.10491557368839355,-0.11544809643349466,-0.12937763777335076,-0.14215198485914513,-0.1512152180952119,-0.15710660807993665,-0.15913083835409939,-0.16021767134644907,-0.16109431982732442,-0.15924215152772048,-0.1502652938846999,-0.13557503736061008,-0.12023646003451716,-0.11036806810438651,-0.11857792086733555,-0.14599099468173718,-0.18703403165254875,-0.23583565966104134,-0.27416858083728834,-0.2715485674029402,-0.22166289072683126,-0.1631144147407475,-0.12568520404630487,-0.11168685417910477,-0.11070431094617487,-0.11448340826082111,-0.12002945331895375,-0.1233961077250151,-0.12476899068431577,-0.12823453429272724,-0.13801658204452097,-0.15618120246526762,-0.18249087700912595,-0.20315897442540504,-0.16203034656092338,-0.09258736798437932,-0.043096232551720244,-0.008258860294911427,0.02144733274366075,0.04736081155347923,0.06678427190974676,0.08059697268738493,0.09201955564375414,0.10629975000589516,0.11488704033493888,0.12000361030030869,0.14377602872694042,0.1880066347162967,0.23899694321755494,0.274019376553939,0.28669951496230595,0.28518860183020356,0.27686243905130364,0.27010029939450253,0.26729119385419514,0.2672810589023264,0.2767138801069017,0.2930028912796025,0.30945595511869733,0.3162824567607415,0.31559262749892686,0.31510254166205304,0.3153717931097123,0.31590782519391575,0.31858875823606986,0.3232181443018251,0.32423957362561856,0.3168966364183224,0.2981258792082569,0.26802281450309007,0.22777020692903674,0.2009901135454043,0.19508825761522142,0.1906697661469306,0.139737662656545,0.08008357332338917,0.04450116068336355,0.02982277315601016,0.028581829160024056,0.028338712812825045,0.017742223515452866,-0.001259071649782926,-0.022928185679551544,-0.03741761945907455,-0.03221539244854927,-0.014124499966467752,0.0003746147793446411,0.0021784925257306554,-0.016533875928367324,-0.06619897490784443,-0.14952429776952636,-0.2548792183995018,-0.3415863244525433,-0.36463157639614585,-0.33452119202268144,-0.2733808545725177,-0.2090851243192149,-0.16703643536447985,-0.14741227562519496,-0.14423510656083222,-0.15449046356323728,-0.17579362544377183,-0.2046892546691326,-0.23233141504754987,-0.2463808990654153,-0.2453391425119954,-0.23150731223368273,-0.21138517051667277,-0.19741113799168353,-0.19771944828089738,-0.21606124287617726,-0.231804378928119,-0.1697839152251007,-0.08550343097947573,-0.03821383687051479,-0.014798837152349633,-0.0036347254083031167,0.0012812953532289973,0.00406576713635551,0.00890364967629118,0.01828378808137541,0.03240911346539304,0.05038803737498268,0.067781252846268,0.0817974966189291,0.09637427145389618,0.11418836531113624,0.13931648310811323,0.17683220516776568,0.22486721168171617,0.2645192420925728,0.2792079013225476,0.2743938778227868,0.26096334581801234,0.2512045502783673,0.25267727062169465,0.2656529913272759,0.28118394848786477,0.2954085181500651,0.305542442115722,0.3146133221177485,0.31911921588012254,0.31050276532678944,0.2714098697540503,0.2061232984636101,0.150009015784717,0.11711841611173081,0.10832444474423034,0.10729900538413477,0.10019871880840028,0.08377467230607381,0.06702965349971439,0.05967635757171245,0.06734321656945923,0.07505098661774957,0.066051876980362,0.03255616185558876,-0.019280574472766304,-0.07692250721208223,-0.13006679859501338,-0.1670910185244206,-0.17684139889654932,-0.1636665286890485,-0.14277382576025838,-0.1272142694791421,-0.12283095685097714,-0.1315265358896242,-0.15235623835998058,-0.1795326414205981,-0.19992196645052004,-0.21698163597063094,-0.23194209790871312,-0.23860002317302823,-0.24359688833252596,-0.24687883614341002,-0.24846727744366598,-0.2512516687874171,-0.2563980101797496,-0.2666863264227997,-0.27842925901100896,-0.2802866869556821,-0.2640800706746513,-0.23529647315275634,-0.20270874123840585,-0.17201578513288454,-0.13537558287957696,-0.10587824923084216,-0.103087846992076,-0.1393464053370831,-0.1871222790655768,-0.17332573279162913,-0.14557060977268668,-0.1310113436760099,-0.11408835725154033,-0.0708961097976364,-0.026406386189145842,0.0039425948816145815,0.025248991800668755,0.0364380288896309,0.040481842431753096,0.04469256661729413,0.051595996020345335,0.06445221020456456,0.0829596477169029,0.108085174192216,0.13776768431898528,0.1739468557853467,0.21596443479847005,0.22574727044534296,0.19570144641237985,0.1827918126009444,0.19178429596527719,0.2159347404317572,0.2527902203324627,0.29086901637714324,0.31230416559386937,0.3023623147836135,0.275139864479244,0.24932551053949045,0.23461016009660843,0.23086942362587765,0.22947797215497184,0.22573768463313804,0.21124768915402434,0.19595875869591575,0.1815099127910351,0.16231350209604825,0.1471503204043369,0.14495598182173736,0.14473121437389994,0.13765910199820527,0.11812040536787394,0.08998237036110465,0.06491466746721164,0.04699015850314123,0.035366329348365214,0.01744249772443869,-0.007243999212062535,-0.03302078853153111,-0.0620225624005004,-0.09369513114823864,-0.11919641580684116,-0.13427164353152254,-0.14108645553120244,-0.14824917863492432,-0.1641252774770683,-0.1798943867566743,-0.19373173780471253,-0.20675608825018837,-0.2201570335609864,-0.22624186199896898,-0.22045751470300895,-0.20817339771810492,-0.20141918568313438,-0.19433765534050668,-0.16430202525135473,-0.12331538855836993,-0.09862206189147052,-0.09040138332205999,-0.08598073927553157,-0.08256963234529179,-0.08149990399847674,-0.07456826453737633,-0.05203695022815401,-0.020812945989364465,-0.002312120982415696,-0.002243387154149329,-0.008469899604720726,-0.012516093095220214,-0.01522569865230636,-0.027753271700334523,-0.05446558800037567,-0.08087116004970708,-0.09003418144939053,-0.08555602946618034,-0.06822288177295864,-0.048674857230441695,-0.028165066841832495,-0.0051018126162660155,0.026695119142923593,0.06027190228306799,0.09253720865779538,0.12046039810981111,0.14292455208491192,0.16433779284814898,0.1839639256245789,0.20065552506567827,0.21341405306537775,0.22359265475883236,0.24071642616957728,0.28024215921211615,0.34347558703845765,0.397204437901549,0.42048554971387864,0.41640468205489306,0.39679900399817386,0.37254974933998297,0.34236054661009047,0.2981228925376057,0.24089748125846674,0.19421579428127694,0.17257377434050777,0.16355089867195496,0.14671412578919746,0.11539257474301372,0.07695257635723496,0.0491131343842029,0.038978061636897016,0.03878783363451475,0.035909980373568726,0.02902619370812622,0.024729443946854026,0.02342401576528385,0.014231587869589326,-0.012840607409765156,-0.04896400912193396,-0.08106033678585403,-0.11685940369152484,-0.1903391227785134,-0.3273811840128117,-0.15914659319697094,-0.11322400079799882,-0.11893039653971618,-0.16074551182049995,-0.25782610715900667,-0.3538004576472978,-0.2907807541772369,-0.22108951935999885,-0.17672470635521756,-0.1423029566944407,-0.11769870313544477,-0.1023613330867007,-0.09591385714581811,-0.09858470763868248,-0.10565044296341873,-0.11035405866656486,-0.10986325322254334,-0.10716329355587416,-0.11122439121037958,-0.13178509945918232,-0.19096693937736414,-0.27659562817709704,-0.2052310858984599,-0.12365559474807063,-0.08436352615348314,-0.0638796429109361,-0.051903934392057795,-0.043758692845054556,-0.03746510600177701,-0.03193661459663691,-0.0289785800560863,-0.029310131955908893,-0.03251450373263076,-0.03771546315378751,-0.04552305466076261,-0.06174653628804994,-0.08719678319517854,-0.015003315320292235,0.012832992259893442,0.025672212236463668,0.03753682088605361,0.054719803653229954,0.07760540729906697,0.09815800673381614,0.10202842368389514,0.0825043146934903,0.052231057119956445,0.02881370100244173,0.01812399925458854,0.01797625307474226,0.026021165738790476,0.040330229247576926,0.059695782481748914,0.08071973723106518,0.09757075113245019,0.10888110014866785,0.1188228445217295,0.1269071025731338,0.1404931005311899,0.16826336803833764,0.20315747453363844,0.22415101752812114,0.22910468393133687,0.23059833366620122,0.23778027011313574,0.25512075373314486,0.2810812297884328,0.3051541718033751,0.32900493717184215,0.3397663959342979,0.3330673086399151,0.3070768448404927,0.2665280805026186,0.22479019748074563,0.1926640416625795,0.17043232946009118,0.15522007603047502,0.14310935389065377,0.12929396272724558,0.11327562815378285,0.09656067332269956,0.07446236585589475,0.009982689201123131,-0.05988166030441357,-0.10209749301171495,-0.13760191133848176,-0.17138664713033575,-0.19268338198805118,-0.19019835596029744,-0.16479547071844008,-0.13102463736054704,-0.1076961422718056,-0.10094684169175121,-0.10539953217654763,-0.11198359088282715,-0.11490735914336574,-0.11112568882288924,-0.10373948397891268,-0.10441972196842182,-0.12362234571144955,-0.15231676626769275,-0.17679859773750953,-0.19149854739372635,-0.2029770277654466,-0.21660932215993975,-0.2310084127828838,-0.24258694544188675,-0.2668347064311028,-0.31060523800288237,-0.3509224501965325,-0.3683242013918034,-0.35499061574181123,-0.31171133803572915,-0.25248949158378137,-0.1848775174000009,-0.11802391045038768,-0.054628432244435796,0.006659729747914776,0.05515847503057273,0.07771127812045517,0.07902021650521325,0.06919700879287674,0.06179218868868224,0.06591465786898722,0.08057496143700993,0.10760783889112621,0.1482933082403001,0.198510036963579,0.22657600777708684,0.21275565777509825,0.18444268931231653,0.16711416551107655,0.16300787851985743,0.1653558230174858,0.16420984038855974,0.1519365390082941,0.13695300733207552,0.14056937262231184,0.16227704015529634,0.17535941756402482,0.1789427199702539,0.18556240193085338,0.19749807821964618,0.21568936468360767,0.23257965414680098,0.24257034950001335,0.2438237901716244,0.24415698780554418,0.25344238523570445,0.26893726881368274,0.2699849716718439,0.22866324640976335,0.16270047786198177,0.10709300138860155,0.07051432261350761,0.04975270149928176,0.03521730353995825,0.016261750437261642,-0.006341916236873279,-0.032496536429927836,-0.0662772550009857,-0.10006538535291329,-0.12761677493291687,-0.14613657995052015,-0.1532817022353267,-0.14919333269339344,-0.1415744910257612,-0.1356808260799942,-0.13518204822216223,-0.1438892788022012,-0.16632143692667284,-0.1999923352137206,-0.23497515651317558,-0.26681491900560494,-0.29700300093446497,-0.32749533026778926,-0.3565426549194733,-0.3798635183797387,-0.392088738204877,-0.37981088766877186,-0.3427812428830453,-0.29733640757472657,-0.2557949842767161,-0.2232972496484721,-0.20430852478254707,-0.20098086592914094,-0.2160203957335759,-0.2507950754535483,-0.2898428750792835,-0.2784824103174649,-0.21592925329461457,-0.1492412909276984,-0.09868628069199688,-0.07609763595329488,-0.0765237273305811,-0.08575684181819879,-0.09107827519945648,-0.08371467661486211,-0.06331137022098866,-0.029038614414620745,0.009160349446627596,0.02159944326940741,-0.020252464991667635,-0.04378214797207328,-0.04861890117474723,-0.0445706554731799,-0.02343413221991345,0.06230114067629985,0.08766469489222987,0.08667784965651716,0.08772445739975442,0.09324477008191048,0.10248147124447352,0.11163347801182154,0.11997321939742624,0.12990031268159924,0.14410396694647246,0.16309944067795315,0.1849078745014473,0.2053917146882274,0.22307382354987929,0.2404467971382856,0.2554062345798076,0.25883224167261054,0.24028136385159873,0.2066013298446921,0.17137746847846533,0.14194223126541816,0.1141097204670208,0.08708843915772149,0.0666661763065746,0.05485931936435861,0.052601707538656596,0.05857427165575674,0.07330116199987034,0.09537358907832123,0.1265874855154048,0.16983526504431817,0.23228941509044732,0.2845370698778456,0.25135468706972425,0.166594905360083,0.09964923011268922,0.05396913369666601,0.02337743611281357,-0.004192074329583765,-0.03318787774608499,-0.07112325286294488,-0.11851063532054404,-0.15910890833430463,-0.18461171958160225,-0.2003542651172828,-0.2186644559075525,-0.2422687803913025,-0.26019810990410486,-0.25397159110220535,-0.21658646755814862,-0.17419322762656161,-0.14103408784434104,-0.12169356453376837,-0.11394084872880818,-0.11888159629726015,-0.13238764449499946,-0.15539842793634426,-0.1880137479115443,-0.2196795160745821,-0.2258481517724736,-0.20318604257095216,-0.1693751151815444,-0.13587926341192824,-0.1129945977297886,-0.11013028667008766,-0.12914596403812245,-0.1562249752982298,-0.16889112615262108,-0.14876563511593208,-0.10504007375979006,-0.059986356736766354,-0.018976746634117043,0.012884116804180676,0.039699725387132956,0.06532878611885964,0.08840047219351028,0.1119366023158639,0.13215606645933461,0.1419511916698653,0.1477683245977186,0.16043325357184005,0.18437285906479622,0.21504918180563615,0.24253818014642006,0.25220485924542796,0.2494639535678478,0.25636108018616444,0.27374583401442387,0.2928083327994876,0.2901291510589008,0.260635452230286,0.21887907545945523,0.18536367730522377,0.1706977817832156,0.16709704040693382,0.16105673300499362,0.15313376727818087,0.13870954867250088,0.1199476058099587,0.10135599248160984,0.09539826233551602,0.11720653156214093,0.1404396922853973,0.12660901588514203,0.10990855750832536,0.09319518693805541,0.07748635158542436,0.059599397248121015,0.04001920991034789,0.016051177754839805,-0.019824189804925202,-0.056965217817346266,-0.08087281883695926,-0.09904851979951576,-0.11714171313326228,-0.13464986662616016,-0.14645763246789933,-0.15017726716322774,-0.15296699365475075,-0.16321094959736196,-0.17940774425295683,-0.19400956229800828,-0.19898047231505941,-0.19150137292657665,-0.17839420862596045,-0.16404260413037655,-0.15151097611069014,-0.14317973498569886,-0.13511852203166863,-0.11387816367906922,-0.0777230956589164,-0.040898992899238935,-0.01439906638239223,-0.00021142818828018687,0.00490991537056176,0.003953261594892313,-7.253127573212954e-05,-0.006374010805224217,-0.01422431977456364,-0.02872461438127638,-0.05238684137891429,-0.08944575167337729,-0.10973821922340057,-0.08561814368468917,-0.05474200026514747,-0.03165942576796298,-0.015927337229579626,-0.009212160446749449,-0.013059872545112013,-0.042804401498738785,-0.10078017870080877,-0.16419504870639526,-0.1968364452395125,-0.1691280224440498,-0.11082487602822567,-0.05197793548424111,-0.010261416984190018,0.02080869721151328,0.049863876904947126,0.0748828956123573,0.09526314122422105,0.10819430672933511,0.10584801537353387,0.09167716581680707,0.07877789316886458,0.07149720050857562,0.06776401883744844,0.06583676409286586,0.06809299681479103,0.08073580466086125,0.10059105196985053,0.12445680241158996,0.15508175040773584,0.19706901616292063,0.25874762284521047,0.32183949603861756,0.3270286616129905,0.27525104371202497,0.21849158463065682,0.18299638704489446,0.17532718133594094,0.19413657164085227,0.2234962439786743,0.24432146873069602,0.24386501034453062,0.22662557696823477,0.1936554158083676,0.1487395947553316,0.099436088363076,0.0557252721772571,0.02553800574401168,0.00644135067070822,-0.006288476153222315,-0.017831394988803376,-0.031432174662306224,-0.04864360875106805,-0.06624273626649965,-0.08204321316388771,-0.0940426445866288,-0.10370213498055533,-0.11018901810186463,-0.11358673576403276,-0.1181333022667035,-0.12812675368849724,-0.15190520420569278,-0.1886205840084978,-0.22871370900328356,-0.2607378819093528,-0.27448975846970836,-0.27896881918896493,-0.2809429409434575,-0.28681148643712995,-0.29491578286276743,-0.2967612500113897,-0.28435045882291116,-0.2612827258340365,-0.23684168576495232,-0.21924752014981136,-0.20669717047735206,-0.19916424871697516,-0.1962993002076172,-0.19912597752722358,-0.1984273744582794,-0.1762875457935187,-0.12017199137658917,-0.05027036510296552,0.016960380663908144,0.06986812031208309,0.10953195595705183,0.13603066011566914,0.14077083587224898,0.12196349164323453,0.09447094470325343,0.07417764701238028,0.07401720138186894,0.11245395539940413,0.23970866936387702,0.16534674116708725,0.07545415422594837,0.042207531944981815,0.03182264286764135,0.03669015036695283,0.06046762620686414,0.09176951054000443,0.10398684298909376,0.0967445702831171,0.08670994981895051,0.0745867756326865,0.06043625080080715,0.04378452734589153,0.026896648781091256,0.02264525505242745,0.03631496997629669,0.07844642996625452,0.17931550526657536,0.1694095871121512,0.125851798616123,0.10950219580635256,0.1038372218482467,0.10309982963247204,0.10756414850649974,0.11988833619856144,0.14303380868770238,0.17590870912979353,0.20434711896570817,0.19391027951700757,0.1451739828581224,0.09799432939579245,0.06529135420599712,0.045447929066716276,0.028479798059899863,0.010165409675536016,-0.012497239974902215,-0.03804684973511972,-0.06062365226084152,-0.07429670131365528,-0.0820025501855933,-0.09457684907202554,-0.11086551953240434,-0.12776999826799423,-0.14004548902950145,-0.14495524219488606,-0.1427732160347166,-0.1340483617762723,-0.12557565904226162,-0.12024393720848095,-0.11282466597605635,-0.10976618593517368,-0.12139029390883954,-0.1411324840879752,-0.1656599181854058,-0.18779125597665683,-0.20573954457087426,-0.21455733112444839,-0.21295516554783708,-0.19679523324350515,-0.18069840998561465,-0.18359723717557305,-0.2003701850002234,-0.2181414255838476,-0.21733629161974874,-0.1800614131925757,-0.12197970783334941,-0.07583359957826269,-0.04884249531952786,-0.03585897322179283,-0.0349692169576395,-0.04676424395230749,-0.06388377888822482,-0.06644228510287871,-0.05627438319988092,-0.04884258896156922,-0.043070095503782824,-0.039517894921432165,-0.037702884863203785,-0.02624468659182948,-0.004618036756807796,0.020491875680887898,0.04438676491190858,0.059275337435167205,0.05598508696573633,0.04903057908247047,0.047037686986322096,0.05953648406811478,0.08491458000536416,0.12076806377221483,0.15805152692694635,0.19099420240199716,0.22233684849065255,0.24625030850501628,0.2610340939699552,0.25883528495442926,0.24068063307402782,0.21731042377744955,0.20024931451336028,0.18179545110484815,0.15931637525359094,0.13220109330245983,0.09947524585154384,0.06271914081379716,0.03316110131926601,0.028514835615819686,0.04932388462199427,0.085812752771608,0.12393164777991952,0.14846749347311033,0.15314273504700668,0.14431317820225967,0.13080260512901584,0.11233300050517994,0.09082267408776244,0.05893987935797339,0.02651985594117012,-0.003612630818301217,-0.027576805494410536,-0.046175932004856514,-0.07382674806127267,-0.10961010536239188,-0.14795053318611132,-0.18568215117639061,-0.2031880721877036,-0.212020063462326,-0.2267255691256505,-0.23087979438871195,-0.21601940715139115,-0.188649990811434,-0.1681235305786352,-0.166407038174085,-0.1783199558702143,-0.20240851616605418,-0.2353194041408794,-0.26731069368925037,-0.29257589018922636,-0.3119601249686082,-0.3210360254413278,-0.3193544513797708,-0.30371026254822603,-0.2759266281435044,-0.24727302007705662,-0.22842343185423505,-0.21122327252120016,-0.19423360881541513,-0.1820295830311202,-0.1778297297049345,-0.17760215516837832,-0.17643629115165826,-0.17564668730920227,-0.16742226389633397,-0.14246450978563463,-0.0950132747902419,-0.03069859736428865,0.026742387433392037,0.0628750491585796,0.08152859481182241,0.08356700028135322,0.07225223334754068,0.0627761307540796,0.06726023687293756,0.09158256404550341,0.12279279314777242,0.14467048501045587,0.15747201820621282,0.17166360468387679,0.19104098959335042,0.21489286958336298,0.23695524870067508,0.2480050982134623,0.24348347429441497,0.23287305261020688,0.23323851896184378,0.2421437018151407,0.24840047351212555,0.25134973584383175,0.24940243988585623,0.2400351962323645,0.22919379316746,0.22010741379495752,0.21843805794726984,0.21789985924506194,0.21948859975410834,0.21640335436036273,0.20635738073948443,0.18520998947409323,0.15884290691400016,0.13748736652703755,0.12886011100541842,0.1353105539414647,0.14218653632562936,0.09479250312907983,0.05030697220062558,0.03130696977841114,0.023094347366896424,0.01937730975892313,0.016369693237519946,0.01179657260307694,0.0034695091324360035,-0.00617038334148386,-0.021949150359997387,-0.041051232205100104,-0.060542922388434645,-0.07803439149360965,-0.09330113101146642,-0.11237195756108377,-0.13710339948056716,-0.16919908087763297,-0.2070797587168682,-0.23548088516044036,-0.20098143940001217,-0.14323488794998332,-0.10983961336831566,-0.09856059268043081,-0.0984977853942633,-0.10308655716821434,-0.11273791388462971,-0.1322860042266163,-0.1612736670383341,-0.18153693827991055,-0.1749285903988345,-0.1488691751502595,-0.11592580436475239,-0.07209056331445936,-0.01678613474978629,0.04821746757175453,0.07720557766878267,0.06558271252168792,0.043965152434307375,0.02443872740957428,0.009697730041387971,-0.0005349718728865381,-0.00033369630668291504,0.011634308828282954,0.028664182372465076,0.05027588345766129,0.07387298681483896,0.10450821979292224,0.11405668853683364,0.07249231380558958,0.050759173544752574,0.05040053800515278,0.059126180702203865,0.07318681038347487,0.09070351441300109,0.10711234261922892,0.11664975329305484,0.11922792654803113,0.11961311213310852,0.12214101554791183,0.13044147219192248,0.1473044653427325,0.17112822612745252,0.1933361092482996,0.20747501371469826,0.20993622420970035,0.1923139951592285,0.15245215936451323,0.10326524184835037,0.061100329443516586,0.03534861342328869,0.02671477100408144,0.03446486113965943,0.051379119876984715,0.049134857032728275,0.026016338034871397,0.005235221524442975,-0.012646082019991711,-0.03228384323260772,-0.05162866677145638,-0.07021080137017556,-0.08637653728892022,-0.09117871299090545,-0.08382573352384538,-0.07231495636989557,-0.06246094715337669,-0.05672367847245786,-0.054170445485629354,-0.05984157928803913,-0.07899846784043606,-0.11159812872513657,-0.14837483934206125,-0.17750375447480862,-0.19495459677469462,-0.20476799388291148,-0.20257373786835145,-0.1897556262471917,-0.1730442795002991,-0.15842730510392827,-0.14882993347348641,-0.1449295906619037,-0.14773177834833534,-0.15515619878768244,-0.16219558459188288,-0.16925855086484082,-0.17347241912461872,-0.171921900564906,-0.16792539799380235,-0.1660685985957644,-0.1682823820681658,-0.16487410828650564,-0.14998220115699268,-0.12904907500311558,-0.11812342442723758,-0.11511411912065458,-0.10689832960415487,-0.0816389369140043,-0.03726674986102048,0.0134972604101325,0.05568082605474969,0.07690577718411268,0.07424843539229811,0.05640743406182517,0.042945510212582846,0.0486267907094447,0.07142377903249633,0.10210523276265973,0.12692393593078513,0.14284510658627483,0.14930499986479046,0.15115657878021005,0.15887716793372608,0.17751056083783817,0.20192175036688428,0.2200103655105209,0.22763439119554763,0.2288390777387121,0.23096363751868196,0.23417910231455202,0.2420492178091504,0.25111096979899217,0.22917142281955205,0.18161824394091974,0.14126734695918933,0.11124904078822548,0.09042292112509384,0.07959010843322475,0.08848157409352948,0.13566005447364676,0.2586549608684253,0.28087171729987676,0.179581056078652,0.14039736566496952,0.13338818230552998,0.14563889686233703,0.17554617368044625,0.23222556320638624,0.3171210147892295,0.42669727437357713,0.5148183042624398,0.4552619044053166,0.30800588396587936,0.19941042793220437,0.1237869161069627,0.06470262992298001,0.02101190129727265,-0.009314288426035624,-0.02778522686877013,-0.03659862740291347,-0.04319083190194521,-0.05213228917903192,-0.06705379845475398,-0.08571334753648371,-0.10100286517944923,-0.10877963333198071,-0.11171826250419704,-0.11443282660943477,-0.12080553242058885,-0.13016562682582133,-0.15447579291786628,-0.19858171828432356,-0.21831616220663483,-0.18642025359809902,-0.14949751781946627,-0.12310936809690293,-0.10916246693556465,-0.10679698596852835,-0.10804151766290232,-0.10708128391942431,-0.10737509937542776,-0.11129386888134743,-0.11901530565828923,-0.1193795542227974,-0.08925292934300671,-0.049363017725467355,-0.024885559566318598,-0.018125991843200663,-0.02378838518979991,-0.035842770625183956,-0.04940134886372658,-0.059814424298486095,-0.06974783702086874,-0.07984674014327951,-0.0731413016949459,-0.0372681706430078,0.0007924406096517649,0.024226415843161323,0.02867396211728522,0.027787276911697096,0.04367694798365796,0.07634153041857411,0.12210249536515891,0.1659244977097254,0.1922061803030159,0.18228509036045368,0.1563727647937774,0.13695328840036136,0.12424747250342233,0.1146243321075899,0.11300261064838434,0.1208704237708653,0.13300622505699328,0.13601305158056987,0.11965136520385261,0.09310073879698615,0.06991401837299935,0.060612666700786966,0.0675742445932472,0.08727106962176298,0.1104133462022613,0.1327277524050702,0.15091629559274639,0.1628144528846162,0.1680852973612039,0.16647940219073853,0.15900264653917434,0.1515559002298466,0.14157550211488812,0.1302229322898301,0.10944659022315316,0.07982606097072041,0.04908307086269405,0.02278113860442501,0.0009405509656366586,-0.01363186031807433,-0.020182153043341644,-0.011802888134050043,0.009754550479860716,0.034656461244430274,0.04277670937707,0.022064255837991594,-0.025319571791416053,-0.08006594846404243,-0.11872452972955698,-0.13577039247994196,-0.1451875766938783,-0.16592318368697317,-0.19962829138396784,-0.23120339995475298,-0.2548429533896736,-0.2628383453203367,-0.25228210119100036,-0.22467461065981004,-0.19199175854362827,-0.16656847774092612,-0.15369674405147846,-0.1488577498611373,-0.14224941444956193,-0.13007412038300653,-0.11582414920760839,-0.10748916778652662,-0.10328295456663669,-0.10298224805291281,-0.10618566645735726,-0.11383094562317016,-0.12716609956123737,-0.13789855485419142,-0.13744143847671494,-0.12390404457673539,-0.10856649006526639,-0.10899073790238518,-0.11360251217888089,-0.10802117757210744,-0.0819097347979576,-0.03034886245238118,0.013456842553974184,0.031878572954785855,0.03239535497749835,0.026047995761010127,0.02306497419624922,0.02879469528153944,0.04438730310343516,0.06565721809779669,0.09101232163972424,0.11853993900420837,0.14992447468425996,0.1827096057951326,0.21280675548529587,0.23112239374864194,0.23716088607381483,0.23282920885103622,0.2144229342651247,0.18409012364794097,0.15120862758367143,0.12629297764280562,0.10747528419444793,0.0927188953222394,0.08114501809683473,0.07739034521069067,0.08111860981696023,0.08906332848458204,0.09936927376154508,0.10776967791303038,0.11477203990684845,0.12633379057820376,0.14606183686002897,0.17295451357007044,0.18274301675312538,0.14382097496069837,0.09434232355573681,0.05990561381263678,0.04003635365377566,0.028483627719820055,0.020461824873814826,0.011644840867063801,0.0020833031557328935,-0.005674958420290031,-0.010854028106697453,-0.01184696436718237,-0.007338434466313448,-0.0006399852083857105,0.0007785868962112677,-0.005760146225685974,-0.018375505533007663,-0.03679640711681273,-0.05978246280156759,-0.09422286409070603,-0.14595210904174155,-0.19174322168411578,-0.1720679299929971,-0.13822460385685423,-0.11837289887974964,-0.11422190614855256,-0.12608072476461962,-0.15529652490543536,-0.1973505589678872,-0.20579893866285479,-0.1834528807335855,-0.16146783894421302,-0.14472164718718808,-0.13245172104916805,-0.12453982432376626,-0.12229468468810194,-0.1264637511198834,-0.13542975414377104,-0.1496846322162241,-0.17041880541756652,-0.1838478496235399,-0.1767138681595955,-0.14749018612485656,-0.12514808903475177,-0.11307186280295384,-0.09899654615999225,-0.06896073686648123,-0.03464667350130318,-0.014317471621865757,-0.013515179841281998,-0.014453398333838867,-0.010200423889751054,0.003997216007540785,0.03083169137128218,0.06193103999034268,0.09043061724308564,0.11376283157554856,0.13100421075729254,0.1466627795356231,0.1702648771350196,0.21210849401485182,0.27635974861572105,0.3449124853213257,0.39108870169426824,0.3963704252388036,0.36471896582350977,0.3134788904852492,0.26863782726109325,0.24188776436587722,0.2348660997167341,0.23510636959016665,0.2353127263437099,0.2293849026300076,0.2181910219752523,0.20416749339075205,0.18155035683011866,0.15179265343815046,0.12231271096255568,0.09340883002398657,0.06743664819496616,0.04505956561963201,0.024437822336616587,0.006190969729291337,-0.009576995384798118,-0.025930392392291272,-0.04600585662246434,-0.07559214363666474,-0.11680845567290109,-0.16507706207752668,-0.20453878967249728,-0.21533358360286614,-0.18721465132155174,-0.13289324865192792,-0.08450897666561748,-0.0584546909553546,-0.053390362225772016,-0.06466530347331194,-0.09063244240733528,-0.11867097065128368,-0.13444258346190255,-0.13786935945315826,-0.14463875394632927,-0.15543205792996323,-0.16756879449557863,-0.18519480377234634,-0.21507730423650145,-0.25939768183903833,-0.29739132220805653,-0.30495233900839575,-0.26852906450850306,-0.21306363207214127,-0.16304543087185266,-0.12386286697637629,-0.09080763696242547,-0.06235937227621396,-0.04154086563161731,-0.03189136569327901,-0.029327220887816922,-0.029582674558131464,-0.031122608844291078,-0.04356630170260354,-0.07671313740091634,-0.13500791879072055,-0.22043992389319308,-0.3228231077014954,-0.3702745672482192,-0.2849478031328742,-0.18415430943596434,-0.11869160347390793,-0.07919087349681715,-0.060023464725385056,-0.05194168490052838,-0.023975131739708732,0.028276435471780225,0.07425445008167106,0.09496636011513516,0.09443570927813615,0.08519611945898489,0.08167945980635297,0.08599269922100035,0.09458507060694277,0.09953226002070324,0.10147503897148796,0.10302096640741089,0.10782395676177664,0.11225677316627163,0.0945688075205988,0.06626903161650315,0.05320506193496116,0.06058781396011348,0.0989389516040388,0.1535921338266743,0.1497570376981432,0.13853260934492315,0.1413791332912636,0.1529636367831321,0.15666510121955843,0.1359453792861758,0.11768461604908283,0.1124741301332418,0.1141415085297048,0.11416382412556438,0.11069442483596739,0.0991417212485675,0.07656224789659984,0.04862089281032279,0.02210088244814576,0.004234046922095719,-0.007322560105915696,-0.021128579149174084,-0.04022897398980755,-0.05481966681626861,-0.06114741658691213,-0.060620287250811894,-0.053041271625555476,-0.04545613292131243,-0.03752808896899367,-0.03577870638596071,-0.04335795666842472,-0.05858956478193815,-0.08222786154865053,-0.11242367165968425,-0.14729861817226733,-0.18069528878426214,-0.21178987815061637,-0.2347394343396653,-0.25109272943834526,-0.26849513646228307,-0.28853657543377187,-0.30751686763110186,-0.3181683475535171,-0.31855982317429193,-0.3142860520172778,-0.3075646456309903,-0.30339105084268947,-0.307795957724022,-0.3115030851032709,-0.2971792110159378,-0.25045625130796934,-0.18440251890779893,-0.11863470302944584,-0.05925664453450659,-0.015378570860915066,0.010997074085881612,0.032738597436825834,0.06065980416642242,0.10803538698202775,0.18061694953612484,0.2111776042966879,0.16312941488177418,0.13138001572114533,0.11188122060414975,0.09208672454288774,0.06971326095340849,0.053301543738929966,0.05186794098321761,0.059541352066155004,0.05969836547821544,0.05899004067058819,0.06309129717088474,0.0736012629443657,0.08844901447504072,0.10685736469456034,0.1273848978283022,0.14430271456921,0.14898766457382473,0.1419550709847344,0.13202034969985468,0.13666872235561178,0.1591697157884878,0.1805124220316885,0.189675393843607,0.18684730017271597,0.16810569476154352,0.12743940072960222,0.07580695528896811,0.034885100171101864,0.025155259763420493,0.04058033097046362,0.06313781190632814,0.07618213500927445,0.07441151065417985,0.06031841768179624,0.03806560298720909,0.010025703740991628,-0.04378015444607667,-0.19494700546805158,-0.16405784043359103,-0.09128979763200228,-0.050492861781044826,-0.030895694398277024,-0.03165206179308365,-0.04750670437390977,-0.06404140975113119,-0.07839680513993612,-0.08896788754385385,-0.09836076941492926,-0.10841797497047445,-0.10912873557490518,-0.0957203770300752,-0.0806704157672905,-0.07693638377941144,-0.08939586200897864,-0.11107717593412804,-0.13264770322160446,-0.14972774514084392,-0.1597490453139515,-0.16094765559641355,-0.15689582524274295,-0.15315957859357024,-0.1575170958049405,-0.16934550443208188,-0.19129456999739494,-0.2165452876465039,-0.22834784034568917,-0.2222435245832962,-0.20015616479694537,-0.16741520087228226,-0.12968593904967834,-0.09609474180807293,-0.06983285926661609,-0.05584692800238988,-0.055563140502323416,-0.06596966784219106,-0.08145295609632545,-0.0929536324884197,-0.0952592030343145,-0.06496026238528377,0.01773671412344117,0.13507225825986643,0.219295801211017,0.22924072844482798,0.2100379670635985,0.1906321087954007,0.1728352974099411,0.15558972648077668,0.14624287666764985,0.15295521715858137,0.16194197650441786,0.1621749642885777,0.15848469463769693,0.15914469628265818,0.16378050936669744,0.17023060894285852,0.17678759752814455,0.1821356528913778,0.18606131235919593,0.19538915919033606,0.217170562378266,0.2450210979953686,0.2668418032235838,0.27721860659200565,0.2785682334280341,0.2703081994358561,0.2542679131883959,0.23991030662437648,0.22745649083280609,0.2094906641139711,0.18704356125559674,0.16462493170429707,0.1415833608225087,0.104555930823342,0.07188577238818761,0.07174748904890907,0.08918941824780344,0.09519813479598262,0.07110618991887152,0.018592310475187043,-0.03578729909581743,-0.07447645941520764,-0.09485794880492392,-0.10230456538030538,-0.10762180426441538,-0.11749329715958978,-0.1238078369358792,-0.12216892619375128,-0.10516361173795925,-0.08631989426902724,-0.08402034878408868,-0.10599203605638163,-0.1393125733957477,-0.16983431943593796,-0.18204472287773527,-0.17637546162464193,-0.16716344905732242,-0.16410594023313885,-0.16870492908978532,-0.17910476821926313,-0.1758214168341636,-0.14113090912425943,-0.10476127284752962,-0.0885957661937278,-0.09370643241901554,-0.10869957656223786,-0.12148320190364001,-0.1225179340861555,-0.12021810885280933,-0.12876893597145136,-0.1409890541475607,-0.1408894155447496,-0.1250176141390491,-0.10604552767470399,-0.08912074585996006,-0.07546558116163533,-0.06546765632969648,-0.05458225741824371,-0.04238243878953619,-0.02854159103640922,-0.013512276988679099,0.00024366546431556736,0.011066154784233215,0.023092384672417303,0.03959344033939836,0.06698232356132525,0.10547549346785615,0.1422962810796864,0.16753402579094034,0.17809228107630531,0.18002023552846483,0.18011375978749689,0.18084353871798364,0.1752523394553842,0.16362485583305053,0.15324628123230102,0.1535870863858148,0.16245763742840472,0.17718798777817138,0.1822157982827442,0.16567396166082013,0.13953635497055647,0.11960302641833644,0.11516504402949553,0.12740903503317524,0.1522947742102098,0.1747078786695784,0.1875970625673958,0.18867907252094396,0.18965438502731843,0.18694899892661548,0.16834668472040748,0.1324127158141963,0.08758362368610731,0.054412317311531254,0.035257750980750964,0.024389511974953534,0.019958201520052933,0.01703880395369212,0.008085497731145268,-0.021288162786227808,-0.06177538764657957,-0.08241555754347887,-0.0672218795223621,-0.04066482630960487,-0.039583346417409154,-0.07359136542519788,-0.12833406295974153,-0.18811473829314582,-0.24019628378542024,-0.27693321358881595,-0.286836494916467,-0.26485453953534865,-0.22240318822649513,-0.1802556575180414,-0.1641986224234813,-0.17192899560169386,-0.18637029373810007,-0.1962393070646307,-0.19442189013814415,-0.18773273729715656,-0.18438693409608597,-0.1863465064281567,-0.19271681728738613,-0.20409181101343685,-0.2223038576681024,-0.24529903939596032,-0.2643386959801563,-0.28197343892456644,-0.31942215377340266,-0.39018152922107885,-0.40221765072181725,-0.3132453549510911,-0.2249873462836167,-0.1550834014726877,-0.09906157169859796,-0.055453501637116244,-0.02050507929300686,0.013831570082340539,0.042340343540651686,0.06500740066226557,0.09015486655951319,0.12790771566479733,0.1747195630854075,0.2174556770365204,0.2466109934635259,0.2694680151459169,0.2948293764856534,0.31322897017640516,0.3048989037709316,0.2684110071369319,0.2351765111218641,0.23323225456497798,0.2577587143663643,0.2783588853688808,0.2777998704408431,0.26958972646296475,0.2720571691664679,0.28583458221064584,0.3033108129297055,0.3218168423150393,0.33239141539806577,0.3218583129960349,0.30162577101721066,0.2723343064673762,0.22710675644015854,0.1563099213353391,0.09517766422536494,0.06137520573133935,0.048801852430723686,0.054205743547879943,0.08871705170814258,0.14213080686569038,0.10217952907902375,0.08947845824303324,0.09344599608065628,0.10203266601179997,0.10821461848193344,0.11214122461535529,0.11017947617801449,0.09278095680448951,0.029696796295956233,-0.13948614303939988,-0.13323877473125662,-0.10499760350625968,-0.0897820503267944,-0.08475168777005598,-0.08949812904681063,-0.09479031864932781,-0.09203409282500952,-0.08247680777950958,-0.07013040853101994,-0.05883341788427651,-0.05437853857672329,-0.05887764563112192,-0.07297708904673923,-0.09650958404244073,-0.1267270727968804,-0.15659149729268806,-0.17661915548860282,-0.1885686306968984,-0.19761525878086814,-0.20550907030314502,-0.21761038501186697,-0.23480214231327123,-0.2570869728113592,-0.2778397560878324,-0.29791830226171,-0.31291626274423634,-0.3117171718580534,-0.29473186818922587,-0.28131253802972866,-0.2886511567478938,-0.31498449766362596,-0.3546610637436155,-0.3836388278322422,-0.36234453181332227,-0.31085956761659717,-0.2311633902934102,-0.11084668074627153,-0.03457353206362755,-0.0009142107708054292,0.00811219734434485,0.008429792921878156,0.009342613014959079,0.012200500041902582,0.01645237542774213,0.02190861245534186,0.02988000999732545,0.0377362247715085,0.04054416396628955,0.037590130559221245,0.04066607549539663,0.050624392265709035,0.06687806898306356,0.0830481983086142,0.09529095282512705,0.10940405132385514,0.12228452678649279,0.1315909121225417,0.1391117715057259,0.15411538830217195,0.175947997442218,0.19791884987537714,0.2156541729615984,0.2233890293820667,0.22204462396595392,0.21351269378546905,0.21063987855519425,0.2127080728432437,0.21541473567550593,0.209883085024233,0.19381524197113303,0.17105628748812812,0.14868492019157079,0.13336445226190854,0.1228620103161167,0.1123579373701249,0.08995459622300979,0.03866268076111749,-0.032381945432256615,-0.08384591337674739,-0.1044565547028975,-0.10773513263056042,-0.10401055251228755,-0.1002898915981561,-0.10150405105312531,-0.11426222435214402,-0.1296701806734286,-0.14428947770134354,-0.15454128923380273,-0.15538000665536275,-0.14922684613248527,-0.14218993482537953,-0.14188599497219143,-0.15545478117834477,-0.1868760187068993,-0.2282979089762997,-0.2633386007461561,-0.282064779040323,-0.2879409776630693,-0.29302556391660806,-0.29759876366742966,-0.2974748067318068,-0.2899843576425238,-0.27325506404970806,-0.24760054897641823,-0.22156121998190303,-0.20593096498810357,-0.19238652133236034,-0.1718852145041728,-0.14600466443304708,-0.12440370089040331,-0.108120716306323,-0.09802407920685229,-0.08827707175205997,-0.0798356736192662,-0.07586522423300636,-0.08104251057960307,-0.09280485382763128,-0.09064791984714235,-0.04646320268458232,-0.00821461546728871,0.007469992205756263,0.011651935029169358,0.014055219033154097,0.01911222301892038,0.02695762862334593,0.03432946706578327,0.04270473989711311,0.05410986476997117,0.06723021051247738,0.08063370867068412,0.09607657619354736,0.11112415831971276,0.12599371360910497,0.140814103688346,0.15906634294659602,0.1714411529203247,0.17526911888829583,0.17114760911224577,0.15753595704824816,0.1330231825059497,0.10208515720117743,0.07575174810288599,0.060574397368609055,0.05869912528111261,0.06473926177870125,0.07536854067679778,0.09542058880498591,0.12401136067420719,0.15450215181148133,0.17908127691890044,0.19351060331638983,0.19652524841578556,0.18680255195709763,0.1683817349136996,0.14181858545625392,0.1071418634665318,0.07001424794653946,0.033625368142186994,0.002031777277976993,-0.01997012853427597,-0.033895697753735805,-0.04419357133880241,-0.05237088158031428,-0.05991520380896075,-0.07013258661983238,-0.08114396162509054,-0.0915380951747049,-0.10285304473251271,-0.12049332472258924,-0.14474160691170845,-0.16179291956139075,-0.15954616767694513,-0.1356793859022908,-0.09906654239686843,-0.06345304358292785,-0.04004989886757315,-0.034684077208301946,-0.040784960613140984,-0.04518986541399304,-0.04847263499116663,-0.055036193910150764,-0.06900926997037776,-0.0873413157310411,-0.10650785952675376,-0.12227028849272513,-0.13530702638024686,-0.13938780578387427,-0.11663124468588656,-0.08600911545540592,-0.06117152701700521,-0.041204520213961864,-0.02211599843725638,-0.0089278776598696,-0.0029589453558299997,0.0004797791179063771,0.006187189493026273,0.011753156184937899,0.017706122413808062,0.02455248263564739,0.031471283463980156,0.038997849694127916,0.04688442981806655,0.047781619192984584,0.04234064618203215,0.04071238920034643,0.04876276783813331,0.07476348902429461,0.10185429400109272,0.1138290421057678,0.11785635718541455,0.11980617375926256,0.11950226790657405,0.12158507423814935,0.13005838365698144,0.14580946420037677,0.14943446180724917,0.13736844259083172,0.12977043116110465,0.1301610005899961,0.13172734386827925,0.13348458798957846,0.13516757105690053,0.1427744636928663,0.15580424464478865,0.16830145254041773,0.17757623100087463,0.17973907152827415,0.1746415417765232,0.15870785873691268,0.126673987617011,0.08177370866978181,0.03438643420230297,-0.0027291290632956,-0.02197414209906201,-0.026791061063694083,-0.027094688649535445,-0.027483690196449306,-0.02985028894272617,-0.040013596980835016,-0.06075667552381434,-0.08315286845248439,-0.10256102622605036,-0.12232104989908867,-0.1418979382659998,-0.14688221596788076,-0.1356611582689832,-0.1200933140340472,-0.11194658463803017,-0.11336479038098694,-0.11698856604495603,-0.12469376485374102,-0.14516426430091586,-0.18753295036092357,-0.24665827850338476,-0.2963868234927774,-0.30898034241401734,-0.30724686079903557,-0.3206289748666341,-0.34223203454957213,-0.35339968902699764,-0.342179405241539,-0.3138086428562608,-0.2840260846823883,-0.2548505678181561,-0.22965733608745306,-0.20602280344118762,-0.17995106383228762,-0.15801318522619193,-0.1415173725811232,-0.1307944275986587,-0.12343120527924106,-0.12321776525547957,-0.12174804536174484,-0.10626094894936057,-0.0676974555944587,-0.01797150943083815,0.015587815303228364,0.02855224901071913,0.030464896048881883,0.030498024904034228,0.025433316029080076,0.025354166939719244,0.035487512827655915,0.061643371141663586,0.09322584253696349,0.12103589183438056,0.13858977189685123,0.1537669484333141,0.16312272656221635,0.1604349383802288,0.14411961854245958,0.1310936905019527,0.13656279101280167,0.16105587146561243,0.20496169051066773,0.2601016507508322,0.3098582591818533,0.34083355674084126,0.3519101182704805,0.35634615182794804,0.3650491352226973,0.3760438473051725,0.3797579106136075,0.3607238935605347,0.2997395201480171,0.21990895495041604,0.15696105912402036,0.11410218877882312,0.07972605399776277,0.047976139064946466,0.02378363036531955,0.012867087253959892,0.011533314180277499,0.013344582986645426,0.009354864912517602,-0.005314977744949045,-0.019753990855105725,-0.02391464217474559,-0.020631803209347065,-0.019337087133291186,-0.02469057630561797,-0.041648927811487504,-0.09027957784745438,-0.17222731686247114,-0.12951365060120587,-0.10697229598302875,-0.10360017894931912,-0.10737725838431211,-0.11538643840439894,-0.13372237935453368,-0.1601373581395562,-0.18772284075219736,-0.20781482102537827,-0.2194921116167772,-0.22840617311570788,-0.23627328843665407,-0.23691486007630164,-0.2270844704015249,-0.1962036973035628,-0.15684840464674005,-0.1313273835354877,-0.13395520143252776,-0.15849411538873145,-0.18737319039946118,-0.20121319362150195,-0.1950160120072685,-0.17506685433674243,-0.14839663819887453,-0.11070315215003511,-0.07261262411920041,-0.048469942224519516,-0.0433578611441541,-0.051092028156607724,-0.06534897709973539,-0.08697569291250894,-0.11816882308394058,-0.1489255495894756,-0.11484760650304172,-0.04849903702847162,-0.014337611027507845,-0.0037421429175032205,-0.00906273767957941,-0.0179930235583904,-0.0223597049121718,-0.01364970452861039,0.013080675989551774,0.03611564299640921,0.06448485653708877,0.09994467385167936,0.14259365696691526,0.18904440375475828,0.23127805456723816,0.2766742906122231,0.32486696776281937,0.3219712368880459,0.24566711074178038,0.18175018756440756,0.14867237483147147,0.1364607930036403,0.13736305701131618,0.146441485674193,0.15904381997976555,0.17029902626910023,0.1776140558123454,0.1838471963442003,0.1980991351001259,0.22315135214723372,0.2579709122395019,0.28193831973994293,0.23080636247857028,0.14377709798006894,0.0942531614030132,0.07381492877904967,0.05602807877398663,0.020786740661179255,-0.04861826109755126,-0.09592237915656335,-0.10155626747026868,-0.09429634396861726,-0.09068711666051023,-0.09139195862932045,-0.08978735057595841,-0.09301485139186962,-0.11014288618667714,-0.12729614778697657,-0.1286540203738479,-0.11024751782128221,-0.09155543517928325,-0.08579120933367954,-0.1010950707199806,-0.13686360509974502,-0.18411042422173643,-0.23282591441013378,-0.2804352805188508,-0.3198204093715028,-0.3474791121645554,-0.3636778533958063,-0.3633348875433083,-0.34118714902381386,-0.3106861713267252,-0.2929199303036793,-0.2923123040233941,-0.29992606096266394,-0.30942172190838896,-0.30741953547373946,-0.288197067167235,-0.25257889183708876,-0.2011581370691181,-0.13524109311963958,-0.0767710293925358,-0.03868678404277795,-0.025027552544747794,-0.02977134092590776,-0.03100364851810035,-0.006489911389344059,0.04698189879373381,0.11155755572103283,0.17060938139111292,0.21160113460694163,0.20645239092698492,0.16501335855523744,0.13444464646075902,0.12092877459754886,0.11971834615014554,0.12805893264339666,0.14415254108296166,0.16691293867441998,0.17977427281775585,0.17828602374987274,0.16841073793362882,0.15633016200519415,0.1443135319648125,0.1328075772912437,0.12591671105842242,0.13443967398877424,0.1665158269570658,0.19816038123695318,0.16583554666952738,0.1145052525329695,0.08264967737735275,0.06810995350239304,0.061570914586764364,0.06148705342590067,0.06951530105168052,0.0868304985804728,0.10936434936393229,0.11382713167649766,0.09845171906229332,0.0863862399404272,0.08318512080701984,0.09080234753666995,0.11253220666157192,0.1432213852497407,0.1625958188486906,0.14026014750542218,0.07831082725123843,0.00645819474962073,-0.05854553636117917,-0.10443486657333673,-0.12411034047076859,-0.12652077506204812,-0.12187298242947282,-0.1169074351331227,-0.11274329930069008,-0.11816463848529245,-0.14669263472847235,-0.19239222585372648,-0.24010045110125483,-0.2686498831054311,-0.2772371622776815,-0.27502516958386547,-0.26482103733450657,-0.25189015930674197,-0.23368785680140225,-0.21000639561461654,-0.18852684579945386,-0.1781261057623436,-0.18234148003155157,-0.20032433854663312,-0.22647711856576833,-0.25750677689248896,-0.2891824110874081,-0.31630049044958874,-0.3316283998773054,-0.3374700002566425,-0.3319853289738773,-0.31204754406709473,-0.27120328117316683,-0.20913331136176752,-0.1624724816565717,-0.15585901298125754,-0.1929385271819293,-0.23779497217901072,-0.21156420015301317,-0.14118467675798896,-0.07789840696281214,-0.030491156410982587,0.008094486617203253,0.04934753510529814,0.09163040467415046,0.13135354896067863,0.1683974716228287,0.20609878021070135,0.1992319825013314,0.1381709942117536,0.0983793259570405,0.08740347507257817,0.09233450028663089,0.1023381291618559,0.11051308562604516,0.11503759999495122,0.11999531481440029,0.13399675736728572,0.16212964573615227,0.19463220479686646,0.21307450876914313,0.22137267754185624,0.23716865998041162,0.25692023050261525,0.2664589041116265,0.262200507416401,0.2505810393633093,0.24026827441120047,0.23788607051836916,0.24396107695666613,0.2494300297445088,0.24545566047444572,0.21927043843648994,0.1775335355071988,0.132711440886402,0.09717817627173524,0.07427058274639453,0.06557649909131677,0.06505334822940209,0.05823842321910522,0.038825393593396366,0.014687414284113822,-0.00923057797355615,-0.03344243687601078,-0.06559952931775787,-0.11235304813618963,-0.16115772700510766,-0.19202331323656385,-0.1915762292818665,-0.1697294356344601,-0.1464055702337905,-0.1269877876493416,-0.11355376019680882,-0.10911177061123689,-0.10445500894609223,-0.09321331316375209,-0.07637980712032079,-0.061985178007686305,-0.06600922658201319,-0.0858536479598161,-0.11914395261526654,-0.1618583816305828,-0.19755322300456513,-0.21058075825604294,-0.20380132654359298,-0.18487836274631372,-0.16965584107982576,-0.15564031690924088,-0.14689163408027808,-0.14393742861311054,-0.14499339600213768,-0.14475673409064216,-0.14149991863376726,-0.14094734067270212,-0.16300001214696286,-0.17682968952343067,-0.15490226079485384,-0.13831694996931568,-0.13927265389453722,-0.15797475457675014,-0.07163404590850089,0.014487958264595573,0.028911451606977296,0.02937090365517892,0.026229926424093736,0.02342098271762848,0.02484725961012853,0.03323557005661824,0.05020508001698559,0.07747037517937225,0.10758034409804687,0.13542104424144902,0.14842114294169317,0.1547875384260901,0.16732220600751738,0.1899902250575578,0.20436545169607936,0.2037731851050976,0.19397535741011074,0.18804296675224175,0.1986132119427989,0.20293034580662692,0.17818052347455685,0.13970666586197542,0.10263631766069634,0.07499929908085398,0.058273128106972355,0.04852296664765784,0.04185130074293859,0.038198512609524206,0.03715757785986749,0.03718175377967334,0.035334617061186145,0.030488551289151945,0.02415699494523556,0.019215362626136195,0.019743800899893017,0.026562012485707505,0.04246755870077096,0.057740627609043416,0.052237059497474654,0.03586065094544555,0.026755700983879895,0.02193055221839638,0.017643668342736434,0.013135029875091164,0.0053611666404542735,-0.013985906498050302,-0.043834942603214085,-0.0822816561472381,-0.11713002902863998,-0.13418490815547546,-0.13045914747035955,-0.12063824877413323,-0.10376273239434738,-0.07967571945051025,-0.06193971648516849,-0.05294543126114275,-0.04810509847853909,-0.04753720391298762,-0.05176331264526839,-0.0587385749697132,-0.06944336219156019,-0.08414480057705222,-0.1031351688212289,-0.1270441777276255,-0.15822423570279734,-0.19548056900852334,-0.21539466833512078,-0.18636808575447175,-0.135586089040566,-0.09362582530500561,-0.06377775153753562,-0.041934003050286627,-0.024314133558643897,-0.004808827636868239,0.009022680132217159,0.005871333799678869,-0.015219430991700205,-0.035090359068931674,-0.037857487980875786,-0.016465883379726157,0.013045215861817337,0.03524911268704275,0.046403186306315264,0.05174701352979093,0.05357343853865382,0.05880114691878886,0.06709598155823016,0.0716911735174214,0.07159259704437766,0.07932657670092301,0.10297212916074915,0.14044529407260184,0.1801859792235223,0.2106935517030852,0.22850353734207846,0.22323446062009586,0.19983888104390676,0.1785243714915274,0.169524060107511,0.17317477394872982,0.18886057549014776,0.21154704238527416,0.22252772477053412,0.22303000555578636,0.23292011210246583,0.25815193214508253,0.28859629096839506,0.3007956047821411,0.2909278088724644,0.2623736431702816,0.22787501082538955,0.19575065591409618,0.1735251823758672,0.15747687725688925,0.13985556450435055,0.11420969356521342,0.0755341147728665,0.028035652728530144,-0.008229902208050418,-0.02225969868937747,-0.02477526014985386,-0.026795467555190203,-0.036952494063898715,-0.05889934144119023,-0.0870876985187718,-0.11988657785810322,-0.1518732448151528,-0.17806790209028656,-0.19604998675820612,-0.2004015667718675,-0.19175656871298818,-0.170710814183043,-0.15138664789113188,-0.14326988670854354,-0.16257542788918808,-0.1976739989828102,-0.2376239586564286,-0.2647252321602699,-0.2729130239377911,-0.26681460441579097,-0.26297666900288175,-0.26920093060168127,-0.28530936116037764,-0.2953257492303187,-0.2883982151683222,-0.2685989367137695,-0.24350280933316226,-0.2204722539979603,-0.204842717340747,-0.19753649725113834,-0.18589343996443944,-0.16617868794985788,-0.14525363018400989,-0.13273973138984996,-0.13925925769005296,-0.17857025887001352,-0.22720440943173636,-0.25684697987729804,-0.23548602228416146,-0.135132959453755,0.019451597975159926,0.12487426093086122,0.1632639309989109,0.17683936176704582,0.18085453473848567,0.17653604972641457,0.1613714689322632,0.14342927511032708,0.12901619047824325,0.12980158865547506,0.1435070605476131,0.16579002791272812,0.1974118508478908,0.23386092458034827,0.2698838225437302,0.2909656226101405,0.2786846669498965,0.24319897846359412,0.20722451656418298,0.18185131281559067,0.17535556149968007,0.1834153729233428,0.2007887477728769,0.21785707461002699,0.22716408326732904,0.22086084546062298,0.19768159682900516,0.16230678371574261,0.11555864063420673,0.07430344373829456,0.04813106038742529,0.034914850416548925,0.03464303209645581,0.0431402543399234,0.05486933434611459,0.06053329122064098,0.05411686499997759,0.041527075916729564,0.027995803938253353,0.016705902576427435,-0.00010399232365133277,-0.02183298056659182,-0.04603407795543145,-0.06343752969909959,-0.07816002557518686,-0.08760054611986977,-0.0996997387799234,-0.12597163353541438,-0.14052090599465966,-0.10876744788088988,-0.07740233014231807,-0.06434625541095373,-0.06226150738662184,-0.06833218265103982,-0.07830757124023344,-0.08901936079216587,-0.1006522494024869,-0.11619828250713984,-0.1430112335424975,-0.18447584131315334,-0.23300684850326397,-0.27258819895799113,-0.30029790609970824,-0.32571654237464465,-0.3455496824639808,-0.3393255318480725,-0.3122004496849882,-0.28101924254204225,-0.2450535196429733,-0.1727071229755902,-0.09847068384617795,-0.05657071390439293,-0.03659796712914941,-0.03170736739445355,-0.04342134091722519,-0.0711481694800076,-0.1016229368656365,-0.10815355138138881,-0.08142806533266715,-0.04427747150959476,-0.014316909930251224,0.008155542206396135,0.0306505349698748,0.06698713056572009,0.12992457067952867,0.08909761140562877,0.07446490169783113,0.07757506386547965,0.08814181381195031,0.10570933193923343,0.13497693324298174,0.17666141393049137,0.22451634858563843,0.26075441199437527,0.2716017749983938,0.26463488537980556,0.25539839607386283,0.24642802295940391,0.24217726810929976,0.2458819494073313,0.26209849819543907,0.29143592322010475,0.3248791967409252,0.3460361441929616,0.3407449490479867,0.31022912195642816,0.2606182738279089,0.20427603156526575,0.15027168672376875,0.10494924408408575,0.07291164599782989,0.05315783830767678,0.042043125072794264,0.039645553522810885,0.044438984261741706,0.06340260407176221,0.0984309686483749,0.12911191721648144,0.11852772660548065,0.06252772828180748,-0.0025624028400387756,-0.049696105796271095,-0.0797812702595136,-0.09987091063491305,-0.11468876224699709,-0.12807533393793122,-0.13796427244376736,-0.1496125254981756,-0.16540683706934756,-0.18229125823647077,-0.19233504165217147,-0.1919549242463844,-0.18545523164212735,-0.1813441293019589,-0.18272745440925095,-0.18971749097634696,-0.20408517829894782,-0.2212659960409141,-0.21901200220670253,-0.19183885731690556,-0.17197929748445015,-0.17197502061061493,-0.18702437068245018,-0.21044171039091736,-0.22550806681876265,-0.22181244233053757,-0.21691396016902015,-0.2228362849599803,-0.21829205711001792,-0.1657509934364519,-0.1102635105595061,-0.08059706509070416,-0.06922286115905141,-0.0701603073650106,-0.0796114891173383,-0.09370512811833508,-0.11964424103600921,-0.1671506108499892,-0.19785761258933945,-0.1542227144431468,-0.0986089671361497,-0.05084739638381579,-0.013444333195840246,0.015828680710345138,0.032680911833832725,0.0395243773574471,0.044438805826631185,0.05154247882342137,0.07443476340812304,0.12257953214658922,0.1694414129170059,0.18065862402895722,0.1826240208367442
0.531045339845797,0.42146538666249045,0.34912876425573297,0.3061209493137682,0.2837385267011984,0.2767361612428198,0.2771136865468511,0.27410172289625456,0.2585748272330907,0.23674977551619336,0.2157379107911395,0.19769397761734436,0.18520139058420038,0.18115722921980223,0.18451620750756623,0.1969021786974089,0.22019646828549133,0.25358906541821646,0.28973360562860045,0.3150580324749453,0.31974642468996634,0.322596317966823,0.3534558451828129,0.3914924671630289,0.36202578575981087,0.2842158243818013,0.19885835114241762,0.09689402197860403,-0.010972187051470395,-0.10160505461512921,-0.1724197375668409,-0.22985750350985254,-0.2819330149876229,-0.33690229775903496,-0.40691848356605387,-0.49363321216435013,-0.5795339778817561,-0.6266497402630187,-0.6116503825540842,-0.556217350425828,-0.4928340581622147,-0.4400448548732603,-0.4023406160620028,-0.36884269694397315,-0.33523967086295364,-0.30242847434637216,-0.2793406776757956,-0.27490045301491395,-0.2878101779484537,-0.3146921133403938,-0.35346588911732213,-0.4018065636402242,-0.4527692689051768,-0.49166563289409115,-0.5104861425653853,-0.5233773686134955,-0.5508192212072197,-0.6113520429175093,-0.7041050459817315,-0.6741165879784531,-0.3907021542396135,-0.1794170172794755,-0.07996214848331505,-0.047992143718810276,-0.04443817955753617,-0.04689600745588649,-0.03783538197248764,0.0023218199110811655,0.07452663204488577,0.1042970456451297,0.1197678420178922,0.13999687083021134,0.16886413019422414,0.2058390570853791,0.2547747607032405,0.3254635047877077,0.4273077630178484,0.5613711260218313,0.7025922712649043,0.7663197825091,0.7266677297853925,0.6667117330874222,0.6446603689366506,0.6762858364747585,0.7290953753126683,0.6681292914258677,0.531397138418838,0.44086306433078354,0.4002984151089842,0.39180047294569714,0.40426888995230675,0.4207885534046075,0.4290847704284837,0.42382137399895164,0.3989592810442058,0.3612361993685415,0.3220758855522742,0.2851214883716012,0.25242840386397836,0.22453284715892358,0.20065945561056914,0.17813379118894349,0.1490190786554798,0.10896722829716275,0.05894202052383558,0.004461857140505334,-0.05275240916747356,-0.12177299070320177,-0.21842776924812005,-0.3503514051051492,-0.46026741537292776,-0.46546216751902136,-0.42232514608902855,-0.38671399766733955,-0.37188613639276735,-0.37362871593995417,-0.38440261614806065,-0.3937780455524738,-0.39550945804572063,-0.393225404088608,-0.3950085205985809,-0.40489976758618507,-0.4270114209047475,-0.4640398473661308,-0.5289250994143463,-0.6401177685224737,-0.7781141254149895,-0.7630407958453957,-0.5823232540517126,-0.4394756103604078,-0.3575140082920887,-0.3112737623971556,-0.2839171976924083,-0.27014002871720416,-0.2685205925636282,-0.2719990234287963,-0.24416970481415476,-0.16692667333195563,-0.09098370577892576,-0.03998283055669749,-0.009330524348623732,0.00969389702979447,0.023272088518766824,0.03423479010441923,0.04650045578479718,0.06292290246556757,0.08493674428133277,0.11021506031176337,0.1356368731337121,0.16166270536995153,0.19210578933176808,0.23166926855869222,0.2859999246189667,0.3545180912747983,0.4321973340138571,0.5124450709202408,0.5843448371377596,0.6398115164963554,0.6810992370777306,0.7175054539765112,0.7719758465303552,0.8442769910806748,0.8696891712302297,0.7716554140846177,0.612901641795953,0.4731529342959806,0.37568882349914035,0.32125975720007705,0.30814375747246936,0.3421360805790386,0.4248663968424986,0.4954371558824146,0.44682988258832923,0.3593000676264145,0.2981838614134763,0.2671646421510437,0.26620656247714486,0.29629860738418223,0.34660717010064623,0.39360693410722875,0.42251579142126205,0.4351296811849294,0.40547497763527,0.2934232516275994,0.13889592648555216,-0.006997677324436785,-0.12283260070564904,-0.2150538345714277,-0.2884279734013086,-0.34949391918251616,-0.40886955117783264,-0.4690004907313731,-0.5334517193800035,-0.6072460257005126,-0.6805535008278241,-0.7161535396332994,-0.6913697590420644,-0.6418648909329001,-0.6064576083374443,-0.5849956528154058,-0.5679964096338058,-0.5549688135642896,-0.5481653012129326,-0.5536189998633144,-0.5773901692155209,-0.6154299797348081,-0.6604092644641519,-0.704659254771114,-0.7402923408839407,-0.7601549646130008,-0.7664148926641959,-0.7630804941024544,-0.7592207305913128,-0.7534185297565025,-0.736073490599446,-0.7034307351712743,-0.6460379537275033,-0.5521940800859715,-0.42492739870615454,-0.30344877994172276,-0.2121192927242017,-0.14634518722852197,-0.0968769991246748,-0.06333239582127809,-0.041226307067654566,-0.0071865400572628845,0.07982640078630515,0.2237689465114312,0.21164265859124387,0.18252298412465123,0.1677453740581595,0.1597471193216316,0.16059455360806676,0.1746989962433389,0.20584026109756698,0.24752518552486263,0.29760328797865127,0.3608197748910565,0.44424020265081754,0.5469295922854124,0.6445875692481257,0.7057590396791308,0.730058205562711,0.7413730639522043,0.7549559058798303,0.7740909390768989,0.7934197527552593,0.8102093795657,0.8233331631844232,0.8326609454067821,0.8408467905768937,0.8465714288422083,0.8390154446307768,0.8062462844920109,0.7452418564010688,0.6612167432579804,0.5675506751672267,0.47804263520918094,0.4005637375550533,0.3378327898247809,0.2853483714825076,0.23670036964912283,0.1868616325344369,0.12705598367459914,0.06057398490232401,0.00020863154283968193,-0.050837938199853265,-0.0976676276765738,-0.1423008906811112,-0.18528026858220262,-0.22940208040993057,-0.27654916706612415,-0.32914209632794794,-0.39603470933091134,-0.48861324704614106,-0.5871692876903912,-0.5998289815385065,-0.5210423565872999,-0.4417951822741935,-0.3853412752000997,-0.34586744478194753,-0.3243851602753411,-0.3218980944056567,-0.3415532679004335,-0.3836904828749331,-0.4351224917622063,-0.4707794827209267,-0.47339385460363714,-0.44504824857626835,-0.3990435979238182,-0.3474422453017712,-0.3041770069847731,-0.27645707427210753,-0.26197048790903565,-0.2517095008820361,-0.2365597151516335,-0.21559255695555157,-0.1931419753102037,-0.174672451001705,-0.15912825488695093,-0.1373162490004539,-0.11062107140261099,-0.08193846622418227,-0.05614524653782657,-0.03417574660963152,-0.01580252692628611,0.0005963491342524715,0.016223493122918518,0.03298194829328588,0.05386717863659395,0.08245690401790572,0.13209338618734096,0.22975866720099736,0.30239708725931935,0.25442711936608553,0.2347333526128056,0.2576194796524862,0.3132868689986986,0.3537553168415235,0.3136806739487727,0.25838124629339254,0.2314573765490016,0.23004625192327804,0.24401367608875502,0.25827934051021295,0.2594539870396235,0.25643222870072296,0.26529584683999335,0.2935952969232462,0.3448526555554301,0.41025270375974293,0.4739051323073775,0.5180655931704784,0.5389936757413353,0.5434120962707748,0.5350300905315376,0.5155057731953092,0.48975044674335166,0.4548134439394637,0.41361217192491245,0.3735819025438747,0.335431055633443,0.29338136548921234,0.2403630468204438,0.17470387610090599,0.0994889398648443,0.016885691396366035,-0.0784196844641534,-0.1801613425067667,-0.2627084103027009,-0.3143803284115322,-0.355054837952689,-0.3955307491199657,-0.4279585231014795,-0.4374827295007411,-0.4294936981001081,-0.4241236064430064,-0.42562829680276226,-0.4283944414538704,-0.4277092522603392,-0.41671989304408474,-0.40149745905192635,-0.4088080467987669,-0.4727316110275863,-0.5562276577259586,-0.507625958408896,-0.44445954121711656,-0.4530513983854053,-0.5260409232073925,-0.5471592361353561,-0.423882745614852,-0.3242850801399246,-0.2746564823448571,-0.254731287768093,-0.258832605064194,-0.2869782387868735,-0.3406271806960935,-0.41628312626175656,-0.49758732925585314,-0.5433720303894211,-0.5089674578668419,-0.40216563338905953,-0.27556691685103196,-0.15867653166917398,-0.06338344955195646,0.013487867682454385,0.07226786676473076,0.11469714268539291,0.15387738424337316,0.23193196237615882,0.39978902554975243,0.42346483595559276,0.3418516468646594,0.33071443211631874,0.3621753815197983,0.4045387541354318,0.4197326822199537,0.38221587448992284,0.3270800251551899,0.2935643260544689,0.29147911915357855,0.3211583782015554,0.38418875769003047,0.4861584166859031,0.6214452989747222,0.7596047345368883,0.8591304692547588,0.8995348148714039,0.8829971668119319,0.8277103696545143,0.7552691557046455,0.6744578026454108,0.5844083054593897,0.4903063110370023,0.4086702666193539,0.3499957839965405,0.3173573275401744,0.31074346329826846,0.32452027575322123,0.3554309929361502,0.39284336766664196,0.39111365553906513,0.29332468629709224,0.1610668549198478,0.059773103167293014,-0.01393705526388363,-0.07378842268509495,-0.12902910915466273,-0.1823370002774201,-0.23139183772324898,-0.27564514767081094,-0.3167320845454606,-0.3491972930598042,-0.3699883127924532,-0.3882501774213137,-0.41701427984502565,-0.459456906211152,-0.5134278022970139,-0.5662461298616118,-0.5914145005588533,-0.5917857987908268,-0.5952961764627072,-0.6176672621649193,-0.6431385561270716,-0.6455814372720516,-0.6278979068310687,-0.6111049856214831,-0.6184476150069895,-0.6396046694706478,-0.6362406260280288,-0.6294820265483974,-0.6871439364205535,-0.7706622938124426,-0.7422321261302901,-0.6304115973758725,-0.49467192926457926,-0.37834042003765644,-0.30814615336163603,-0.2695237543526149,-0.2312464209829318,-0.1669502788231553,-0.10260650330106529,-0.0672237964818849,-0.055602800139068695,-0.055018658850288796,-0.05340301895669069,-0.03459523124814754,0.017763903524875148,0.11870414096743094,0.2510724230968385,0.30361796137250535,0.2707762827370787,0.24847793413216554,0.25088513537891627,0.27109177491356873,0.30907886934785206,0.3755435659144789,0.4841378756071058,0.6233142620917,0.7322753851136653,0.7748816436461968,0.7916535410687142,0.8083302957433313,0.8219659941200714,0.8255040996489725,0.8186584288942267,0.81104336065984,0.8082427726392241,0.8055591701196056,0.7946712407082965,0.7716431961611522,0.7316100452808458,0.6725246164326338,0.6036576492395667,0.5351876010556748,0.46991216967706434,0.40780304759678543,0.3472069000657009,0.28712409033091746,0.23013277316301187,0.18102710627081223,0.14504162103554916,0.11546180346511306,0.08741809451691303,0.05958686705866707,0.029645857992455876,-0.006657511458200333,-0.05922889604678633,-0.13481423941255333,-0.19829573150537502,-0.21573942943390503,-0.2134284950999681,-0.21243627674030638,-0.21015903318737264,-0.206436212804389,-0.20745255310618751,-0.22478798035140274,-0.27135191412563603,-0.3636813001713409,-0.5265384238491161,-0.7485051855699032,-0.884338845409292,-0.8571312198712029,-0.7840448121641157,-0.7215000662814636,-0.6664320414421097,-0.6115668084934804,-0.5641402829627977,-0.531344438700724,-0.5091884304110407,-0.4929378280124429,-0.4793346786030112,-0.4707825410861271,-0.46893606937350246,-0.46282001962070357,-0.44559658334313096,-0.41705914663341925,-0.37955026302294276,-0.3341850388938384,-0.27659834494620955,-0.21139639525832862,-0.1536982840781118,-0.11278016675567401,-0.08407350198341652,-0.057121696545886974,-0.021008365247098676,0.024505759312371637,0.07953684364080868,0.14388032900093065,0.20836472661675445,0.2697208449148569,0.3323625561535832,0.3991847104219928,0.46786843513216264,0.536134926468824,0.6016959119012967,0.6590846781873695,0.703391508322794,0.7363971049172189,0.7623049941420402,0.7831374059871987,0.7988941778830456,0.8117247548260531,0.8258147651409968,0.8352556116608197,0.8314931102613846,0.8076276070887634,0.7732287020498467,0.7372318910823172,0.6996204595031882,0.6601219113153292,0.617463128020412,0.5632143929595871,0.49400850398170265,0.41784245842746554,0.35119600000055334,0.2968746507476925,0.25328732331636666,0.21587932646010768,0.18137999523453285,0.14757584465380574,0.11356066355557372,0.08217479050564505,0.05227026477938593,0.020578302692549632,-0.01535805859609304,-0.057392470707428395,-0.10511767442927936,-0.15124959361368873,-0.1900431088107186,-0.22430380167005132,-0.2654087253537413,-0.3275595859419904,-0.4202228254713105,-0.5223371412175066,-0.586858380779613,-0.6363374475493506,-0.7226093648400338,-0.8366190903617224,-0.8798381753127724,-0.8210048792337765,-0.7486229391240584,-0.7017355457368285,-0.6850513617183481,-0.6942893868337245,-0.716774300585751,-0.7401078105017362,-0.757190028358627,-0.7712062351914563,-0.7724404254122244,-0.7384033035287633,-0.6752926843536347,-0.6244991931229446,-0.6142628108692767,-0.6411257629816683,-0.6908685787740257,-0.746920673935532,-0.7696188987731325,-0.7317678988875134,-0.6578591447042442,-0.579955864819501,-0.4983366427393596,-0.3962406131115479,-0.26762099721386773,-0.14578190409501274,-0.06605479197453508,-0.02269286524381656,0.0037948508002231783,0.025715792139362637,0.06518376465278014,0.19912387262856784,0.6874648453781537,0.47504234836492504,0.3394375924446101,0.3046239470214335,0.30758042330383634,0.3349822709696349,0.3846470233236712,0.4511506553794602,0.5268539102079942,0.5954979778301518,0.6377259827696053,0.6376201359567578,0.5991439979591942,0.5457468625886395,0.5045002497095533,0.49114803596494044,0.5146162432182914,0.5692390172039565,0.6347201673382105,0.6897421837209095,0.71948996621583,0.7292427258270032,0.7392456202966893,0.7669712531589089,0.8018772606268829,0.785913877486926,0.6677712552330403,0.49613116525986023,0.34863307398107685,0.24765963038835853,0.18533852923517846,0.1515204623302305,0.13445834204991816,0.12087259384394955,0.10191208249202204,0.07367012298370779,0.03421944161263166,-0.00902132486694845,-0.041454403196473796,-0.06042043301527443,-0.07352600702019887,-0.08793654935877745,-0.10679790435987166,-0.1335428536450516,-0.1757963868586679,-0.24544153838517394,-0.32396368710521833,-0.3468650317928733,-0.33444336889094095,-0.3283673770748969,-0.33417181971595855,-0.34786919336576383,-0.36736993371558085,-0.39634980772487455,-0.4377085026349766,-0.4896229924677038,-0.5477848469790961,-0.609663119111758,-0.6805050401012751,-0.7702725059171488,-0.878751427250117,-0.9536657269371639,-0.8570931939408103,-0.6469765664547489,-0.4912281949453968,-0.39754818076857584,-0.3241784279678539,-0.23920993460080012,-0.1559421656092121,-0.09265402876207367,-0.048978240378436066,-0.015584201156757143,0.01482054503042365,0.04591014719631739,0.07620313898475382,0.10706342350850667,0.13708999053201928,0.16415905515588886,0.18780181795223935,0.20940123465811547,0.23194196114135063,0.2594845041226814,0.29633609779771397,0.34672257484504904,0.39689681066787336,0.4018019217159595,0.3665618090245266,0.3533220008852835,0.38440967359893824,0.4693036019169863,0.604008259966817,0.7353406440828533,0.7921405853776947,0.7913670910094524,0.7663759424185115,0.7179222175504051,0.6519693520039548,0.58451937648227,0.5247573270212988,0.4713881810698326,0.42391417129060743,0.3842011837241369,0.3551270734055388,0.3420188832565238,0.3485057607253371,0.37775016361059494,0.4357205054929499,0.5260271746942676,0.6342944671880569,0.6361426855154227,0.48569112504193335,0.3440647372372048,0.2382243191210743,0.15085084315994668,0.07651869531790162,0.015774129245349936,-0.04530968090886524,-0.13705893032467523,-0.29600186777953685,-0.5217765755810022,-0.6536454556982372,-0.6157058414487594,-0.5352732248401704,-0.4766976074253067,-0.451021136641115,-0.4516781428304303,-0.4559169565429981,-0.4350240475099729,-0.3945846637489012,-0.35310909548389324,-0.32108346136070426,-0.3036968104449373,-0.3075128122002455,-0.3434692260242657,-0.4241730128634581,-0.5105988970451352,-0.4565959476616287,-0.34215435522642146,-0.27746198342182715,-0.2578378481776992,-0.26776170994084375,-0.30486993143424435,-0.37010275351131894,-0.466934109538108,-0.57866296071581,-0.6327946188187009,-0.5761028378819807,-0.491236002824615,-0.4388703332951985,-0.42085769157702646,-0.43555163314200657,-0.4651834253553976,-0.42572671051877614,-0.2927833076339795,-0.13882030257905947,-0.011372003196020624,0.07544287515890158,0.14139397177526186,0.20714299495130997,0.29048816035581615,0.3940878040339194,0.5131604332252766,0.6196940869031246,0.6806834205000112,0.6928811290013511,0.6869893037214428,0.6924019705828931,0.7256454857420416,0.7868375226912234,0.8657938697156906,0.9221274975262623,0.9247841630038506,0.9172061723566597,0.9391391260748305,0.9471994675269324,0.8276151843085147,0.6313882833457526,0.4875286685804032,0.41418678940268716,0.39352862606671496,0.4031833142885175,0.42417444229113244,0.4350825650767945,0.4202998735487374,0.3808115932925951,0.32927064764621766,0.28313626954575327,0.25849637990466595,0.2624017623266905,0.28552816935125186,0.30259720326389183,0.3162349221844224,0.3295742741411098,0.2348621947045755,0.061322278498051865,-0.04596172596062676,-0.11918465317046162,-0.18822937199132223,-0.2788866933491171,-0.41467372010889364,-0.5772193679502269,-0.6131954854588428,-0.5283815839011735,-0.4579268258282272,-0.4272730029031434,-0.43601345790439155,-0.48367434889934074,-0.5715201289292031,-0.6783955172370906,-0.7435523475925752,-0.7514522443598162,-0.7462133348087558,-0.7504288762379889,-0.7607494282167507,-0.7668727168736167,-0.7606193279609808,-0.7376598150964886,-0.698254732480762,-0.6566487570711924,-0.6315596900797109,-0.6273094292139036,-0.6258722243999109,-0.6064888659143134,-0.5738752479769457,-0.5363807224911956,-0.4905131481463642,-0.4242736425986995,-0.3353902036656505,-0.23695466917884922,-0.14691351746088593,-0.07638153580929018,-0.027991149149266994,-0.005301782287177046,0.0007215523418385378,0.003011241814100086,0.013784733065259893,0.03924278089480249,0.07763784197740956,0.12462497055085917,0.17392239710931862,0.21157161128749294,0.24156882612298997,0.2693459885227344,0.29663662141744535,0.32770705623274926,0.3616592919742821,0.4004231530973069,0.4489837429063284,0.5066649567623615,0.5777769314113664,0.6774757331019339,0.7984249202667714,0.7761693188120444,0.5443162896127746,0.38501079706888847,0.3317017251715663,0.3558446498288246,0.42472922058731793,0.445440515836156,0.39851286947161974,0.353409328136268,0.3296167146387036,0.32274081611287786,0.33221344792927404,0.3590248105455519,0.4027161932633365,0.47153494387431033,0.5972873772071138,0.6776203689951953,0.36752711209794825,0.19094488477453453,0.11632126426997955,0.07270612642458059,0.04214243507575141,0.02004503933912336,0.001809587095189263,-0.015175962151639556,-0.03596052986593177,-0.06694491966233439,-0.11526918879089476,-0.17910805566286808,-0.24604255929425903,-0.3045133213609469,-0.35478691129825035,-0.4046606649130101,-0.4691532074463199,-0.5554141000267989,-0.6596408859719228,-0.7647147197720016,-0.8350133008342315,-0.8490557484703088,-0.8170396511903298,-0.757249763966256,-0.6666666872514512,-0.54913162520163,-0.4396215762217674,-0.36043573244634025,-0.3144743615896337,-0.29689625533378533,-0.3026573462811468,-0.3323452926368961,-0.3889397544088079,-0.4594982031772754,-0.5007956062954172,-0.5109341198238987,-0.5256253606951973,-0.5610405305303159,-0.6139917189793496,-0.6569203174093166,-0.6477943089508577,-0.5510895531384219,-0.3852394268034716,-0.20051271296628045,-0.03982147913885724,0.0795549276855373,0.14843416967384276,0.17006784417239054,0.1668720010901582,0.16902068775049217,0.1865048170401862,0.21526733805611598,0.25157948877694947,0.29523043985397,0.34098408061037216,0.3862740008195323,0.43295079234182876,0.47841757842632004,0.5196744559853163,0.5593448920679378,0.5970274282891319,0.6329382851355839,0.6678285006795841,0.7044556277688577,0.7448970249299902,0.7933634237651702,0.849633349246147,0.901506590446361,0.9257667465929701,0.9070050690521498,0.8505054884775597,0.7656853031478666,0.6646597127805187,0.5813653641513388,0.5420246708577031,0.5659113660141626,0.674305670775908,0.8123581367186274,0.7046288873469694,0.5273122140851358,0.4328947618455315,0.38378538575232285,0.3402318642735866,0.27763461046019694,0.19478702270321943,0.09017778243616605,-0.03257436175932338,-0.12004900553945452,-0.17447078893805662,-0.2177788117085978,-0.2548513170458902,-0.2830418493520373,-0.3002876849379131,-0.31896925828469824,-0.34872762428441223,-0.3991581700533308,-0.4624972161887683,-0.5133204897845351,-0.5279535093702724,-0.5086207569801778,-0.47710286623518905,-0.44746704079557637,-0.42720192131089935,-0.41275145957888254,-0.40286625630632783,-0.3977905500561612,-0.4005271051722162,-0.41033783999580487,-0.4310984423867876,-0.45855355690053007,-0.4866381271585034,-0.5126417706413121,-0.542646582157976,-0.5595020026804225,-0.5046498264714848,-0.40629279834307286,-0.3307035677566343,-0.28394452195089265,-0.2545336761773147,-0.23084966939060522,-0.21158743420264853,-0.19623381196378975,-0.18236961588378084,-0.1648562562223591,-0.13615396502075597,-0.07584741263495103,0.005657719265942604,0.08049031175946594,0.14640317312846748,0.20263182455607934,0.2507436852308861,0.28587891254432873,0.3058289858608413,0.31125479506675474,0.31737265215533295,0.3381713350844515,0.37849516638838276,0.4330315956526209,0.47917013660632735,0.49641223326158607,0.4863431425387512,0.46709216492503003,0.46491966346663255,0.5052329708900266,0.6012857114421664,0.7401577631753027,0.8531208670161629,0.8950100949520798,0.8753760158369189,0.8063639398811235,0.7145536225497459,0.6338555336381293,0.5794443496404322,0.5618376435068476,0.5760466930454738,0.5747675191206556,0.5233342906299873,0.4689908768744589,0.4437006370305664,0.44728740652302335,0.475351599222512,0.5145849980725956,0.5194035676675863,0.463417136417128,0.34791719768176405,0.19042406353782662,0.0312663746136988,-0.11528359374467535,-0.23559675477321074,-0.32616379953099883,-0.3887352146755963,-0.41947543805359594,-0.41596776600377383,-0.3909241050431565,-0.37536795033425746,-0.3891663646616643,-0.42729496289574187,-0.47365687462878564,-0.5192347098084978,-0.5592916354202886,-0.5672439398946825,-0.5318917692039876,-0.497006082798735,-0.507554460377263,-0.5747741273271691,-0.6727121370550548,-0.6891348341245777,-0.594282461523825,-0.4995618861580843,-0.445086335894148,-0.4227143924795546,-0.422902047229009,-0.4410736807755453,-0.4708157899973388,-0.49271607553320385,-0.4725777887576997,-0.41401382168905004,-0.3493737291332712,-0.2919065688924232,-0.2370473286467641,-0.18455423190799264,-0.14021079826279262,-0.10542540847952575,-0.0724793827249791,-0.03473486097701796,0.014165684364853309,0.0776252067273836,0.1478966977073835,0.2187151547588688,0.29130360894119844,0.3695606284798583,0.4456836483314883,0.5119738787417285,0.573142234771039,0.6389702456793622,0.7050258559134033,0.7631619363009354,0.8113862583089932,0.8458021030290251,0.8657086027099409,0.8778474176075449,0.8902426201256323,0.9043839433660874,0.9187319305151186,0.9235930481809307,0.9068936601632406,0.8654261223675033,0.8129295056293961,0.7636583693242535,0.7288093525996281,0.7222196146121244,0.7633550275111957,0.8613422375545516,0.8809395988676139,0.7207414350767961,0.5930974109076529,0.554904597029942,0.5836690735507436,0.6387038566191093,0.6374108315182522,0.5090830576537863,0.3497366118132828,0.23340338984021894,0.1478494643983933,0.07329704649438394,-0.00013227342229592026,-0.06746783404744083,-0.12127361264404929,-0.17123410162035024,-0.22531440917303552,-0.2893789820043139,-0.35258024860309894,-0.41209198330232355,-0.4650019569890353,-0.5019771029040472,-0.5222557475762751,-0.525216931213559,-0.5174695440159228,-0.5126925565178302,-0.5176314549609091,-0.5241501963005699,-0.5160131059630912,-0.4847989877574952,-0.43715051068818533,-0.3948302802141512,-0.37513111258194404,-0.3818115521375683,-0.4106918617339868,-0.45214709874385967,-0.49684041104310983,-0.5433507521103766,-0.6028101995356959,-0.6850592028917745,-0.7510466837508003,-0.7205838271764904,-0.6168625363318554,-0.5278312913185668,-0.4727418265898125,-0.43596683153834714,-0.40294650798057285,-0.36472434424968425,-0.3255966233091907,-0.2922258768428055,-0.27062578620451117,-0.24376792692539226,-0.1829431123328772,-0.0775640652006989,0.03685668817960369,0.11953155487007311,0.1778879229023952,0.23280616047031108,0.30247040035580997,0.37100856887023836,0.3892882366261603,0.4101937385875889,0.5058554121658994,0.6060123724820916,0.5046465829773685,0.3981171042188493,0.3549012832221903,0.3526535803570807,0.36917308238956015,0.38295461616213616,0.38233048840764405,0.37656860985326057,0.38250312427377253,0.41216080476848277,0.47246346047305965,0.5608475166432082,0.64222891660276,0.594564235536005,0.43823805740808425,0.31089641445566396,0.2300293208890592,0.18037370504607556,0.1473951891498064,0.12458562542801158,0.11261655926756096,0.1133254652966864,0.12912498493931537,0.15947102757064988,0.17634031309547046,0.15194586488851916,0.11422874370850282,0.07789842903114803,0.0304336622152848,-0.043954269298994986,-0.1878368249164726,-0.39774071792754045,-0.4173653168639083,-0.37976227464827117,-0.3689942686546338,-0.3677740403810388,-0.36962112838463945,-0.3754089087952432,-0.3911560817582472,-0.4217707682714769,-0.4726416969809501,-0.5370140602705078,-0.5983642213120836,-0.6115708920022978,-0.552618982072992,-0.4644098603188519,-0.38987495367485275,-0.3405157650488752,-0.3183730133032868,-0.33241316434218793,-0.40613855822561423,-0.5886952212403281,-0.8070695882198907,-0.7110602454639752,-0.5624245348910881,-0.46749315851781215,-0.40755642444969203,-0.36562608729458024,-0.33131904292370545,-0.30113912801205306,-0.27489546282616706,-0.2512832560407471,-0.22718184093908445,-0.2007800335875789,-0.18368753636604712,-0.1778757835527188,-0.16821040876770263,-0.1418666449057594,-0.09690224731231846,-0.03976568293410661,0.018219614120360002,0.07119849332309208,0.11929159091022107,0.16396064147490078,0.2086861650666387,0.2533548216571113,0.2933590102086837,0.32726769937432415,0.36595071672808543,0.4204113813184561,0.49559131153486374,0.5862834765604962,0.6766864515043919,0.7375564660978444,0.7681542126537161,0.7929413793309957,0.8231641874094974,0.856536816855013,0.8848677892797562,0.9022744793889305,0.9122642853576004,0.9182569335775357,0.9225930985461849,0.9223036022283652,0.9162417325816826,0.9064777845890937,0.8920319608333425,0.8649138956865373,0.8148612786563822,0.7383639857164189,0.6505166744133428,0.5708681757020984,0.5137946709302215,0.4834081531160289,0.4553101732133614,0.41780044790751125,0.3536515586209012,0.256129495740766,0.1309313434591763,0.003954821444717636,-0.10066811880554896,-0.17817261665803855,-0.23411234886830773,-0.27441462405575934,-0.3167020472452936,-0.3685705295697516,-0.4289284136009445,-0.48726268712521215,-0.5276792257664229,-0.5430053656375348,-0.5429450567603722,-0.5438661649846109,-0.5583846846958818,-0.5843194366090864,-0.6089599105435312,-0.6229271100607259,-0.637758735262754,-0.6609163162425671,-0.6893329808837704,-0.7140414372687198,-0.7010823632229082,-0.6278926864919724,-0.5302811776951099,-0.4426947061299102,-0.37461202939537225,-0.32394672227278865,-0.28825480838709017,-0.2678487667406882,-0.2634768788541193,-0.2751819403996249,-0.3015241348456008,-0.33695487873988356,-0.37822543213651477,-0.4296806130491089,-0.46387051252548583,-0.37177415548254894,-0.23088256290240486,-0.13776265427261075,-0.08168251600260909,-0.04292379711766243,-0.004456062581813975,0.04634156546841246,0.11739798539334488,0.22266373648138024,0.38853194445173833,0.595712029680493,0.73076784435174,0.7850946341531846,0.8044753636675026,0.8082106748826163,0.7977606383605074,0.7777182026367917,0.7537708544698152,0.7367308956062953,0.7391918652798064,0.7654002387513952,0.8158863035894656,0.8768148426056667,0.9266709000287373,0.9414642125819616,0.919300121445199,0.8877754471270692,0.8812446859459111,0.9009282196860544,0.9242845258069466,0.9326350608517122,0.9148977404061062,0.881172959216752,0.8614200419814444,0.8727000322014852,0.9078236224772226,0.9334847456990283,0.915206906621828,0.8403430234626602,0.6819979919015972,0.443669275894874,0.24834554900549968,0.1375108125376935,0.07053694063986082,0.02083521510287692,-0.026848736103901132,-0.07575886695492934,-0.1274209119424543,-0.19042941267298907,-0.2572108853624419,-0.29599828865056715,-0.3018114730156865,-0.3097097882413543,-0.3357315172988157,-0.3844767111816481,-0.461442664751779,-0.5661708207706265,-0.6799296485132794,-0.7508514053498696,-0.7456365436466167,-0.6860773675594306,-0.5917973440918668,-0.4880659212525756,-0.4090605261647559,-0.3698003288779575,-0.3666507927633002,-0.3928105134638991,-0.4450926994537828,-0.5181919278015227,-0.5950949670365383,-0.6493930267452873,-0.6554735444684968,-0.5948007071981048,-0.4988297337133311,-0.4253459527020616,-0.3972060571348963,-0.40581440947437,-0.4076041270493431,-0.274741510804106,-0.12091274824419196,-0.039534689273037715,0.003865940147989932,0.030687594737791538,0.05229940650451176,0.07580910294811313,0.10277203422161212,0.13205574788503072,0.16484041096341767,0.2021125676148279,0.24374620262881916,0.28678471933447486,0.32612125803261327,0.36126002180948025,0.3951670419918326,0.4320346346304157,0.4724121399637039,0.5104622162357846,0.5406772687006556,0.5640666772517275,0.5913717056358598,0.6319227981614091,0.680270857736064,0.7173422738418598,0.7289633081562554,0.7191906673000634,0.7040380975620468,0.6977522305048441,0.7171771844394299,0.746830106213867,0.7282413872684195,0.6384028516983629,0.5354470108692948,0.4544760077216728,0.39639925292806305,0.3534271924524751,0.32373682592544395,0.30477929569550627,0.29542750734962775,0.2951674822407139,0.29730512888387484,0.2917921635397091,0.26224015691856195,0.202259235409383,0.12147387350463051,0.02221319994414325,-0.08821319626544409,-0.19181177572592176,-0.27593730939633077,-0.3367039133376639,-0.3819832321226615,-0.41719779067953117,-0.441338718203062,-0.4695268817493928,-0.5260398946904474,-0.6264584196919752,-0.7539309642629988,-0.8595949759373599,-0.9158070787510681,-0.9268773311010252,-0.9019021868223364,-0.854769741375676,-0.8030355327790686,-0.7617207312700199,-0.7372413472362043,-0.7263519205712774,-0.7312502307651952,-0.7539929701514608,-0.7906243129449808,-0.8289704339371874,-0.8489010846272848,-0.829860376648981,-0.7589472731218228,-0.6568163614616308,-0.5826579767712735,-0.5931533293214015,-0.6158511055774983,-0.47551719822359617,-0.3603686482409614,-0.3163706116401207,-0.28445750932567326,-0.19772026370596502,-0.11031750156924301,-0.056144266169507136,-0.017410918536922053,0.017153581455490213,0.04622472118515148,0.07535853362344463,0.11261802352787156,0.16413172602529427,0.22632648287235738,0.29240491970789484,0.37490882551877935,0.5049915732955981,0.7087941874784055,0.8780781476740949,0.835713099103478,0.7468743550067186,0.7046757822514559,0.7074959047022391,0.7485456413125458,0.8165523773991408,0.8857952800535843,0.9273621367327655,0.9413753868013564,0.949635697738971,0.9576408313263858,0.962188202808846,0.9620531437921124,0.9546642510228828,0.9378286408627202,0.9068532565591313,0.8577677610880322,0.7887370294116861,0.7010925995271686,0.596226664523566,0.47491741255738845,0.35301045580828094,0.24792633076037046,0.16410572449979474,0.1041963231311846,0.061484089279001654,0.025272730915522953,-0.0035692116624416468,-0.02665178321586299,-0.04841866925160724,-0.07456111910178495,-0.10548916934546149,-0.14053550085414238,-0.18219240223147912,-0.23662188592493563,-0.3034040645519483,-0.3688635626761265,-0.4269679227184255,-0.47527368508824097,-0.5107720066033665,-0.5278515348382586,-0.5316406237616521,-0.537938067984888,-0.5636115313852875,-0.6268389123673783,-0.7070569487543988,-0.7129675615491106,-0.6421854605290134,-0.5848927412273697,-0.5678772406958345,-0.5883854941506071,-0.6331773319621207,-0.6792391180803681,-0.7136755816369508,-0.7276793334085062,-0.7095826574521027,-0.6601389630517837,-0.6029937128557384,-0.5478865563986807,-0.49090361322353326,-0.4208765565055041,-0.3320314322760028,-0.23635608839355157,-0.1477506384536571,-0.07380663802332812,-0.014900268153251366,0.03426992173177908,0.07824255145308837,0.11375815268188996,0.13644630696332224,0.14010281461821808,0.1353285447743845,0.1422968029415403,0.18729085189123743,0.26969912549004177,0.36428779295824343,0.45158853078358524,0.5179060642852265,0.5740194221529376,0.6314317429716195,0.695602648049168,0.7671829852991134,0.8298829502644158,0.8673427704286669,0.8838679937488703,0.8906678261935762,0.888934512659846,0.8726822411863386,0.841067531906901,0.8000488443284507,0.7634279750793891,0.7447273949041194,0.7558599437359641,0.7907762281258156,0.8325816309655929,0.8678628902706436,0.8896333783732927,0.8800141041136892,0.8207591409195013,0.7185330732280162,0.6052876714201246,0.5168625067291492,0.4654807985368381,0.44096657971953024,0.42475503601852155,0.37151646207141426,0.2618598485951099,0.15623153009223067,0.08205633173021913,-0.00850299800491523,-0.23889251157269087,-0.22436454877646733,-0.20243201636951788,-0.2268796980794087,-0.30591191297319936,-0.49439441084068597,-0.711341933586653,-0.6302912928023379,-0.5355996369257444,-0.4903779027839923,-0.45583512260473436,-0.4131429942402219,-0.3658059358242935,-0.3245569249672723,-0.2952525937427612,-0.2801146107649891,-0.27838235614822,-0.2890173956496202,-0.31354708278701254,-0.35765584790893934,-0.4435241541227779,-0.6169469870699338,-0.8306644489555526,-0.5831787110010062,-0.34517331979182764,-0.23613274935752504,-0.1812350316334043,-0.14977241378834705,-0.13069080500359384,-0.11898147808625592,-0.10961972148282749,-0.10046319205522851,-0.09198650240724097,-0.08543081222806265,-0.08440661571221693,-0.09348600242681336,-0.12272659010800235,-0.1696205407313054,-0.027097471496281673,0.03308968712404502,0.07206608600869947,0.11308261795759628,0.15932431956271845,0.20992593611797034,0.2561202942312828,0.27340612252762736,0.254614627751819,0.21830018211944885,0.18661504375404522,0.1656196289177102,0.15338448533366075,0.1492203315410566,0.15219720074811763,0.1680946583246572,0.20609245162468082,0.2658131339921139,0.33540378603167326,0.40623520022957216,0.4812430097971013,0.5684012694218078,0.6678741473229871,0.7600512066373738,0.7979976367636314,0.7906134629192177,0.7959582959589855,0.8303604279428183,0.8691619474736584,0.8805240439731491,0.8618690456217529,0.8312659253113557,0.8051086066413988,0.7714663565572348,0.7108424754242448,0.6108410364050026,0.4906128867858757,0.3854484008244226,0.2986220695649939,0.2214802056901118,0.15004322231189213,0.07691749221728503,-0.00011938986888048586,-0.08687550188640347,-0.2075864100587873,-0.3318067060969186,-0.3397535617902178,-0.3302599109705307,-0.34850724787083825,-0.38483454108792825,-0.41668362747480825,-0.4257928945269586,-0.4076426790456503,-0.3806932028368682,-0.3653784032065579,-0.3651147319390302,-0.3746524576050619,-0.39099346522564876,-0.41438223606337243,-0.4491433852847045,-0.5049108651310148,-0.5816464262658527,-0.647141866169594,-0.6733133724503606,-0.6761555621027836,-0.6885463439398843,-0.7153491721496247,-0.7451454709143551,-0.7664550661214599,-0.7772340798461993,-0.7856461810804434,-0.7819236607247086,-0.7414133114996199,-0.6566236430444022,-0.5541346476957841,-0.4507685629515513,-0.35247578758875264,-0.26758064172267865,-0.19744407795997318,-0.13988689419147254,-0.08233968930954326,-0.011913947079306974,0.07107963910417839,0.15659950376030457,0.23469051339409072,0.31388109603028674,0.4014503130998684,0.4892074035708247,0.5640600241019907,0.6152343810935755,0.6252043068004144,0.5668748004137035,0.4578442652865851,0.3684375704221055,0.3269457353692464,0.32609932456871854,0.3556104052733287,0.4027064524404294,0.4374577666151964,0.44660622966884383,0.45748096352672174,0.4729257117238129,0.4564040162719753,0.4292139684485415,0.4239753884776414,0.44630597008288453,0.48841127257885364,0.5281924014047029,0.5427778435975661,0.5395801836586623,0.5417782372901755,0.5667055423546222,0.6117402548313748,0.6135286005160986,0.5149521399299117,0.3834559242015314,0.28046316038590374,0.20618714411645117,0.15223145793140175,0.11250989330910453,0.07794341694110091,0.04095529862507202,-0.0025363669590616395,-0.0552001623190205,-0.1163224241003866,-0.1797201174153169,-0.23751500033532066,-0.29031863928084917,-0.33930440840583104,-0.38820311330913315,-0.43882486823491923,-0.48435523570993627,-0.522607206855914,-0.5562871131123504,-0.5918286747384252,-0.6264085004281198,-0.6555083658680412,-0.6819907372391653,-0.71600449671159,-0.7646414967498129,-0.8262627553785518,-0.8724528672837434,-0.8606776075797234,-0.799755138219794,-0.7307677989038167,-0.670244366805182,-0.6226777619150451,-0.5984867165088241,-0.6036916107632786,-0.6430254763919308,-0.7225275682145769,-0.809564115592797,-0.7964552468495284,-0.6775455936079777,-0.5599462477007286,-0.4683936336197953,-0.38982977095949617,-0.3130195179188738,-0.23762236746684268,-0.16640377470240691,-0.09192967947068735,-0.00828534424330934,0.09454696993590876,0.23320057758263227,0.4273163896156097,0.33379281613251294,0.20751236212526405,0.17635833845751778,0.21160566661870084,0.3716975829638121,0.6914134483726573,0.4400854512687244,0.3328081089565122,0.3068803507606731,0.3165826356421177,0.34943488400196215,0.398095561116367,0.4543444789983511,0.5085910644230406,0.562956562611648,0.6287762193323372,0.7079639974751016,0.7916616093030882,0.86903656807775,0.9233795513176029,0.9393409711215449,0.9105567862862359,0.8429350983022396,0.7218838207970233,0.5541489953004155,0.3864400854569199,0.25627563387602814,0.1676456849003252,0.11589917258113132,0.08694852743956312,0.0725304303130797,0.07070830028705055,0.08073009440240071,0.10543506903917034,0.15099808575784945,0.21883755640448127,0.2690829869155285,0.20347007107980522,0.0024216512800930685,-0.1476383354262092,-0.21441348763050092,-0.2502355185596753,-0.27915208244314516,-0.3104680936885232,-0.35164601248715077,-0.40497825513413904,-0.46471829375342527,-0.5172130976463596,-0.5622786234725877,-0.610812687974445,-0.6688690980195524,-0.7221737271351212,-0.7489586653681078,-0.7215109870038076,-0.6262894543306847,-0.5055264928221996,-0.4125889138357518,-0.35806150297784,-0.3385324562051078,-0.3506674420617848,-0.39429045361850895,-0.4717646587868666,-0.5792327720194911,-0.6711158771550515,-0.6788219540792299,-0.6342604926827777,-0.5918926220181667,-0.5577907173854081,-0.5267662176839422,-0.4842135347452545,-0.42132844702316946,-0.3458524424206066,-0.2680940368741834,-0.18983289409111484,-0.1091856281073641,-0.02647913222999878,0.050195716662257535,0.11969704376545807,0.17529864357945707,0.2233302590873634,0.2743749694021792,0.3266631013295188,0.38069988506859986,0.4318744388819225,0.48536561992587757,0.5573551874407886,0.6532177307224928,0.7559930960445747,0.8335177508840301,0.859962359817345,0.8487647792181231,0.8319264494673198,0.8378793342028794,0.86616924696401,0.8950459826016447,0.9136250338359811,0.9223417784369359,0.9162425449411299,0.9016848893362455,0.8864276963145993,0.8680970123172635,0.842314782296578,0.8140611799440591,0.7874449855368227,0.7739112208745995,0.7924772190761541,0.8324493934523304,0.6259612437041582,0.3287589137504438,0.18563697517256914,0.12169303499649921,0.09226759368197526,0.07826144645850008,0.06693698820888108,0.04103279983397854,-0.024192565587015484,-0.09895400163814762,-0.14533191775683912,-0.1704897812142475,-0.18653071293233578,-0.20475868037497155,-0.23476414280688293,-0.2774193801996933,-0.33470124042422494,-0.40116934216409605,-0.46392352620697425,-0.5089613360242241,-0.5273979739511874,-0.5248286575278338,-0.5100725006765922,-0.4921821242853631,-0.47634502442601623,-0.47012789070355315,-0.468409282432937,-0.4465027387371957,-0.3837704603286337,-0.3090848054715269,-0.25507861633882306,-0.22845752259770605,-0.2244451543679024,-0.24108705368619487,-0.276010366555149,-0.3266338285741781,-0.38541303481318084,-0.44122453539619844,-0.49723716240418,-0.5556408500594509,-0.5190820387277508,-0.37723823776111753,-0.28049574128003724,-0.2439564041398511,-0.24184857500024892,-0.2600976561281851,-0.2842278497402722,-0.27816251789175966,-0.20364868488156077,-0.07443099447011911,0.08274656195822129,0.22369675660012936,0.31008941374003135,0.3470821447920431,0.35451520720295826,0.346704833120514,0.3350374540767964,0.3265391586719234,0.3231269438820804,0.32562462041531953,0.32690751328395945,0.32468432037175754,0.32308775831939623,0.32678659896801426,0.3364370982171132,0.34878749445001145,0.3659158235326551,0.39749111704714735,0.4508976454997568,0.5286750906926841,0.6248906911700474,0.732475127647697,0.84657925385759,0.92430971425918,0.8723338511192845,0.7376168202688715,0.6291406824777288,0.5700202664405991,0.5524179538896022,0.5604192131588251,0.5743768038293835,0.569876888767563,0.5304798913884518,0.446386326735388,0.3290498421360566,0.203669587180695,0.09492373384681566,0.017005961417212865,-0.031164793832456423,-0.05972990527611297,-0.07938354105312988,-0.09870738133793011,-0.11961073056829698,-0.14368246733926712,-0.16733295711111917,-0.19212151391763646,-0.22085004031397382,-0.2571366291934989,-0.2993459856961988,-0.34683840028116264,-0.40207474682496985,-0.46116245733374184,-0.518646254098654,-0.5762637224379507,-0.6326950759283946,-0.686187993816307,-0.7372718710667092,-0.7842080001491621,-0.8210099952523373,-0.8425589573056763,-0.8474757944234871,-0.8387885226220766,-0.813615234904257,-0.772767802598142,-0.7216378678999759,-0.6778513482676102,-0.6472812396515241,-0.6241881031964789,-0.5960613478398217,-0.5621419611575821,-0.5267300325293178,-0.48356186952175473,-0.4172315224140459,-0.3328892116662955,-0.24825663275835086,-0.16451285685281436,-0.0791028827406565,0.0005637588610529895,0.05956065690347275,0.09093457645527825,0.11202463148671031,0.13805119193823723,0.19028839170577416,0.3232879840745718,0.7061557163795813,0.5530149810898154,0.3183527465257265,0.25062232982503313,0.2515622890440248,0.31129823985079824,0.4430023319714378,0.6118499476544205,0.6585941803631572,0.6108479063607094,0.5711384121810514,0.5313945470677451,0.47961647995551465,0.40777420596037406,0.3010712077204802,0.2158742886762145,0.1942796967087749,0.2607441622671405,0.4747464797241821,0.41920452284232307,0.31341004936868416,0.280384881821169,0.2778208658467837,0.29175681174191787,0.3171544558519099,0.35015526922845824,0.3877472750196185,0.42935508039134285,0.45768579138781407,0.4214474407910693,0.32261527656107675,0.22647874120813458,0.15425247032605793,0.09888357640275819,0.05240284734769897,0.0050361577824600216,-0.054530903023985916,-0.12866243843982142,-0.2056355526705727,-0.26759673773414067,-0.3169497665621036,-0.3646881637457091,-0.4179290665637902,-0.4748266888643391,-0.5447338098368005,-0.6293418796848436,-0.7167092817646415,-0.7830810680152143,-0.8195459067644384,-0.832115423438235,-0.8315187380191981,-0.8217915489719892,-0.801595227624944,-0.7763331612639163,-0.752120616667001,-0.7363717998114065,-0.7327696347863565,-0.7398521356678075,-0.7403214768540242,-0.7214703383948013,-0.6866955831517056,-0.6463115123540819,-0.6096328462935913,-0.5771514143155162,-0.5256094900532016,-0.42735755007731674,-0.30296801225321174,-0.19939836642722045,-0.13204294114253398,-0.09381976810315956,-0.07368684273505303,-0.06943684354827748,-0.07457348800463001,-0.0685136809623865,-0.047502413002485956,-0.02291916665465935,0.016259725876564976,0.07964025985389332,0.16493388134720466,0.24645665362306307,0.3112347754000542,0.3837659410497993,0.47872333789240096,0.5442664320327796,0.4756315959592907,0.36085995265380116,0.29327582250740675,0.27128848359836766,0.2915195693037399,0.3489020380964274,0.43642625901513105,0.5337626039353922,0.6169066045119961,0.6789813499908102,0.7112796230596403,0.702178764396037,0.6596563679739609,0.6052798589242248,0.5548148876979946,0.5144409799854828,0.4813175542219292,0.45898134289434755,0.4487395324417856,0.44449177089721087,0.4341017389761379,0.41127187624766265,0.3787397118499392,0.3424617605809597,0.30504554311216847,0.2659035288593241,0.22876558317881623,0.19036043991964954,0.15699480272401398,0.12989847836263926,0.08755212629012857,0.01562813171080572,-0.07924913659329608,-0.18487730307006645,-0.28913245955891964,-0.3912026085727188,-0.5051561472180974,-0.6331104397746029,-0.740790409339185,-0.7945815218249348,-0.8108248063276023,-0.8113392599982083,-0.7989594508569551,-0.7696596574225837,-0.7347100235301411,-0.7136603285732172,-0.7035707319816372,-0.6948486808624396,-0.6927644205992778,-0.7018875278444993,-0.7206312711330148,-0.7384024182466925,-0.753617155587166,-0.7672176014542265,-0.7768106354655528,-0.7738329686199292,-0.7518722329413471,-0.7188592070411107,-0.6837126367191886,-0.6437835316426018,-0.5977950748214187,-0.5462129958186893,-0.4843258460945375,-0.41549517193541674,-0.3479878518315524,-0.2849785358428947,-0.22333382048205186,-0.15499690412394768,-0.07220581075654442,0.02561416556847257,0.12533967859790843,0.2011537207542898,0.24144150260862557,0.2643694255922981,0.29684401649982267,0.34067646895755477,0.39351285260194224,0.4470028301152382,0.49380783017517144,0.5345924889432229,0.5768553334128724,0.627679699008289,0.6840654135104063,0.7346030076114406,0.7702742897770757,0.7841827243476248,0.7844941601585804,0.783068337094847,0.7894816388579746,0.8038209823191574,0.8171982768715674,0.8253860001304658,0.8254883939554332,0.8108781598179841,0.7806101011600287,0.7487462039915591,0.730828830861618,0.7303639467029435,0.7398569428304373,0.7371479339713572,0.701565609326704,0.63075677180909,0.5484263076039718,0.47679733883852665,0.4167987333158082,0.3635247145639782,0.3117923481124906,0.2153090925286552,0.05793561407207696,-0.0230294269338047,-0.05449882659143964,-0.07360791054472876,-0.1000545970018461,-0.1397414546953982,-0.1914320902030355,-0.24353893752919012,-0.25775543500299053,-0.2417293353400461,-0.22820186679046803,-0.2280585109397191,-0.2453973529291944,-0.2804463747142378,-0.3351377435717881,-0.41009903308674617,-0.5056809737214364,-0.6248677285339691,-0.7159097518135191,-0.6193455717455619,-0.45388802703653336,-0.35680333904722394,-0.3183092671966144,-0.3191200331484183,-0.3533654604529531,-0.4229827037417356,-0.5357326207120193,-0.685343407357659,-0.7958193625859578,-0.783677763962095,-0.7193289966385278,-0.6726259071197406,-0.6527746241813583,-0.6540426419049775,-0.6241916450929206,-0.47229480911926147,-0.3034456734712669,-0.20538118481011325,-0.1573573969573496,-0.1330985710856998,-0.11646502887457261,-0.09601111460918503,-0.06007157147691821,-0.009324240862906176,0.05516239824366924,0.14285309523450704,0.27285780396363135,0.37684249651747836,0.29581426877035083,0.23371285541049278,0.22010902429312082,0.23684218270351362,0.26800400749173553,0.3007987330728759,0.3281392178241452,0.35158473659617573,0.3760960813149931,0.40656725207655703,0.4439110301804799,0.4909752610367736,0.5463277565679264,0.6069008442800812,0.6687179162952951,0.7256935680420048,0.7619673774085625,0.760026840346628,0.7170407106305646,0.660716298370737,0.6202314118221016,0.6203171089524345,0.6748505850691283,0.77507210015139,0.8582938258330903,0.8075278099689513,0.6527326568513552,0.49843292827697017,0.3740321924000294,0.28349928757824666,0.21737260505888997,0.16403309927384493,0.10725653038791068,0.045446297125572806,-0.00904792524388157,-0.05014541510438924,-0.08105768743263601,-0.10648995888068562,-0.13323197570222622,-0.16773376075820942,-0.22340473670369979,-0.31131490111297966,-0.4200227993305604,-0.5251447857320444,-0.6021476611843349,-0.6331475718454436,-0.610061549337436,-0.5527939706003759,-0.4890058815613903,-0.43827035955879257,-0.41364139219306795,-0.41434395214364916,-0.43422074288853213,-0.4625370066616696,-0.491491416036457,-0.5148124320691534,-0.5307108532724932,-0.5469163795597688,-0.5687856323162713,-0.5930002111587621,-0.607269528980551,-0.6026098611324018,-0.5752620503146422,-0.5305465300889257,-0.47690105090620305,-0.42111342192730117,-0.36555902659001566,-0.3062933345479118,-0.2438314582064434,-0.1801136201474482,-0.11140790761913627,-0.03799061253380365,0.03558741688452632,0.10595796847690234,0.17082076743375663,0.22468949898196114,0.26495944139056643,0.3010348171464034,0.3444857319544316,0.40163177976923337,0.45407817975733383,0.4967889365663433,0.5298376390887002,0.571335940075378,0.6199565765615302,0.6580293312639489,0.6685381114114909,0.6555049467625479,0.6426198067470292,0.6507971220725365,0.6958329898556623,0.7589556311501957,0.7569972310256821,0.6828021940813496,0.6054648632285385,0.5267851574505003,0.44515007919580785,0.38991510868636825,0.3910094554808876,0.4936871376454976,0.7956568347375486,0.800827487915956,0.5069442662076816,0.3901067186233411,0.35264518343453743,0.3555466658291436,0.3872096530684216,0.44483474139581336,0.5254109175404775,0.6101917684478065,0.6266971719254767,0.44140728687247754,0.1822546789547102,0.01442524562556137,-0.07992110032860442,-0.13491379607043155,-0.16558102627621013,-0.18201004183077787,-0.19788706347611987,-0.21529119561965307,-0.23632132823998975,-0.2609966796339991,-0.28588752997367806,-0.30643386431070585,-0.3207209201841964,-0.3341081779629742,-0.35374244820243983,-0.3801223370789803,-0.3971008321760305,-0.41632226320179894,-0.4867420940656515,-0.625070041773423,-0.7041909268372706,-0.6220501833418041,-0.5222784748593798,-0.46037928157225516,-0.4310209425231291,-0.4202175894427146,-0.41110135135073783,-0.397113617091167,-0.38972609506001665,-0.4062135552206386,-0.4525985845567706,-0.4925882202374397,-0.41605687094336474,-0.2673330010282627,-0.16085992404189423,-0.10284546962266174,-0.07688840357658537,-0.0706707481047405,-0.07189102578784384,-0.07502254257789022,-0.07748545442439532,-0.07116695387234126,-0.034833998850688,0.03242178806180123,0.08694527643071866,0.1213605451397544,0.1553578926996347,0.20260815599657167,0.27153417216479137,0.37437884365369634,0.505197167595027,0.6341602385243774,0.711778754742899,0.6784729473377389,0.5709051730184966,0.4884326471843218,0.45885859054049355,0.4777613378266561,0.5388574892949771,0.6367853153917491,0.7579137097561066,0.8649565288638277,0.9110623495255491,0.9083777249676264,0.9009220522384144,0.9019371746362431,0.9019560869565308,0.8966539030043382,0.8871797174136085,0.8766286860635856,0.8624137243223323,0.840435280439747,0.8120817472804849,0.7779401619100539,0.7397083842131523,0.6850681980648574,0.6000367055563194,0.49610149895237227,0.41270078360803064,0.37059750671504577,0.36429431347655183,0.3637414231693248,0.3193258886454876,0.2194635118251767,0.10029795587530432,-0.0031817078236782196,-0.08730003868838267,-0.16375473975063345,-0.24890648253909933,-0.3522925143566997,-0.45909563395369174,-0.5523765665792992,-0.634099375647974,-0.7105956631793788,-0.773653663583755,-0.8182154502270683,-0.8424729419726713,-0.8510872043476911,-0.8523106820017707,-0.8523253284134028,-0.8514887345716354,-0.8446186775983825,-0.8313691741810958,-0.8009220907800969,-0.7418456255214839,-0.6600608748099182,-0.5786107147591796,-0.5106777274088817,-0.45243511598040714,-0.400404233039561,-0.35564459946700655,-0.3203653821059848,-0.2984604775813349,-0.29352917883591495,-0.3091664008094695,-0.3376634085273929,-0.3637589606734776,-0.362426237024886,-0.3258096513905591,-0.26113797560887997,-0.18536187596166456,-0.11527147949520328,-0.054957197089977004,0.0006695264461094233,0.0517323742690989,0.09676061468070353,0.13319999179442682,0.16308424643114167,0.187185270357138,0.21411270965132448,0.2523946828281672,0.30626284759119177,0.37739417276553683,0.46636879501573236,0.5670544509453483,0.6651513897423826,0.736234238868556,0.77866657513805,0.7977564233242546,0.7814870351838269,0.7169256654551972,0.6123051818546509,0.48973996338263714,0.3826139369183666,0.3055223658666959,0.2615112959228246,0.2462113407289304,0.2532067231208251,0.27468324112313947,0.30362662185461314,0.3308857624915525,0.35451227446933636,0.38508116055690556,0.4338943884155241,0.5016483135293461,0.5613654330132414,0.534491020779874,0.3948353480296586,0.24190556862373427,0.13446790182089216,0.06533950301237096,0.018183043937371895,-0.016584067258326868,-0.043559088948511133,-0.064612446581183,-0.08264436072408705,-0.10107153159923579,-0.12453127952401448,-0.14750562541591267,-0.16278586426566224,-0.17630954023378734,-0.1942334252251126,-0.22227889881940296,-0.2645628178297142,-0.3273231367123204,-0.42908810421171634,-0.6026302893357145,-0.751316151978969,-0.6529877866437476,-0.5232457676813614,-0.46010565490443217,-0.45315609899691683,-0.4999847863475135,-0.6144105955658683,-0.7691333424807822,-0.7690414717302327,-0.640136158920724,-0.5453396106504654,-0.4947309488908674,-0.46849475840918264,-0.4568979128563833,-0.4633125953612551,-0.49587675289186955,-0.5479941955953385,-0.5998715334719334,-0.6379226989938402,-0.6577183333717326,-0.6216668973150005,-0.5040168771883191,-0.35756946880314844,-0.23639701336848742,-0.13745009630492905,-0.05029364536211998,0.04267600114055962,0.12012018244107216,0.16249343667128338,0.1853784030341171,0.2083133886947019,0.23932101600814887,0.2799193376825647,0.3215059574774379,0.35832148433326444,0.39483758072278335,0.4413589391242712,0.5093396103741364,0.6002115780396913,0.7020862376390486,0.8002972090232052,0.8705886471138822,0.895934689670729,0.86765629340974,0.7976716244897513,0.7213388618557077,0.6698023508618796,0.653013177892452,0.6651776082499448,0.6932715361198521,0.7221518876850657,0.7315400231645294,0.7088660199136577,0.6594687660766461,0.6063981125457752,0.5610479067921985,0.5225996523925588,0.48445387051686356,0.43066112140178753,0.3453096837733155,0.25726696094930834,0.1926379406213665,0.15146512477630714,0.1246474020466312,0.10391309086601923,0.08011704213370335,0.04461053916086906,-0.00995680893796408,-0.08182844893051362,-0.15670064396185754,-0.2345764001918465,-0.3066242768946803,-0.36695371665252596,-0.4268428374987206,-0.4903208958301384,-0.5436795988147227,-0.5735728945549601,-0.5750029901179639,-0.55557416538638,-0.5336997052788801,-0.527672330313696,-0.5441824374745176,-0.5857171815409543,-0.6488607644209037,-0.7284273698507064,-0.813161584682229,-0.877005757814332,-0.8869215458362006,-0.8260730247213179,-0.7152941422793042,-0.5919362681784808,-0.47471851028802786,-0.36718915403554353,-0.2793255272646448,-0.21866648391420804,-0.183333090540554,-0.1692327362389948,-0.16928407035983747,-0.1784731543299009,-0.19385550030115353,-0.2160059156461491,-0.2541970665858783,-0.3217649045351565,-0.4069514483462336,-0.3993665540515777,-0.2251225547198462,-0.054148017047791305,0.07585517017592343,0.2005671827038547,0.3239624248221677,0.419475923904208,0.4455074324910584,0.4345374363643615,0.4211199311478701,0.4118649539132409,0.40633683868444853,0.40505793940766555,0.405716387397787,0.4103283880863356,0.4198741389359729,0.432568273330324,0.44687448931621093,0.4613682882801335,0.4775737564950087,0.4746862322287188,0.39612776933171384,0.2924122695340214,0.24575648552270346,0.2676164436177447,0.3778339354391547,0.49788785638390615,0.4294196380727736,0.367331479033634,0.35734991208305195,0.37352253769576066,0.3613109945070054,0.2862414500617091,0.2167791508838626,0.17938025929217094,0.1630112264265988,0.15467478413924293,0.14879852529745852,0.1457159020065612,0.13960080742289283,0.1195469907374153,0.07057918153072232,-0.002943074575410309,-0.09044272443635637,-0.17051979384192723,-0.23338077072347319,-0.2806850194077806,-0.3174400488742351,-0.3420575774372847,-0.3461891738243551,-0.3302573152214682,-0.3067432070908016,-0.29985886908477055,-0.32826611350343643,-0.40121840451123164,-0.5115847431408235,-0.6327108958379076,-0.7372903348589007,-0.8153997573512837,-0.8697985841593205,-0.9045119697223488,-0.9198134063218716,-0.9213776987278076,-0.9155407265177462,-0.9055454562850531,-0.8937994710625684,-0.8837595297108125,-0.8779986852061108,-0.8787009368728527,-0.8842694287039974,-0.8863485406944659,-0.861656234509457,-0.7854747712953278,-0.6423273935914158,-0.4627497301411882,-0.30134344559460363,-0.1844460091302249,-0.10618191319992737,-0.05423228108258358,-0.00893799717941883,0.04739429962040041,0.1412970874555076,0.2981571436467281,0.4099811479108184,0.35625507220133945,0.30104380129191627,0.27482173621072253,0.26092122753050256,0.25794653368820697,0.2819034492188827,0.34898387288178484,0.38719059832357094,0.33070995606158976,0.2877120865387877,0.27772451232202683,0.2920311387375622,0.3243624491244901,0.37889688158118007,0.45110204419963473,0.522042309419272,0.574110532467544,0.610802685250671,0.6498715751418187,0.698698159421406,0.7413019364723141,0.7466543939812751,0.7022682970912039,0.6318266844306919,0.5677758450017133,0.5226422038500508,0.4905916075888228,0.4574322061710142,0.4147552021951167,0.3607452580371422,0.30214557810360126,0.2496267067598579,0.2134621240150688,0.19318245776309279,0.17836598530949369,0.15239527792350402,0.09851156659948183,-0.09152472836639633,-0.22461195945394494,-0.21319174995491588,-0.2183406974155412,-0.23629083271224627,-0.26390308967522186,-0.2919419844805615,-0.3138539996700314,-0.34428824605456243,-0.397197311712226,-0.4900752553390537,-0.6176870032249551,-0.7131746021517972,-0.7245977822518342,-0.6972541267371473,-0.6777807011806217,-0.6677851371724141,-0.6557044159284267,-0.6379650871921614,-0.6218169722539131,-0.6102782129989724,-0.6061311338834002,-0.6089542970956326,-0.6177773210869596,-0.6253947299165625,-0.6226976721986466,-0.6075650750202243,-0.5813345278778486,-0.5468826920082459,-0.5041628696935063,-0.4584730451664201,-0.4127056968596176,-0.3666171035534371,-0.3096169262403646,-0.2464794096618857,-0.18737668458366433,-0.13809271259295444,-0.09971917687709304,-0.06759535449296926,-0.043114690700235124,-0.02846959780338788,-0.00763212326574077,0.08203750362266324,0.2765925097952552,0.476038128993341,0.554567728480201,0.5419096353688048,0.5154877381144578,0.5175843248488414,0.5699559401829357,0.6765920691241668,0.7729742445178257,0.7461966405917957,0.6404331021373774,0.5564067956708567,0.5173823887954697,0.5192127946424515,0.5598587382091845,0.6429800179417894,0.7546820744789112,0.8561781151669513,0.9207176676792822,0.9506353008494077,0.9586490639810048,0.9563777426499844,0.9512019693008628,0.9335471850763237,0.8801849051177997,0.8012273646559992,0.7395344190248434,0.7146633520793159,0.7205234945877137,0.7394555065355788,0.7516841971948778,0.7340622891984218,0.6686100929038399,0.5564318824439037,0.43181729842143407,0.3117949674475508,0.19064716403921678,0.07110618991887152,-0.03007451550165708,-0.10053460703525312,-0.14093779837109888,-0.16884811401404165,-0.203770228589771,-0.26201039225651696,-0.3450670523165434,-0.44379035925681865,-0.5614626211732492,-0.6853609032425841,-0.7712985607840314,-0.7741315081931139,-0.7247015842428108,-0.6734144693429598,-0.6316475962011289,-0.5906371014709905,-0.5494017625736624,-0.5178538471808631,-0.5029560463684511,-0.5146385390501879,-0.5562256652915304,-0.5962424319839963,-0.5698660515478821,-0.5134883711005749,-0.48584792373632774,-0.4953871482440129,-0.5360754135202086,-0.5995256353180003,-0.6793502419575085,-0.7586517242609273,-0.7745143055531165,-0.6889219478389838,-0.5484102664842948,-0.4109457386159023,-0.3042439333586767,-0.23550528060296286,-0.20009024248891794,-0.18855569836137445,-0.19293912941812735,-0.19913969678862578,-0.18530039888151842,-0.0997954691103272,0.023080086090708975,0.1024880027944838,0.15067938961288346,0.1932362185415009,0.2418376430159356,0.29847194879035616,0.35814629107317375,0.41871581652490897,0.4743163785438673,0.5198029645478288,0.5558315444977466,0.5879282786067632,0.6153045491256359,0.6387140691747585,0.6580966256813721,0.6860380860660369,0.7339443618137332,0.8073126565426308,0.8745773381388122,0.8720285189132795,0.8156331861070789,0.7722493108171895,0.755630180038079,0.752823584605298,0.7528869675652492,0.7483456601769346,0.7374831613696351,0.7234337025558769,0.701692796919129,0.6585456259552633,0.5930329409441155,0.5179880154216646,0.4409464281333397,0.3674589403025519,0.308290332722819,0.25673134508135215,0.20796868621678288,0.1524885208661378,0.08203735790729585,-0.007581461533763856,-0.10972194235598907,-0.21406028144365924,-0.3085132309172055,-0.3866822873286256,-0.44657189919769225,-0.49521856520559193,-0.5576033841140036,-0.63282564057375,-0.7068058787808069,-0.7579539251528608,-0.7813521620792709,-0.7743008389519602,-0.7340576235811652,-0.6763016639661595,-0.6238659215068056,-0.5895388437251798,-0.577898580992618,-0.577597234073323,-0.5738064347580879,-0.5598897828376379,-0.5447375611837701,-0.5393426557888564,-0.5496300665026788,-0.5688894060473624,-0.5819798913207189,-0.5753301106613936,-0.5591342273924153,-0.5605627003157213,-0.6112903756407676,-0.7020428583852686,-0.6738240699344054,-0.5090289817526651,-0.3912908342657088,-0.32492433780772756,-0.2764715911872983,-0.22141376968965343,-0.14268882881227443,-0.031116772262388473,0.08481908943136934,0.1813714259327245,0.2565734806424583,0.31165314970021074,0.3536394711897367,0.3930441650193315,0.4406139634801929,0.513867945329828,0.6310575242586508,0.7963347584316699,0.9196115726096585,0.9014989579365883,0.8292656698344224,0.8053998143742639,0.8405727292148554,0.8984778636085696,0.929053857073793,0.9221594014976625,0.9033800102322861,0.8974274664938015,0.900236292504334,0.8830370846190961,0.8211898446224148,0.7304770494149739,0.6488632852804639,0.5896017617279585,0.520319337833154,0.38492241085988865,0.2395542244036793,0.15480420098347789,0.12522024206928536,0.14028929673375326,0.23495790546906445,0.3861387967327684,0.2708819015963916,0.21108871550527483,0.188720229812628,0.17435364371391993,0.15294286359948836,0.1209892268498314,0.07371181012591377,-0.012469235351803635,-0.23021550988426004,-0.6134099315531605,-0.41974436818759053,-0.32941325563936746,-0.2962863634750028,-0.2905633088317088,-0.3006265277429802,-0.3244377784422475,-0.36089526032072955,-0.408791504925918,-0.46383254716525313,-0.5213231659310099,-0.5789628450035975,-0.6418400977501437,-0.7119551080981453,-0.7890957219052968,-0.8558777511049646,-0.8894107453169717,-0.8872651324306005,-0.8680174774710415,-0.8488814262760076,-0.8357743050092697,-0.8289120377088887,-0.8240599580361546,-0.8156902360786907,-0.801314318203501,-0.7840219244233997,-0.7696581883610969,-0.7506529776317441,-0.7127085387098503,-0.6633424115144456,-0.6227548981635141,-0.605439849306494,-0.6206320082600271,-0.6321532178372391,-0.5660331756042104,-0.4480107048695278,-0.2909227983148691,-0.10187758843751046,0.016071406203703887,0.08263492025472144,0.12212761922528662,0.1469157785727648,0.16726173289721466,0.18697658683173105,0.21081081122520107,0.24546748272753807,0.29174851064840746,0.32852639759744934,0.3140790564207118,0.2763885480221466,0.2664418761410797,0.3051412199303436,0.3964308540634741,0.529178793248746,0.66048119220558,0.7447960411749627,0.7731418565683713,0.7587575332276665,0.7181764521678372,0.6632055854354106,0.6052982075886743,0.5524073154839392,0.5115603195022501,0.4879939848221914,0.4801790239563661,0.48443749430637123,0.495619669701388,0.5040784519573678,0.5019432218152873,0.484116553339303,0.45552728018738003,0.42233042823853223,0.38793913206617675,0.3559412739602035,0.3258589134230566,0.2886265214411765,0.21727548624060197,0.0717360459205579,-0.09420181085060414,-0.2062214682286137,-0.27798742008892346,-0.3359766886895021,-0.38723666743106105,-0.43150278921957885,-0.471545120570072,-0.5114622572740694,-0.5523042672450698,-0.5796363015264083,-0.5791312184997067,-0.5651257968611324,-0.5695069923788263,-0.6112733527992406,-0.6914925563155472,-0.7938150724613855,-0.8785064460716088,-0.8874021448938694,-0.825764546537277,-0.7541570863190391,-0.7062505335187654,-0.6890057837521528,-0.7007560615019416,-0.7429877991217518,-0.8096114496587575,-0.8624704899214469,-0.8490060519125855,-0.7632697885851238,-0.6510944130478541,-0.5449736940646481,-0.4502349727363403,-0.3630082037392377,-0.2841205671656307,-0.22228159944566006,-0.1823698946706774,-0.15730898885243796,-0.1344996758304104,-0.11124572032732741,-0.08929637518320722,-0.06280424552312731,-0.0058491314016980035,0.06949128052900597,0.10076914197043814,0.10545862800526452,0.10854897479689249,0.1258773521826725,0.16536284406596885,0.21857199588745496,0.2553572763458505,0.26805378138677327,0.2788500312867293,0.3027709653303997,0.34262301629138353,0.3974382362541924,0.4658429640154597,0.5460320589072656,0.6345239486613865,0.7239883414925087,0.793351250576531,0.7967021049244333,0.7187138127146664,0.607660569125496,0.5124783538463488,0.4481480541839746,0.4134504772070468,0.39930717894108253,0.38974224205561075,0.3788271280979351,0.3708541177875767,0.37124006783817115,0.37762608799179437,0.3800633131474168,0.3708411252402255,0.34081173617452837,0.29586214566102775,0.23813957154603282,0.1713189487278798,0.10277109999523631,0.038033353413991465,-0.01326938080956218,-0.05671401355418238,-0.10277240111233098,-0.1481256865871592,-0.1952553759348641,-0.2404963850622094,-0.28108067481335247,-0.3164938898211566,-0.3557658266881345,-0.4033365187840647,-0.46429500592579676,-0.5404887055061592,-0.6313141624125701,-0.7290263656852527,-0.8065728492259899,-0.8380578809453685,-0.8261516182003524,-0.7933995212252699,-0.744414976938096,-0.6764156831913538,-0.6021741323849918,-0.5340155277447668,-0.47809587247645974,-0.44339969858130585,-0.4380746264741009,-0.457803837835229,-0.49233126045743986,-0.5355050451065032,-0.5815223658173696,-0.6112969475065002,-0.5344367767222852,-0.3454422478925837,-0.2057371940772769,-0.1402948071258573,-0.12038053276383405,-0.1195549785224479,-0.11426019143639819,-0.09181370017738447,-0.060373225504143806,-0.02720695735639411,0.003016281036159202,0.03007532327802948,0.05594881469374578,0.08396226263907298,0.11648570837419962,0.15539344155034374,0.19482541419523247,0.22312645615096632,0.25977105864326544,0.33716819357159505,0.4639109602561232,0.5469519946840576,0.5373323521292692,0.5127266758817667,0.49305741664861485,0.4765437436951548,0.47917444523889646,0.5224145938303594,0.6026571826240033,0.6205533170985732,0.5332606528290514,0.44936766144235574,0.40937282612880005,0.40466746105568396,0.4206588623482643,0.44378096661539507,0.4671313197865145,0.4873273203909137,0.500979234861771,0.5029362224992122,0.4874307113628908,0.4565253307128156,0.41626472999922215,0.37010300017985615,0.3131964874287995,0.25207533414820504,0.19915083498443362,0.1579408228667962,0.1323235091627017,0.1125898760266681,0.09274152582798084,0.06633175529983278,0.020534120001000977,-0.054948921037565865,-0.1471758099328515,-0.23348369061735905,-0.30074195407769533,-0.3467940706407067,-0.3786359818856688,-0.41000016645353327,-0.44961841831926563,-0.4873338806164521,-0.5176478155926777,-0.5449753067915909,-0.5713285211319217,-0.5963593113863958,-0.6245136579244384,-0.6626578796760875,-0.6864229450554913,-0.6569732733754091,-0.6236749035253247,-0.6429853330656431,-0.6985287753423695,-0.7441572525099902,-0.7487887033980332,-0.7233348903959035,-0.6817545530948476,-0.6387716919117824,-0.5954150485802762,-0.5495110318490141,-0.4989278989226846,-0.4416722461575142,-0.379634915698091,-0.3176538943771838,-0.26542264542405014,-0.22096075910059146,-0.18015723394563005,-0.12705760025448049,-0.06271892750265547,0.0064484624741079554,0.07453119539230714,0.15081006706144098,0.22689969862657583,0.2889817615649123,0.3413628255901242,0.39559619278571767,0.45611330503832176,0.5104517212934003,0.5459687428337228,0.5579608240227182,0.5576436099581815,0.5534053212761093,0.5543682209246755,0.5645054272481519,0.5866085110003317,0.617318180395482,0.6533833895914011,0.6880139671340479,0.7144198627335069,0.7263942669294661,0.7232865338523642,0.7130837554006642,0.7039403070400471,0.7053265283685829,0.7289285792542102,0.7840720248801624,0.8563356713142157,0.8812866265328451,0.7892102594591478,0.6182100768655664,0.4548629303628418,0.3249844709638363,0.2267252512289679,0.15484013222188375,0.10597913625383203,0.0725333252713719,0.04592578945731004,0.01285593721458451,-0.03068178013590593,-0.08063548438036838,-0.1271061754197105,-0.16031159149691146,-0.17619654124980455,-0.18459652942264843,-0.20126138079058362,-0.2463367938622091,-0.37980292794445186,-0.5512091005154895,-0.3416298131852558,-0.25087522408794133,-0.23491377243771247,-0.25917331245402125,-0.3174651923532901,-0.4063659133895599,-0.5166242993073582,-0.6252886877925975,-0.7103783798488122,-0.7706773738014062,-0.8199340237164279,-0.8650469797734169,-0.9080751154311689,-0.9365916374440888,-0.9418433606998635,-0.9250171803394817,-0.8880856646609802,-0.8330961763078849,-0.7672822925083185,-0.7055666719682068,-0.6624995204305832,-0.6443150022252514,-0.6404586629432035,-0.607861323096684,-0.4997109559855307,-0.3562385575876026,-0.24377367790560034,-0.1697220483219162,-0.11963988457053172,-0.08411243954095984,-0.055631536827149435,-0.017640465352871768,0.06752750948764602,0.18675177284296313,0.22734729833768005,0.23027520499477838,0.23332417959362756,0.25992208592045796,0.33250123490193806,0.492549527357681,0.758943318387335,0.7572358713748828,0.5881548725951367,0.5351414504441074,0.5720999089688261,0.6532123489057058,0.7078712729903048,0.7169990453581874,0.7390083652707898,0.7967366485901582,0.7736689074196123,0.6075611841238353,0.4609556426785051,0.3810817019978831,0.3511679546702924,0.3573482957182119,0.3891317639887685,0.4297380495936635,0.45900200061149987,0.47550964700711457,0.49549977878145474,0.5391039826717088,0.6265391846953399,0.7685603282373842,0.9008174662710501,0.8154585072336186,0.5805034950876344,0.4129196567616592,0.32159503326545424,0.2676879656318763,0.20348182682712818,0.05733838008668946,-0.11100931439619058,-0.2008854499091628,-0.2486703289733796,-0.2799890232826697,-0.31181615653371314,-0.3611646318498262,-0.43403929251483486,-0.5324627699645247,-0.6340545141471569,-0.7074823184766643,-0.7528960422212163,-0.778291316849315,-0.7890319138482854,-0.7977928207779065,-0.8123881316426275,-0.8337506657452086,-0.855722986826972,-0.8729923514136219,-0.8848953075154216,-0.8907086340097012,-0.8886884201290518,-0.8668472450561038,-0.8097236254648088,-0.7326979003718705,-0.6795661209888465,-0.6722829033278027,-0.7085678166987263,-0.7567440809343877,-0.7851127366004695,-0.7808725789996586,-0.7461806973040344,-0.6705814267574741,-0.5476006269026656,-0.4105163767757859,-0.29857293128984425,-0.22070661595575441,-0.1626679795979541,-0.10535146562657956,-0.024167162240447067,0.08136509508441735,0.18607722571610033,0.28568608450500416,0.3755595358678026,0.37923504404545266,0.31630993210556824,0.2757238783924708,0.26728146024146177,0.2823743643304492,0.3217711886494978,0.38493469866399366,0.4621132263448894,0.5330702402094211,0.5860191068621746,0.6265229896884321,0.6524321374284102,0.6593218647123518,0.6588742938361262,0.662024625736485,0.682424522160563,0.7367246517384625,0.7425510633053938,0.5370937001610938,0.34782557950803583,0.262608249778776,0.22993685751285453,0.2169087405992422,0.21196648117806474,0.21558406096101226,0.229656199279176,0.23805959014407624,0.20283254670150178,0.1445244005058576,0.10686324789613054,0.08917512396029784,0.08311155010012851,0.08140657682155308,0.08467732255688101,0.07990742602553921,0.0526753604087961,-0.003915646109132173,-0.07273480225328748,-0.1390886678122212,-0.19018252380637646,-0.23179180497920276,-0.27101954664699074,-0.31123288189425624,-0.3544835194960858,-0.4037688081403193,-0.45853699625773386,-0.5164654767183555,-0.5733377678454408,-0.6237310272501083,-0.6672848886501718,-0.7015339105632391,-0.7328710650452499,-0.7561246992496939,-0.7635446691566818,-0.7516978456530945,-0.7216907187848777,-0.6793581919398395,-0.6372261350751798,-0.6121362528661747,-0.6101572885453168,-0.6284398547258776,-0.6603707807212356,-0.6963090554542674,-0.7212351146358477,-0.7311233858952177,-0.7382355404914261,-0.7475404448779197,-0.7463889206088946,-0.7026789397424491,-0.6040123048565635,-0.4891862464160091,-0.41152122071813607,-0.3752100549315983,-0.3228663779817476,-0.19842645410404908,-0.0822064200036572,-0.0071087268033250385,0.047439444522411646,0.08794656297590299,0.12764249093037483,0.1748175565050736,0.24015639178555254,0.3341323491644205,0.46772998451566317,0.5466324720475633,0.4649978329145309,0.3849464976955614,0.3571680842958262,0.3683494693910677,0.40813090439753824,0.46447277079178456,0.5244728751594235,0.5796119562273481,0.629759098681136,0.679825350661527,0.7223643110207943,0.7385714872556763,0.736452777779885,0.7375406236592027,0.7529192931698363,0.7764325967103252,0.8033295069838132,0.833106715249104,0.8672359158095079,0.8931918997136474,0.8984136038895525,0.8779759421468093,0.8265364616800602,0.7387426630886432,0.6174271282613683,0.4900836050529009,0.3861852314077283,0.3124419198456808,0.25905439157757615,0.2121619770089878,0.1649497501220939,0.11636308818999287,0.05683724790351724,-0.019776288155858187,-0.12211021159125036,-0.2401879360104716,-0.35156980501064267,-0.44056523358255856,-0.5122336763379849,-0.5729808649236049,-0.6271869007317937,-0.6678033017362152,-0.695182977168994,-0.7027405294882665,-0.687438625360331,-0.6658814503637882,-0.6560949093048648,-0.6674323113658936,-0.6958951368718532,-0.7307418597005735,-0.7651595730737369,-0.7995430827538403,-0.8275039867478184,-0.8199492445777798,-0.7583263597786095,-0.6712862747231974,-0.596305795645385,-0.5419721309281055,-0.5031122267462643,-0.47721475314601425,-0.4750953944877554,-0.5083532315369595,-0.580919971941135,-0.683408635392184,-0.8029872226551916,-0.9168675767878735,-0.8182339761636542,-0.5486391711999683,-0.3941302781127724,-0.3478676770231666,-0.4137869050748558,-0.29211583708048844,-0.031785495586268336,0.04797373242753084,0.08944295890045657,0.12107854664139509,0.1502720079407857,0.1798857204193268,0.20891157559578638,0.23841421907114685,0.2785757272129619,0.3423804705829951,0.41546403407422805,0.4667125181190536,0.505587311336181,0.5637639589848691,0.6521672297254031,0.7482846412397621,0.8263866570524412,0.8847361096739461,0.9235759149205758,0.9303631094190012,0.8461184521486143,0.6670741133464222,0.49703651943879185,0.3772004993339286,0.30015555521859294,0.2552807000859434,0.23346173608410314,0.22422987703824224,0.21697497533240492,0.20398243386414625,0.18273236088870387,0.162281694283702,0.14934361805638677,0.14658905264084232,0.15177210546896286,0.16767267908369687,0.19403647838687538,0.21820721473007315,0.20296039481752787,0.12314196670304503,-0.01656423886713483,-0.17151340492379613,-0.28244858616929785,-0.33649348225931425,-0.35658654464415035,-0.35660078315208754,-0.34794898431694576,-0.3483353247646723,-0.36760858680574976,-0.400423885387498,-0.41859428413087646,-0.42652858908907815,-0.4589121402087265,-0.48188134880398464,-0.4241494175618692,-0.3314847669592631,-0.25751561593912137,-0.20704970992577323,-0.1760178013916653,-0.1604596274890145,-0.15832802006927135,-0.16969077701788476,-0.19640134623900896,-0.2429126837082187,-0.31734805626661156,-0.42598314163129813,-0.5569141844922352,-0.6372798154906644,-0.5771765679745349,-0.4490658390910197,-0.3412117677164626,-0.27091723387337324,-0.23169959197107443,-0.21226343392633878,-0.20090606424655685,-0.18837501427205017,-0.1688288659590785,-0.12860758198555064,-0.07037748283999536,-0.004072773059361474,0.0577109359370618,0.11123445155668484,0.15644699111396695,0.1968741174065104,0.23358756850965484,0.2688421980287632,0.30131707663569374,0.33469109228701094,0.37099369627635503,0.4162044734932027,0.4747637949706206,0.5422032075980346,0.6033221974951688,0.6421449525583622,0.6551516996677942,0.6496125585743956,0.6383541500934913,0.6290512779345957,0.6207089133392668,0.6165934294415424,0.6366697535621605,0.6990304266281393,0.783618538656441,0.8236193888374647,0.8037673150924685,0.7868599352459342,0.7980127663241433,0.8220431394437645,0.8413235834854196,0.846986403493637,0.8324977049691631,0.7839884121290196,0.6988344473773267,0.5942670617743939,0.4891259478007415,0.3881718095996092,0.2898456269074808,0.19156368625129588,0.10236615227766996,0.03024284354016135,-0.023122695109284917,-0.06946183452521425,-0.1295233880047402,-0.20880725612807036,-0.3021915110515245,-0.38987831047824617,-0.4566279631407272,-0.5066797475986814,-0.5589758496191483,-0.628973265535897,-0.7070217901976392,-0.7736451826424912,-0.8187246441678225,-0.8447931011661033,-0.8514797917184048,-0.847531198169639,-0.8511560046809166,-0.865971735025897,-0.8819664723315079,-0.8879493819404146,-0.8825278858496511,-0.8759899006481914,-0.8763478644132673,-0.8733427799846976,-0.8516014932025402,-0.8076334384898401,-0.749362031265963,-0.6851222765661723,-0.6257351080101259,-0.5817592830227696,-0.5507520101701082,-0.5272944393588784,-0.5095960878107333,-0.49598156204341415,-0.4850356757885522,-0.471805865067646,-0.450578975283727,-0.408334724826959,-0.3399602489227597,-0.23929179768755784,-0.08794880993531963,0.07159884877049297,0.17877156509421005,0.24033893137525505,0.278738991756272,0.3056452606550687,0.3389146401912872,0.3961688423187118,0.4851030702895844,0.5798876796196424,0.652851816506533,0.6913717463680129,0.7067609545128188,0.7150693517261414,0.7263553145310306,0.7430751650580288,0.7651129580833392,0.7931841177350815,0.816146637791353,0.8264637181662249,0.8233024715224978,0.8149372852884141,0.8082479607025698,0.8044638668137986,0.8043792114861475,0.8126898122985616,0.831765122303033,0.8376743278880938,0.7805884559563325,0.632500298376589,0.46937358477903285,0.35717627541452895,0.29810676369171635,0.2715718866682551,0.25851738602039803,0.24343913713973858,0.20296992929824637,0.13513724178333428,0.06585303839878615,0.0074415152174935285,-0.044380247756759236,-0.09341766918449129,-0.15218563086637316,-0.2312413079169164,-0.3243096973502954,-0.42068716329954503,-0.5152269585204644,-0.6346235577298228,-0.8329039508094944,-0.966088726255448,-0.7941563090185946,-0.6020881212336391,-0.47898913537483034,-0.40362196945673173,-0.36262759162473185,-0.34499712842624203,-0.34603098377820457,-0.36572599075941953,-0.41006316321613245,-0.48686965941382243,-0.6000354820793133,-0.7349642203087273,-0.8464903871582974,-0.9062195762960717,-0.9196219762111932,-0.8957190451027582,-0.8388585759430924,-0.7816283666195667,-0.7582711633923118,-0.7232800013650372,-0.5628492690914987,-0.36478670518826517,-0.2447442620207829,-0.18217533839556108,-0.1446843668786643,-0.11233019291419494,-0.06716563309510315,-0.0035000170675987593,0.0630820013930625,0.11346158414858622,0.14950639224431886,0.18634415714849467,0.23422905933654456,0.2984667991572046,0.45629590446226664,0.693863767124902,0.39925101299193244,0.28515159960001835,0.2573469349411122,0.26439504374226985,0.29371239279622874,0.3478584537994349,0.43071845328265485,0.5435166060312202,0.6655299193526059,0.7605923476841362,0.8073479747606315,0.8161940830499914,0.8037117055133701,0.784912722206605,0.7797180820790002,0.7925817393363603,0.8180015383386776,0.8426106892709446,0.8474191370219527,0.8178406471128761,0.7472533916888486,0.6374073565222688,0.5030538507103833,0.37854533006398855,0.28228156755982825,0.21902917796132412,0.18720880045251653,0.17845624003139726,0.18474727004320798,0.19980501782783475,0.2127963624161276,0.20899329729897492,0.17309420403092513,0.09738082981943484,-0.0029860908672112514,-0.08970068800507945,-0.14284649306960887,-0.18429780569757048,-0.23153007854859559,-0.28199010673641667,-0.33422146730339547,-0.38174731282156327,-0.42551117978312175,-0.4654549221621192,-0.49782681678170987,-0.5168198583450314,-0.526511590173017,-0.5353642974398034,-0.5434919261905707,-0.5521713830822391,-0.5710299096832548,-0.6261582076723903,-0.7147024570411882,-0.7650309252282802,-0.7321670812844007,-0.686998246963635,-0.6796177526401455,-0.7122821625907438,-0.7662399393043758,-0.7840056480977936,-0.7483690318114716,-0.73797810994856,-0.7928741950558118,-0.8314431607422803,-0.6843574863491061,-0.49487748786832464,-0.3879129302743243,-0.3401214401338365,-0.3273985674484892,-0.33530094381248265,-0.35209541818774526,-0.36472729226183154,-0.33400542872934674,-0.18678899470884888,0.0024545160252259137,0.1103115485817931,0.16697889850320302,0.2064584661926709,0.24744653046917306,0.29306403150070354,0.3304121989171479,0.36004905609639565,0.4054316128687166,0.495131001269293,0.6354302889128091,0.7120961654032689,0.6669985068876693,0.6189554869909467
-0.10325412790919411,-0.17444296772338044,-0.2253906899078374,-0.2683854447084081,-0.29938768132791804,-0.30422404881945114,-0.27445837401834383,-0.21947964010225274,-0.16151953438492112,-0.11680997302255493,-0.08981348222768297,-0.08232770522202519,-0.09160367741118824,-0.11043529539038346,-0.1348956084049002,-0.16373862772018147,-0.198756446721664,-0.24356940480601194,-0.30275647750569595,-0.3705444991650032,-0.4267578226958552,-0.46339826704184717,-0.4846700176371671,-0.4490854404845481,-0.32157057135836903,-0.19510236176585719,-0.12093875063105185,-0.08871255555058871,-0.0793426331799751,-0.08732783057637784,-0.11398437031111174,-0.16136749714020537,-0.21466958604397068,-0.2574589868519107,-0.27609046394160547,-0.25568815273155626,-0.18035169669075687,-0.05316433300143427,0.09083838370053586,0.20890380014498608,0.2859127012611388,0.33165743545778426,0.3504992721078991,0.3428789981221513,0.31398840079349194,0.27211686708424226,0.2223660823581369,0.16520466813116713,0.10446240642352443,0.0480621711442087,0.0013608572346733919,-0.03252762822705298,-0.05393552344061597,-0.05753456498863224,-0.0403207628578204,-0.005362517052224958,0.041005259342476785,0.10770750359237696,0.21183244870275447,0.3116194212872657,0.2664120724455572,0.14633462658196347,-0.08710265145362095,-0.5797562341093497,-0.6427706361991076,-0.5118776580162154,-0.30506115984175186,0.17230568311475833,0.8219922043349913,0.941190669490428,0.8787783634397934,0.7863498327355205,0.67618813908348,0.5600376082593452,0.46739617818125845,0.4281627552077476,0.4492131601093679,0.5040693592620068,0.5269067580649835,0.4485214440499847,0.3295896905416331,0.2638267605488236,0.22509003387562482,0.11999468781953138,-0.15766317934922267,-0.521297555310671,-0.7075506730575716,-0.757680341804198,-0.7543367394067422,-0.7273938364915427,-0.6876923998519322,-0.6426467567660645,-0.5940088912763687,-0.5369943695158333,-0.47158242460518857,-0.40764979907409754,-0.3557395702628143,-0.3210147433499056,-0.2992139908103816,-0.2814537377767488,-0.2670120217214235,-0.2574447937834784,-0.2572479244693027,-0.2694172787125115,-0.2950462809794139,-0.3276498586828982,-0.35790345975472954,-0.3832087093059692,-0.4189976339559062,-0.48049811282666405,-0.5329364157822023,-0.5029626078890401,-0.41604630401666254,-0.3179564669806424,-0.21493883856339027,-0.10517882063351323,-0.00011121336499013719,0.09133308648100216,0.15299712720842976,0.17509946325456294,0.16271971324001447,0.13468683402453485,0.10881656749026244,0.08966019641435476,0.06688319812495094,0.02435719713392117,-0.07370850586801814,-0.2156324737026608,-0.30309318681351427,-0.34474651790065464,-0.3772013309384399,-0.4110953988047895,-0.4361342696515873,-0.41146596905364385,-0.2798610696628909,0.027621965624608037,0.491841504632412,0.8374372141371544,0.9309089171656403,0.8885473689569777,0.7944451280517794,0.6862667039413407,0.587782239165101,0.5137924953385463,0.4696883029504593,0.4489506655703828,0.43635175532599313,0.4143203379061292,0.369164265794431,0.29940845280063416,0.21889841926649753,0.14636705673133443,0.08762436792346867,0.03694358230978241,-0.015566026120763233,-0.07756683814804617,-0.1403545521524478,-0.18430220720505613,-0.19913687530407612,-0.20536058812899138,-0.2259668468605758,-0.2825984397276102,-0.36395769312675563,-0.4193046479769387,-0.43151798430499805,-0.4191166369628183,-0.39057495163849526,-0.3574024005224153,-0.32751441224669314,-0.30967287309886493,-0.3095825385537071,-0.3167850890234382,-0.31922905778521476,-0.35432948465971803,-0.42803617325462173,-0.5161315278098129,-0.6004716448582001,-0.6774485078441952,-0.7432015880459434,-0.7890466802306958,-0.8194480945979369,-0.8473656141855017,-0.854247991925174,-0.7855212993135948,-0.6755873823051818,-0.6016307545460807,-0.5749615919022915,-0.5763719868739033,-0.586603902938397,-0.5939542979158159,-0.5903814658676534,-0.5763347167021033,-0.5537642854487761,-0.5204570868038007,-0.4495405120470132,-0.3143574987569365,-0.15151874552335587,-0.0311203205039501,0.03202107159307692,0.06468226329556546,0.09237509293980246,0.11772690881476193,0.1301000569817656,0.12238101991006832,0.09548708529582106,0.06653564885682121,0.05764087464890042,0.07776719898454561,0.12067624445522468,0.17510617785094826,0.23494340023599136,0.2903519522234168,0.3402240725110172,0.38945845277885166,0.44438730450505654,0.5042569685348343,0.5791245704324047,0.6580808493061221,0.6874853507721745,0.6496436037819836,0.5756430922202573,0.5017645710480974,0.4478763861353179,0.4210667367792136,0.43746448523048664,0.5265142619642686,0.7500752693220493,0.8339286548467411,0.44819105117901203,0.26571869515370267,0.19035704256465663,0.1547956680648356,0.1426932722501509,0.14797016490804576,0.16417277244318898,0.1829898700290051,0.20180917002396778,0.22415482293364683,0.25118405316952847,0.27518767271697697,0.2826017218285369,0.26358551216465953,0.2322800877921069,0.20286554379174354,0.17837782546668338,0.14781083472099488,0.11948753809719107,0.09443786986997166,0.06749515488709115,0.02846108546080531,-0.024274927543365236,-0.09021294976576301,-0.15542120525262304,-0.2032368785230741,-0.22348634101560158,-0.23185859311855753,-0.24569973262878098,-0.27349134485070037,-0.3060719979473135,-0.3434050686163781,-0.38980609434943764,-0.44321240578889665,-0.5017488496211863,-0.535317387877949,-0.5039235279727576,-0.428946490353258,-0.362606433976138,-0.3287072430572276,-0.323089562044931,-0.3305471622057938,-0.33919220326511745,-0.34550886240145723,-0.35026785658180504,-0.3653380112602175,-0.4045478911328447,-0.4533700512462693,-0.43399772427959415,-0.3409313050521222,-0.24326147180022623,-0.16066544387202022,-0.09066252075847045,-0.031800905771399525,0.0160417696039772,0.05513539513551916,0.08778165699630723,0.11518404440205689,0.13154469748347689,0.13871291819478493,0.1479506877503088,0.17615448713555534,0.22711533239161796,0.282396678589998,0.32386892265369444,0.3500577530156545,0.3716893970847388,0.40311942306339305,0.44857942121135047,0.4989799749668962,0.5458924955165765,0.5798067704908773,0.5801506947006745,0.5231677952060861,0.4133987304116644,0.29143464005772823,0.18856149159489477,0.11705306891629982,0.07625581550757816,0.05727698457884417,0.05254166652252461,0.0585621770619013,0.07892749638998721,0.13297751567523458,0.2568613253623544,0.35141737687606966,0.28410443228422505,0.2391680534080935,0.2318045137595622,0.2558751501051543,0.2797169393685938,0.25227796927075924,0.19752026073030743,0.11828607775199625,-0.012830116721408845,-0.22114791280894427,-0.4808937606319819,-0.6976754865704888,-0.8161167070205889,-0.8581371738683581,-0.853796276200842,-0.817931662717013,-0.7524148231481267,-0.6562893691289045,-0.5433051241880547,-0.44213224809638657,-0.36949401946671495,-0.31856670118764174,-0.27634955884888307,-0.23533223773174283,-0.1859581615973148,-0.12080209061458289,-0.04429330804676386,0.029786243639387318,0.08585376776873216,0.11364552921028247,0.11035810237184286,0.07836304256026654,0.016885691396366035,-0.08086665173942414,-0.2019176744521988,-0.30397717803158103,-0.3519751351966209,-0.34154998400754905,-0.275680540418707,-0.16680794422681428,-0.04698391130097945,0.04448243003037663,0.0940109218763845,0.10562372865166104,0.09094610000823038,0.06664538043954309,0.057405290682164246,0.07875686404274322,0.10836576887310097,0.08879512624354581,-0.06330918659165014,-0.24295501704719422,-0.2985973157681167,-0.251914298492932,-0.061321779703052096,0.29823997203919295,0.5246974071619689,0.5711710426498685,0.5608524476286256,0.5380587499333594,0.5205545976763256,0.5148152123253652,0.5179913406038187,0.520517113198008,0.5288780189694454,0.5743489321530835,0.6798424084665654,0.8068793968388619,0.8945496275388816,0.938158312038918,0.9563790613074933,0.9657657651337912,0.971726723537637,0.9704904013906585,0.955276514966689,0.8898015928473816,0.5398266886595996,-0.27765106435139786,-0.5995016096722591,-0.6676898633589721,-0.6619356565368315,-0.6189200480185267,-0.5348697268372076,-0.4178304501864078,-0.30777443549580075,-0.22877904537462035,-0.17813437097170243,-0.14559477339414417,-0.12482414914098883,-0.11259642753655129,-0.11385063997542379,-0.13477853276111312,-0.17169097516928225,-0.20787862232382448,-0.22094665270047584,-0.20788555378237986,-0.1948492960319097,-0.18920099254123726,-0.18637410469601223,-0.1792694268673169,-0.16363219233281834,-0.14421044462947524,-0.12140698134581382,-0.09432555246032208,-0.06520924489071858,-0.03928640975683384,-0.038916630720627204,-0.09776813011553892,-0.21267508199379773,-0.3233789575345259,-0.4127706875223177,-0.4860802880646653,-0.540490889330977,-0.5711689562701576,-0.5760496958745234,-0.5560491188030731,-0.5223187919226844,-0.48350010477036437,-0.44589485501275067,-0.4089760517669961,-0.3710624631067611,-0.3185172338804854,-0.24071415696058862,-0.1342568004334439,-0.00011544879878305414,0.1295333431581229,0.19775314912554295,0.18001802215015827,0.08194162228726444,-0.07243551355388111,-0.19437544832538486,-0.21914766958388565,-0.14687964728828615,0.022954137788542977,0.29450898548472604,0.5678860602579062,0.6788278232493805,0.5911725545490363,0.3263340019765601,0.1066209372870181,0.16991903346145584,0.39710648978635693,0.5800407290402069,0.6702297278118786,0.6868575610503433,0.611982233398314,0.42438041352781125,0.22281191950878457,0.08672872799614967,-0.0002450535375830018,-0.06394442802507436,-0.1147102697635273,-0.15067053415352924,-0.15509957031074015,-0.10349744372750097,-0.00777881729676987,0.07042477255603431,0.09265601014433755,0.09348431466689666,0.09187851380257851,0.09324947856303756,0.09936488697246156,0.1094246462673351,0.11630441849809232,0.11212195784056804,0.09078268695394921,0.06399395677556455,0.05309589668231673,0.06901811936183866,0.11044353795830689,0.1699235983482885,0.22584827130266408,0.2526964104916692,0.2407561498855297,0.1941545535947987,0.12351696717416971,0.048494974925088946,-0.013467631937611295,-0.05783413141099088,-0.09108794258346535,-0.12193801111177287,-0.15490245135201228,-0.19225778808188163,-0.23092272132145394,-0.270792922537007,-0.30241597629792566,-0.31781367376618325,-0.31170461108043307,-0.292601138087454,-0.27273840523587717,-0.26554408429580256,-0.2774372311837506,-0.3096156522810855,-0.36343432671832004,-0.424985412773836,-0.42240779608757434,-0.3493655365755711,-0.2843102891664077,-0.24142055560449688,-0.21235901016656522,-0.18991438694077423,-0.17011759146004332,-0.153480229719479,-0.14090183157454367,-0.12982279530061128,-0.10797951807392939,-0.048991701359444396,0.053681179117804956,0.14532277965398635,0.19974224029192975,0.2207960317823531,0.21045953671924836,0.18316279618292658,0.15425512710392633,0.1337464678152788,0.12672525056386533,0.14013581073654294,0.18035798344907597,0.2478625463776689,0.3350430736966533,0.4231950038590397,0.49079180468537464,0.5288346985190113,0.5451968883142471,0.5446999341344414,0.5312763312576598,0.5085740157872267,0.48341129025403534,0.46515636876966715,0.45618074858510954,0.4544962784097096,0.4525404334079775,0.4522206783896033,0.4448532936885387,0.42794677394329683,0.40587309784335307,0.38514506481303745,0.369269893934724,0.3597142643985451,0.3503610301145915,0.3299582168461606,0.28610767046301167,0.21995182692955006,0.1558192092891506,0.11048695830343758,0.09020064855904682,0.09174595860827872,0.10414037972951375,0.11290865834762442,0.10403865423129323,0.07061390899203213,0.01491039600276061,-0.05845440395061518,-0.1336232445262303,-0.1991121973481098,-0.2552378993136045,-0.30460349888823274,-0.3540120304980661,-0.4026273619149779,-0.439623478207471,-0.4513669080554542,-0.4363590192980364,-0.40684873823266804,-0.3705331398093357,-0.33478073633474853,-0.3073132336552834,-0.29622760658997405,-0.30642995047101473,-0.34504409443287737,-0.4113644625790318,-0.4746215520952072,-0.48373659430530846,-0.45262916072025405,-0.4094558401185576,-0.36054224812970054,-0.31459658507588584,-0.28836458040897106,-0.28794901579084015,-0.31239927697371017,-0.36003852299466993,-0.3969525752338233,-0.38215517149669803,-0.3409355607139111,-0.29628025572562516,-0.23621771993451482,-0.15295846275300687,-0.07517500948221062,-0.02885988235291298,-0.003317445707640646,0.011709253819701018,0.02516385796446533,0.045708447123673175,0.07990509670262098,0.13454117674282934,0.21432571808911818,0.31132504330944755,0.4055534187645791,0.4642577039428743,0.48135539942055977,0.47388227312729997,0.4636182273926409,0.4629287552410537,0.46520212328275706,0.4662028512941344,0.4650555217739449,0.4541392910166074,0.4244139878923522,0.37039228469379487,0.29782356734664106,0.23157371690880096,0.19143465079362623,0.14755861841809012,-0.02137278729960928,-0.5253146715626527,-0.7249310209742048,-0.6872226716060456,-0.5990481143576691,0.014111426876026147,0.68109758757008,0.7266274509918575,0.7319880686964321,0.7261876462856163,0.7079971162332601,0.6732581942424924,0.6191468544930815,0.5460470481261184,0.45750089083643647,0.3559447847481309,0.24858848163601954,0.14752077330162516,0.07634345865362528,0.04555270626050843,0.04826080483574035,0.061114671873174944,0.060454172494552046,0.03214361873326557,-0.027688582714118563,-0.1123018880490127,-0.19355974661379907,-0.24873982464375569,-0.2798620606757143,-0.3088474485178977,-0.34907938052283294,-0.3869103549498306,-0.4086787221115905,-0.41491143712619577,-0.39988336128737706,-0.370292413786073,-0.3302628545099651,-0.280185643306834,-0.22688954856843985,-0.18094923096031612,-0.15174507769934018,-0.13902835792952778,-0.12671432730923826,-0.10118426038837093,-0.07371772437223775,-0.05975428352247176,-0.0627821450508249,-0.07802011845525533,-0.10045626978566748,-0.12663690421137527,-0.15581388861704046,-0.18733244593476273,-0.2308071072443482,-0.3144632562709993,-0.43645308590798815,-0.563538383399337,-0.6626172031971516,-0.7204722880425634,-0.735924146625753,-0.7117937589556939,-0.6530347537522826,-0.5699284308460727,-0.4741510072770976,-0.37582315889306334,-0.273455271848276,-0.14298483919563357,0.05744663709460745,0.297032374169824,0.4646315505823412,0.5721005173611399,0.6607939056247915,0.7165463923725257,0.6954784213677312,0.6185550667080948,0.5517602048187271,0.5212809839996098,0.5236315991620145,0.550283511401475,0.5889507762072889,0.6275838670847537,0.6622031151181216,0.6948241502550708,0.7311538948370729,0.7706550214469099,0.804537868776048,0.8204560242363859,0.8067737694748227,0.7444441259197795,0.5883823446649931,0.25856028837044615,-0.2047214667844628,-0.5454724610779947,-0.7086547482603203,-0.7721069804493627,-0.780357642495814,-0.729718575289998,-0.595399941368327,-0.4182259391442217,-0.2790397167663782,-0.17632118027173796,-0.0842566444261927,-0.0023455531248724494,0.06289484391458289,0.10827949904091397,0.12755788622510258,0.12344947552140552,0.10603200942633861,0.08374442261459678,0.0610897220419877,0.038610400087593214,0.01521063133266245,-0.012621402064699751,-0.04988666823827051,-0.09283592425410957,-0.12848203540698405,-0.12872225112625052,-0.11632966928791505,-0.13224383438657034,-0.1727002781548915,-0.24016447382030204,-0.3200538846104445,-0.3957724428171715,-0.4394021396875977,-0.4110509817425676,-0.23937177965083722,0.06888206700481793,0.2962478664859319,0.38236696318016256,0.36940960362415953,0.28234887493244987,0.13259727980543867,-0.05713246649759921,-0.2298117053512674,-0.33945924888638007,-0.3976161527693348,-0.4324164829198485,-0.449993376788852,-0.4325361987047209,-0.3462344285668182,-0.12303038943907482,0.32081482642565773,0.7213113971990124,0.8187507984947974,0.7952641612394915,0.7476852484227869,0.7003142277753723,0.6636245188273608,0.6446474091068777,0.6399012247536187,0.6215360746895016,0.5379596345880457,0.40729167129448307,0.3176762416969444,0.29113171031469026,0.3137256715311343,0.3754650243755581,0.45694801051722106,0.4866973615111595,0.4502116887371603,0.41537215613069306,0.3893825218419361,0.36922719632002715,0.3530879818112195,0.33543178581740846,0.3037370023329603,0.24096171949505932,0.13028206953811441,-0.025913930531836483,-0.19067481143365064,-0.32667320844877556,-0.4167237112297667,-0.46605828261053117,-0.47737479632376384,-0.46196668554412074,-0.4224689995343725,-0.3482922045446709,-0.26235634565853927,-0.2039714391722878,-0.19362201767238296,-0.23523112827473058,-0.2914054377143189,-0.32109728375713936,-0.32694499104342056,-0.3194232382884375,-0.3115266483473682,-0.322921448431954,-0.3668970039709285,-0.4395922755380824,-0.5208445053228883,-0.5825683046472683,-0.6001013388288142,-0.5606689852282832,-0.44377392137761085,-0.20345117324052125,0.19993501576051081,0.6379190003991969,0.8988734008677886,0.8535688082382498,0.21123583686391803,-0.42776483194684417,-0.6752152334388748,-0.7638618364479596,-0.7890678788408033,-0.785729353601913,-0.7681087455909216,-0.7056327508606893,-0.5314301426476794,-0.37523915984749634,-0.30531645547218894,-0.279445316679368,-0.26917226187279586,-0.2600688021446297,-0.2435706154395636,-0.2174898560199519,-0.1919302869890331,-0.17278374405213007,-0.16522167487674555,-0.15622723368227073,-0.1326179900443946,-0.09793796484822256,-0.0684515779086551,-0.05502453339096854,-0.05755956492222704,-0.05996770646595431,-0.03642191157696826,0.035972967837234034,0.13627400840118145,0.21590512426377678,0.25263636592586897,0.26044884577944893,0.26614145475227746,0.29701291265962404,0.3530657561857794,0.4136743799910014,0.46823544705292247,0.5061713081463213,0.5266052575046399,0.5262859118531581,0.5145689304749768,0.5011328515775288,0.49243772078120246,0.48724930393519617,0.4788742443400607,0.46620014968830964,0.4499085402903593,0.4305152254215774,0.405002070203876,0.3724991377830453,0.3338390125221743,0.28758735909352284,0.24020136777688492,0.19069689267812476,0.1365652235053239,0.0756935831285374,0.004075250622272229,-0.0918310742096179,-0.2741393970002444,-0.5428786738464488,-0.6468544797123532,-0.627989404446828,-0.5670141534345364,-0.4381539470097908,-0.16181232196706571,0.2212105651935369,0.46349898685994084,0.5446992007999082,0.5376464930136955,0.47709659717033404,0.3780086529882849,0.24859512634992786,0.0974851183213633,-0.06916632031692718,-0.2640700465267554,-0.43863697591035516,-0.2814272437215824,-0.1501080785257966,-0.08905599769854479,-0.06307829957997722,-0.05458028385368165,-0.05747554963812293,-0.07103426566132745,-0.09596306233453429,-0.13296303927646222,-0.18575177616992725,-0.25103310291901204,-0.31312874813009023,-0.35259326193096413,-0.3624132453118048,-0.3521126037996487,-0.3290345718290942,-0.2950188101043401,-0.2575145122728272,-0.2302197190807384,-0.22902161343632207,-0.25702917318461815,-0.29472310603347684,-0.3129669926141416,-0.30315123858015247,-0.25969608143880635,-0.19612496023766043,-0.13758926129991558,-0.09361157697619495,-0.05769679609621455,-0.020548486904667172,0.029167258320041158,0.10595863667312105,0.22750525160620758,0.3916524322827609,0.5279112215594796,0.5692725086769594,0.5395266360450197,0.47018206182178823,0.37353432362902084,0.2800429639925365,0.23686350110642865,0.2524995552828984,0.3127120670528385,0.3835520193942253,0.42939582797286785,0.4486750974283754,0.43665665485685534,0.3940645707772196,0.33524163128031187,0.284355425165865,0.25249474039799047,0.2346263709832141,0.22561501890031951,0.2193474930221281,0.20966110876270122,0.1892131427188376,0.1651221709676151,0.15215483665154966,0.15684796681978563,0.17477610343031225,0.19228834249822016,0.1955985329316508,0.1782195957089918,0.1455993562464195,0.10917568489160313,0.07862810750405119,0.06458900262881218,0.06449100874541956,0.05851228564410784,0.02483749212405477,-0.029104246568316228,-0.08863726962714544,-0.12822744145691378,-0.14654434629818733,-0.16163078751309928,-0.1892657541854499,-0.24194910131219732,-0.311113148399714,-0.2757286380950163,-0.2019220688929579,-0.16732831573896556,-0.16757260477274943,-0.19551896795114548,-0.2458817936429542,-0.32911788876528,-0.4544837854689319,-0.5536903609134278,-0.5158609256049886,-0.4533203714608618,-0.4103366340217696,-0.36708510709642916,-0.31472873681044994,-0.2591156448379686,-0.21377373910563463,-0.18249765864523335,-0.16391292179052747,-0.15952477198156076,-0.1685981591358171,-0.1884822730346788,-0.2061863269990371,-0.20701618007080086,-0.1831960871612294,-0.12611184887267746,-0.03327957157895811,0.07950423756968711,0.1865947004585162,0.26822912343802524,0.31853617452745747,0.3496812177197812,0.3893557272852768,0.45580746562235347,0.5232343409747036,0.5147524490948271,0.33222676697617987,-0.008285362233517918,-0.2767417314865869,-0.39434599502691176,-0.4140609229213825,-0.3733981727943363,-0.29237322630617657,-0.18714595328778466,-0.07485476359695513,0.04242717653051686,0.17358670023457629,0.31440931564309216,0.4229677545373127,0.48517679021983207,0.5225815084594098,0.5456025567831954,0.5445040120804916,0.5095179819645727,0.4317979661230658,0.320734889820411,0.20509742493186925,0.11590850222326309,0.05746646304765936,0.022032662535883384,-0.001628670857986799,-0.011027712887103028,-0.010528662155917188,-0.005549991036615243,-0.002972386505809111,-0.012106178972946165,-0.03582272454711303,-0.07197019878256153,-0.11026946677550561,-0.13518499806682185,-0.14209025181255372,-0.14469278327113075,-0.16001988439991865,-0.1870049343379196,-0.22488262191592473,-0.2798771930320744,-0.3419896656024039,-0.4069077799124857,-0.4355473977185822,-0.40186355540618146,-0.3500784159321586,-0.3107150215750523,-0.27858271584092476,-0.23696680053274394,-0.15821553935688415,-0.052234753023825534,0.0019650071625539386,-0.022337811397853805,-0.1095674000490791,-0.19970756104367335,-0.2504446014735219,-0.24418721034297416,-0.18847616543099877,-0.09527046563421805,0.03638726709926424,0.16994792874238546,0.2601400547534048,0.28362539430175726,0.23563720446388814,0.12382277258400358,-0.0010263515864110501,-0.09733673836343162,-0.19182397377727645,-0.3319727561973026,-0.4791251965920798,-0.565656117984519,-0.589405588495953,-0.5515117659676991,-0.40608806655345325,-0.12991609297347056,0.12603634477825953,0.27609334231508004,0.35703978973254225,0.4022601759869986,0.42858371851394467,0.4418178191172333,0.4473802186338106,0.4516857838762295,0.4591552067820471,0.46196194242033467,0.4454161119784072,0.3950644814948744,0.3216832408732694,0.2506864699088433,0.20051203576525367,0.17659374175783787,0.18723105706911478,0.23537689257718236,0.3184882934517516,0.41410778086503336,0.4929486959966203,0.5328418630217417,0.5435097575834529,0.5432538164204268,0.5402326158247265,0.5246889627019952,0.4913089329605815,0.44159831734940225,0.3892755976074458,0.34777948267419795,0.30869623830165316,0.26369231731499426,0.21310674286516423,0.17682842265954776,0.15184111758160698,0.12838043458184645,0.0841991356272133,0.003610437970406526,-0.10847345559746714,-0.2403522152132091,-0.3728445559686425,-0.4913825556102579,-0.5716594503597091,-0.5891547402627143,-0.5155275379537055,-0.2749020407404793,0.16599808128012575,0.47660065203029484,0.5379674251082527,0.45909801169675496,0.26022261336025954,-0.08035734202788193,-0.5120011993921828,-0.7917297289683114,-0.8395824323317406,-0.8001189148312161,-0.7575319643471289,-0.7326853176925133,-0.7143586207117214,-0.6892291493582277,-0.6528886645862454,-0.6093305862551256,-0.5690880349324139,-0.536109313036113,-0.5124636145880332,-0.5059424106196148,-0.5098546739317918,-0.514250641959697,-0.5027953450967669,-0.4620801595932193,-0.3985264787867125,-0.3274462275309395,-0.2501654634667621,-0.1646194128580892,-0.06927987484588287,0.02931711659571292,0.11141945409292107,0.1651158205788703,0.1962826356428116,0.21291074564756773,0.2154570433554442,0.19549837445495144,0.1429935280419373,0.06512713544693041,-0.021550879124286566,-0.10238009304412303,-0.14989319383505803,-0.12467735091068964,-0.04418064105262667,0.036649165307631175,0.0985977550674471,0.1360931354625,0.1559560828821303,0.17143935789656126,0.19956943614165032,0.2435101613216398,0.30160865175648766,0.3701343172750362,0.4195683362053304,0.3943707122350689,0.3033533181063388,0.2076495931844812,0.1281074436020807,0.025409424708713508,-0.17583944770025794,-0.48906362559873373,-0.7006762102997472,-0.7299781270706897,-0.6098658458745672,-0.17917702315104234,0.3280367553768532,0.5684379510265439,0.6875912372405498,0.766175615019215,0.8281362560285245,0.8729342436959971,0.8916782029859014,0.8892841573050061,0.8697408843265579,0.8217398742044629,0.7162859246568148,0.5079438744324665,0.13341273742193513,-0.3514054308177938,-0.6523872068902858,-0.7607809986627546,-0.7763895082618699,-0.7438475919358718,-0.6855603096925923,-0.6237779905766694,-0.5819827977201159,-0.5828050872080964,-0.6483488118755087,-0.7743027361487147,-0.8366848094444098,-0.7426199377863768,-0.6277069767888033,-0.5481104746030151,-0.503432748290009,-0.4986032775780865,-0.5637227419103834,-0.5703097462445609,-0.38671965677133324,-0.29557901172012346,-0.2861225985682775,-0.311256642403606,-0.3425329787277295,-0.3621046901772516,-0.3648275104154225,-0.34848566764264155,-0.30296459561909933,-0.21793822843844438,-0.09223741341415043,0.04262408976408045,0.12340325591561285,0.13305811582757193,0.10945293350603583,0.08319936488930504,0.06427137501682782,0.05177217378946205,0.043081573021039946,0.037375185610080186,0.04108828339423092,0.057576037243518244,0.0928810901514602,0.1460778626198127,0.2136502655486509,0.28961129608299174,0.35970616281183665,0.4139695340393367,0.45312766694350276,0.4879460614128872,0.525130307111997,0.5681881064637062,0.6221241819891583,0.6891805071747872,0.7410434410007654,0.7420175197795337,0.7048163287591379,0.6655286151033816,0.6376748378127209,0.6110696985175778,0.5785940110504277,0.5396618830253581,0.49776869821872805,0.4564679307371802,0.4196274273342771,0.39264022504804014,0.3787407150885287,0.3808016668009603,0.38609245976442175,0.3734874931934232,0.31320937483427685,0.21191011021121556,0.11803665548947413,0.0693100547719632,0.06291643886355122,0.07575476779688867,0.08362555795472965,0.07871568330875241,0.058125022048987986,0.02350567336711751,-0.024427899125414262,-0.0790916491954301,-0.13348179041954314,-0.1828140830190202,-0.22830197866358568,-0.2868621018454716,-0.3573895581399182,-0.43364297853323924,-0.4900816984025301,-0.5083563469286339,-0.496395259566534,-0.47023988483078977,-0.4504220626811689,-0.45147928229741563,-0.48894552651984097,-0.5489524407297233,-0.5929781307456176,-0.5953117292770591,-0.5542170107078174,-0.4869549599680577,-0.42031829497384976,-0.3727812519565183,-0.3474843131974428,-0.34110070280729693,-0.3361692860184277,-0.31948344745445784,-0.2834929745665222,-0.23022459466615514,-0.1663666041564026,-0.11104047914604236,-0.08952981638674438,-0.11729093662037819,-0.18150748767080432,-0.2564125716048728,-0.3198728073486058,-0.36005999065193606,-0.3640834185152961,-0.3157742612036635,-0.2063927791809048,-0.07186383225430695,0.041032209011425756,0.12895128278244933,0.20627811541271854,0.2765226705462963,0.33564104249793775,0.3808473745928285,0.416075518761288,0.45252857289039317,0.502610059358983,0.5747828132513447,0.6433528544904198,0.6332699197498993,0.40707774150527243,-0.04837237044274342,-0.3386338433327235,-0.44178745598996016,-0.46577619132215026,-0.4563610852407076,-0.429266928548686,-0.38295536323567764,-0.31215343873816553,-0.21335123854002688,-0.0838075869507943,0.04619772731025598,0.10851800081098013,0.10567148372979578,0.08765127096926884,0.09654325690116823,0.135778707387486,0.18311334182483266,0.22014600636587098,0.23825720266230987,0.2327678693307979,0.20932516239324855,0.17113368655969147,0.12470518943380177,0.07213948210064265,0.018950619255028073,-0.028693302778635167,-0.05952022422291866,-0.06187530746308073,-0.041113651071720166,-0.008750121212187581,0.03311092902710163,0.0633121238676663,0.062240289854021545,0.038809993456346545,0.010838928843330268,-0.014723686725282695,-0.0434371560215219,-0.06790974773949383,-0.08932812324508697,-0.11338089899339679,-0.1284718812733972,-0.13822553102816795,-0.1548052631757083,-0.18512394500917587,-0.22734354961965306,-0.2695027954810358,-0.2973281165404319,-0.3110596180684938,-0.30509858749276364,-0.2572108853624419,-0.1632391264919324,-0.07023367078547527,-0.01605523324349299,0.005575712434460689,0.009917981698789382,0.00872877845845097,-0.00543270335265587,-0.04054978729932152,-0.0887824212396971,-0.12814571548599113,-0.14363716341729932,-0.13526193975216927,-0.1082341157892805,-0.0769211102286048,-0.05459383701195262,-0.0496314645037591,-0.06146275652429967,-0.09727187691202938,-0.17763232693239772,-0.30598507135093556,-0.44451131641778036,-0.5503344662686587,-0.6208329204172582,-0.6409341698078375,-0.5914281123953218,-0.4603528563925334,-0.18984087343169398,0.3475800721652676,0.8826285431116115,0.9737790561950831,0.9114786239821947,0.8272051563504341,0.7339112466090286,0.6298831728264689,0.522180592014916,0.4284253558588934,0.3682893938285563,0.3439525215521519,0.34224833946751193,0.3473217053076396,0.3453237390534245,0.3259084179944649,0.2898391350174488,0.24615521615454883,0.1996936946519262,0.15209108513163097,0.11171127316032374,0.08855926627029116,0.08446278082540327,0.08354779822766818,0.08058743095515646,0.06573798646292586,0.028627916625485438,-0.027264288226302027,-0.09370372003311547,-0.16265593394009265,-0.2318307794742758,-0.30053413947950064,-0.3642138824787952,-0.3984298494663976,-0.3863860378846656,-0.36616029372417097,-0.3629272945982748,-0.37418300838336327,-0.39037162935821446,-0.4082842213862361,-0.4241087409863573,-0.4355405789823824,-0.43938954472802605,-0.43441760798033224,-0.421386543403419,-0.4119887132624555,-0.42230376099796896,-0.4674256192698652,-0.546645551355209,-0.6363130793114045,-0.6987657428863101,-0.712166765973435,-0.6899033887410133,-0.652025420211264,-0.6131603400677689,-0.5800837114526288,-0.5482027987873588,-0.5018076530987808,-0.4258964467696664,-0.31199860169462207,-0.1856212367210183,-0.08501376158233499,-0.027643510070024347,-0.007653506120888669,-0.002281133694766619,-0.007870987581346798,-0.01768950815788889,-0.02875558558452685,-0.04699064170066243,-0.07284178231400239,-0.10039816435806276,-0.1185339325730106,-0.1122987695333097,-0.06657273466620543,0.03963536888126895,0.20120287004876217,0.3655732253480599,0.4856588569884894,0.5261273725650991,0.3759777166624598,0.107127890904576,0.04007834745009547,0.19845509772445866,0.5902430637980728,0.9333108162290542,0.9710788851441455,0.8542022518926077,0.6293057643299221,0.32645367251665625,0.07772351172881745,-0.0328840529217667,-0.021797577892797248,0.07078108006041368,0.2002254085207329,0.32504269846938655,0.42282863713894536,0.4916992328090404,0.5087862896330585,0.3868363221396894,0.1797509716869049,0.05241832338643078,-0.004133846776124104,-0.028282780401871037,-0.033394036573632865,-0.024454307517916152,-0.0056894815578778755,0.0016766406004342666,-0.009168559528733704,-0.027500882947586822,-0.04056673585667657,-0.04053005232946478,-0.02308851500542682,0.009260403218988836,0.03997259767837879,0.0470259100975334,0.026091498321610992,-0.019615407071267285,-0.09046765004949184,-0.182798071394397,-0.28729392381095,-0.3877410705687728,-0.4650844053232853,-0.5096961732999478,-0.5167247254233401,-0.4829438384721554,-0.39344927134306784,-0.2735852885502582,-0.19932412662181623,-0.18991990181318363,-0.22579131383963827,-0.2763772820572778,-0.31968453022381726,-0.34831744228993955,-0.36910745052853317,-0.3972691196102951,-0.4359789604628663,-0.47540409216321594,-0.5022640391152672,-0.5077841095011421,-0.5024975441428,-0.49467397170665917,-0.47439398925991966,-0.41230358064311035,-0.2504752163319361,0.07279576716536862,0.4609080003177245,0.6863850491970886,0.7447539606811493,0.7058908926252946,0.6026723937864987,0.45773169452075596,0.3160412240320952,0.23264891513675437,0.24162741583590958,0.32445051825984095,0.41618771027260276,0.4867782005089746,0.5479855362964312,0.6141164484603318,0.6751781510790952,0.7191534189205373,0.7366653434542314,0.7368418430337732,0.7300806588842809,0.7153388813161016,0.6947381082212944,0.6804710694239853,0.6789674560409117,0.6785153093314596,0.6642110439020497,0.6277734551615527,0.5719005498557078,0.5044388286511535,0.4221545700797393,0.3238855385318307,0.21614404499866668,0.13609643389529474,0.09710233574057824,0.09288005881161437,0.11046271056498735,0.1252326061542784,0.11717479437106283,0.08465446004745573,0.03912420223286846,-0.0061694948037439995,-0.055442735641554296,-0.11825680292488447,-0.2016505184968031,-0.29993236212863533,-0.3931269408778989,-0.4581080664300833,-0.4853962508038829,-0.4846412242689393,-0.46398284378244653,-0.43559066163652355,-0.4141636913726365,-0.4258634075060823,-0.4756741115466551,-0.5359840817856069,-0.5842303880905909,-0.6170403738669513,-0.6354395823712601,-0.6528842451579352,-0.6673817080451894,-0.635018350091071,-0.5100384000670283,-0.3859987154570432,-0.34169615245572016,-0.438520922249613,-0.7341436568947354,-0.3416182315443448,-0.19050818457519125,-0.12512102585071308,-0.10165123187428696,-0.13612984735916459,-0.24727038102608165,-0.29845332293183097,-0.30692590715697954,-0.30255064747986904,-0.2823688197346159,-0.24868202240452303,-0.20513800731434745,-0.15939427927003372,-0.1195182029533913,-0.08458302730199825,-0.05330577565696255,-0.0263628525134758,-0.008037636156031237,0.0031840902563120494,0.013817501278701667,0.030646092275862197,0.04925795486283241,0.035590222015879094,0.023848304774433702,0.022519739978567876,0.025735443565978,0.029932880740633636,0.03367349084390402,0.035645313079199534,0.036344911050615804,0.037611729217156255,0.042381854755112185,0.05400332885086983,0.07512952650597071,0.11776081300867595,0.2399800559011308,0.6668281267817958,0.5314046943285224,0.4376279902824758,0.4462649158728285,0.48465850329514837,0.5237158434167457,0.5412871785492136,0.5176271473000705,0.4402674106130461,0.3298316394739881,0.2269586713690645,0.15211318987583905,0.10021737827268065,0.052904161849267814,-0.008850140135954305,-0.10005573984929785,-0.22997702515240767,-0.3909915446197804,-0.5432300280299669,-0.6394691134637075,-0.675148576915808,-0.6723760521956046,-0.6365050501314001,-0.5679403391132641,-0.4624318750384231,-0.32627310302487256,-0.2044738743068521,-0.1241849866616216,-0.07351888200636628,-0.03383967987117048,0.006354729890483592,0.04172858779523199,0.06557516242253071,0.07731166906435054,0.0823634607357643,0.08429476196417321,0.08190254344528919,0.07770879535790132,0.07024127819466597,0.05901243060095174,0.03477149944825787,-0.007302197578589638,-0.06452701543253311,-0.1345018729192963,-0.21082922028402618,-0.2786170749934631,-0.24530814880722412,-0.1167157402774082,-0.041456282675363165,-0.011192786795048695,0.00400218372661724,0.020635754680586336,0.046260317500072534,0.07595369372323166,0.10010650570975431,0.11411435843987182,0.12398227612572521,0.13857502404721866,0.15878632748934288,0.17564279268365582,0.1812426343415688,0.17069667212345827,0.13855127377102164,0.0831792500169528,0.02106269731969416,-0.019833697566082144,-0.02931283203836603,-0.005177680429201339,0.04993429003500353,0.12378819707765724,0.21070959770272257,0.3141071966131411,0.4320183143746505,0.5427207079742539,0.6316070110802092,0.6996299958493004,0.7499366887106379,0.7769833368435753,0.7798516772174909,0.7754530782984826,0.779654954288821,0.7983634458803311,0.8078603177144116,0.7784559678932833,0.7101085932428206,0.6238670962199614,0.5365251723558524,0.46104554295379885,0.4016776621667841,0.3414576762916191,0.244064337399056,0.06383471778259918,-0.19524835262566206,-0.43166147644591346,-0.5603902235243504,-0.5977940721500559,-0.5940615183156015,-0.6034990094165598,-0.6540524061591285,-0.6752095272291103,-0.5323307439887263,-0.1771444997461695,0.324123150840555,0.7047419133297566,0.8331815026980414,0.8300087422147658,0.7754037123447045,0.6790596501191923,0.5290821844536799,0.33659946792456275,0.14470393868667686,-0.01929626464563467,-0.17036320990229648,-0.34382357766675653,-0.5356662090158566,-0.6593971598815671,-0.6974127045302545,-0.7085686033657304,-0.7189186656142386,-0.7208738960818871,-0.7119444247368611,-0.6959687172621435,-0.6812606922581305,-0.6698309535276704,-0.6596497158556681,-0.6512991554862829,-0.6412944849317742,-0.6294054892466977,-0.6137255488814193,-0.5918008835357822,-0.558996931652316,-0.5151770411733712,-0.46506055538983276,-0.4182878721151342,-0.38277426971441086,-0.3605426341249524,-0.34681330806264604,-0.333646348160171,-0.3131126477677095,-0.28421321167912633,-0.24150327284024364,-0.1774539974198333,-0.08402473182755749,0.02752131229648321,0.12543288294410912,0.19524803707790916,0.24006407244465797,0.2645107306799997,0.2779306972769142,0.28675782696680446,0.2867259586129605,0.2589123075727089,0.1790785818710248,0.05947854264478816,-0.008384418724932443,0.01146936884103993,0.10508628107842793,0.24106940871689742,0.37223090802126085,0.4586334891525256,0.49590518388265514,0.497763484070862,0.484623898976239,0.46846099862353796,0.42498373684828517,0.15305174498071672,-0.3653908616908461,-0.5177864049236108,-0.5579388643922396,-0.5593017726878646,-0.47750992568530726,0.14855874001195982,0.5783533069057144,0.6343001129788841,0.6436213183652599,0.6356991434899437,0.6104502443589815,0.5638472975783825,0.49518681327947245,0.42323602130319354,0.3730233825910002,0.3510371687523004,0.3417083045774175,0.32264561497008604,0.27675680881264747,0.19845034101073944,0.07876931770969631,-0.0774699773647084,-0.24280508311684665,-0.3619721487303361,-0.39132357217380664,-0.35213606845026346,-0.2875195405724328,-0.22533206618265955,-0.17667062514635043,-0.14313325247581907,-0.12293226431878373,-0.11171325420094068,-0.10534726885397808,-0.09823382505870268,-0.08299193467661826,-0.056328987464902266,-0.03912976824278727,-0.12151517448573075,-0.308075488520003,-0.4227692358070796,-0.4682082306796215,-0.4867224165500878,-0.4948865144520582,-0.4932387494583917,-0.4769989146164817,-0.43623288933036486,-0.369008178388228,-0.2924930900832141,-0.22797004199408788,-0.18777939850524053,-0.16887211137673575,-0.1555084670007652,-0.13920682412535856,-0.10786542941168908,-0.07166168251558877,-0.038287127145431275,-0.012670084639996552,0.00575807052270377,0.022079383258263814,0.042233671965433185,0.07503319618482375,0.12933120940626325,0.2201745288185733,0.33178477017965974,0.4133658383232687,0.4540005558865416,0.47378189069079035,0.4832258022945522,0.48963046333303833,0.5051807454614662,0.5322829544577147,0.5632686892507733,0.5903917397518925,0.6044166401685332,0.6026030554630277,0.5878198114346503,0.5739849050885467,0.5614633306012251,0.5495662888655171,0.5360414583040252,0.5240700761953583,0.51195439239543,0.4946477460891586,0.4735102760448362,0.4455130297384379,0.4070296791607391,0.3513700113416268,0.27832280301904455,0.19883081088049873,0.12276645042845528,0.048952803377709325,-0.02689470136268176,-0.10406031341524072,-0.15728618741577333,-0.16067695543064298,-0.09992810016959777,0.013544071127517482,0.15020110450294571,0.2740310002836769,0.3569251468543466,0.4015998487596814,0.4321142963717537,0.47052088085523597,0.5255597333004657,0.5664423457629814,0.5342997034767076,0.25777755545043485,-0.3621843485585115,-0.7085570390415421,-0.8267671188968579,-0.8810984189142997,-0.9168714407655236,-0.9477412450739668,-0.9792329046568641,-0.9923620766509998,-0.8764627822909843,-0.6213435340075104,-0.4638954409914643,-0.4168487677258154,-0.4107484582456172,-0.4073956870081334,-0.3901222875352676,-0.34910507573816885,-0.2822320028753153,-0.19985952512807764,-0.1391954292335941,-0.14105052426411083,-0.2062368938928082,-0.2939863924652629,-0.3673819504663665,-0.4048455028613362,-0.3866437553792574,-0.2891545610215118,-0.0895055433494912,0.19944430756059797,0.46846661772605436,0.6145465852007246,0.6568939971608446,0.6471750623000279,0.6187492286212526,0.5942930681706516,0.5904344895113554,0.6251624644895818,0.707368816617703,0.7987362626204619,0.825663338919447,0.6837059053953854,0.2509042239482093,-0.18799543360746243,-0.3961186288361055,-0.46483382705772625,-0.4695941617343591,-0.4497731748283379,-0.4164672018304455,-0.33442891047850004,-0.12869026559870989,0.1610967489615034,0.4011817460663593,0.45826563744891907,0.37598001976213613,0.28210043938411133,0.2268433577889533,0.20880296670151902,0.2042775912947621,0.19885520120656255,0.190615314661443,0.1755670946219532,0.15610704214475118,0.13937084909239028,0.12902725096533021,0.12258785376790701,0.11418917677469263,0.09750396690364033,0.07617702700979077,0.05880659005179896,0.05209060439711408,0.05519985759781874,0.06286783943184367,0.06261418518669495,0.04155693593362272,-0.0010195911822485654,-0.05204972918145642,-0.08783586265163766,-0.12318873635195395,-0.16554223899366965,-0.21223831357990378,-0.26587131311070655,-0.3194201925199865,-0.36268163539584053,-0.3825994466708026,-0.3731720046116929,-0.33578641647387153,-0.28029928363170253,-0.23102758538401733,-0.20168244674108232,-0.1895667637160044,-0.18833300580692203,-0.19244539411417277,-0.19513639312218442,-0.1939602049627238,-0.18663268884138648,-0.17317722161523746,-0.15608982547250472,-0.1386857967763685,-0.12274408405499208,-0.10863537029832378,-0.09550037849987626,-0.0845969211706785,-0.07441903554340167,-0.06654525999892845,-0.0623986125044114,-0.0620604817004708,-0.06356285730293375,-0.061940461117977456,-0.04735745545281018,-0.012704914920364537,0.03321980614560659,0.0880281124624985,0.15195689895625908,0.21630555482878897,0.25776640595287015,0.279048374388415,0.28944304008698135,0.3073178902349784,0.34039655470977226,0.3783788005090247,0.40601382506243233,0.41605054173170736,0.3979123668586929,0.3503382639442293,0.29673781741186506,0.269080366869356,0.2701192864882967,0.29126967537739695,0.3153762321036197,0.32783195493666173,0.3118470479446697,0.2716330198162254,0.2273437245369451,0.19748785536094157,0.20728117879198252,0.31546382840179776,0.21553591133096234,0.11233876548997435,0.0645454288049692,0.017842799654939547,-0.05964847649576318,-0.2090026498874013,-0.4316404384956582,-0.545564976851412,-0.47817272090184565,-0.32542307989511937,-0.18500299559369196,-0.18582202680157162,-0.37684997297211953,-0.6172592740011964,-0.7349680244579924,-0.748995136847902,-0.6609558151786166,-0.16057474715419578,0.5883023992708641,0.7266033909147889,0.7357737263284113,0.7126369453834334,0.6699002145417632,0.6055859536443501,0.5134966041731124,0.391858373603387,0.23826457961492803,0.04535314124017109,-0.15104385510074722,-0.27310238464562153,-0.32451127930437873,-0.3491314253835864,-0.37483506003381417,-0.40956766796005467,-0.4529326135455199,-0.5026206198133133,-0.5432061788693339,-0.551679381559258,-0.5316160650546661,-0.5105056191892838,-0.5056660941713361,-0.5093447956342213,-0.511035952041136,-0.4982027883360219,-0.4607979457163148,-0.394940062461629,-0.31524836277911067,-0.25099195395373497,-0.21105705022685983,-0.1939744734070338,-0.1980372613110253,-0.21822502464627663,-0.24357243993734173,-0.2614370461003681,-0.26520238092619514,-0.24324347028925478,-0.19690588683210475,-0.13627084742128692,-0.08116165780785249,-0.04808576028901842,-0.031624307368303024,-0.008880230616269408,0.053727123860711976,0.18301406548726745,0.34917150812896786,0.4829022910580202,0.5618966079189927,0.6151955642965496,0.6678214400910567,0.7345115315709838,0.806697487759881,0.7917039018397561,0.5458597031555693,0.28302579555745655,0.1619804655697984,0.14697075081992222,0.21019324686603924,0.3222792753426743,0.41593934043111813,0.4586527940974438,0.4643567545064073,0.4194795687086248,0.2574994235916438,-0.015211674992692817,-0.22705171206367847,-0.3571109897977258,-0.4309949826362498,-0.46433143476568695,-0.46351517505635953,-0.42874575970320317,-0.36322961593131453,-0.2943054547393829,-0.24899537960527293,-0.2373038217920447,-0.2416082553890814,-0.23299341540071705,-0.1994228396341221,-0.15246973706428574,-0.10481313200565963,-0.07347463057806942,-0.06944554528574019,-0.09560470110978414,-0.14188433239328324,-0.193943298123287,-0.2376824577856645,-0.2627260927435735,-0.2669761716857613,-0.2557668643170774,-0.2415324023429756,-0.23442459858390347,-0.23594796454422154,-0.2354726050425605,-0.22615831759920857,-0.2095232205919774,-0.20581073219085844,-0.22027447877268133,-0.2405994024881618,-0.25566976559879356,-0.2611219664837752,-0.24664421761354227,-0.1986703962650481,-0.11700751115926326,-0.0219500555281965,0.0641476032641977,0.11964210227156331,0.141139016587277,0.13612311312208253,0.11451385124799231,0.10655477360315302,0.12233714366402951,0.15486155077003613,0.1886362882989696,0.21595266294866464,0.2378337934746128,0.2564390778121338,0.2717216096310159,0.27279457708550975,0.253313825204188,0.21687846055201057,0.17912415531721848,0.15138155860480867,0.14893505741287047,0.18299457289851384,0.24726900131893167,0.3261309169696165,0.4049961493619577,0.47218942535799474,0.5243560143975302,0.5606411446355125,0.5910518356978336,0.627802422697826,0.6666619882772343,0.6829104640128072,0.6593515008628211,0.6021200432767516,0.540554658363058,0.5001240193658127,0.4677577440851269,0.4316602745380021,0.3884440482407902,0.34329160681649784,0.3091987645588278,0.287588113431335,0.27443869887206285,0.2702163465791879,0.2721048685434017,0.26788930714649284,0.24640656118969273,0.207226664074322,0.15664115438154091,0.09458170655985061,0.020903395954334852,-0.05589750417248203,-0.11741095688307635,-0.15413851841574777,-0.16108642310370766,-0.14844965671974175,-0.12241632397637824,-0.08168302406113578,-0.028370677664390075,0.036531839461378286,0.10066486583292639,0.15390811029524773,0.19693331602627992,0.24522477516902227,0.3065316743697195,0.37316251965793645,0.424614008338569,0.41052832375641984,0.22810853586442847,-0.3125293022779498,-0.8322137781258073,-0.9600216859062471,-0.9806849102741454,-0.9838222652089157,-0.9835392924116065,-0.9776675257468351,-0.9417053947349205,-0.7999614729597962,-0.5368905788793508,-0.31604160179493507,-0.1998337754117583,-0.14936913118586503,-0.1307227455570258,-0.12801354957236588,-0.1300167295127644,-0.12638526039968925,-0.10674134224096407,-0.06416001047072352,-0.0018040852845500799,0.038861693579736366,0.04117678304979883,0.0347901846775748,0.03204871665345219,0.03615369876128461,0.04431157437759667,0.05259452118887513,0.05516713096625814,0.046310501858161074,0.027623718973416648,0.0273103335938396,0.06264233952974423,0.13630302319799106,0.25260076900041023,0.4122084189513854,0.5610165873307805,0.542649985182885,0.40654319193564264,0.2968772592267686,0.2357092896614296,0.2231314622495532,0.27064260402249435,0.382134424384265,0.5242662178582616,0.64848994934455,0.7340839691020314,0.798164213894591,0.8759924640881861,0.7715401781818239,0.41446488391843156,0.23825264031655202,0.16377649056069957,0.12035868847337032,0.08249241273436626,0.03681017130290764,-0.023095758095955078,-0.09397108655721743,-0.1618159183080833,-0.208945978978929,-0.21877754678746633,-0.18437925036119338,-0.11500161762502799,-0.03045708102420961,0.03578894644277851,0.06685894611785631,0.06846598926944282,0.0558842591405401,0.04185563165821172,0.019614130221732893,-0.015267150601451526,-0.06573050193824456,-0.12514111787444873,-0.18738037717506714,-0.23533085958320557,-0.24634966247346018,-0.2358679646876803,-0.2277170329679718,-0.22611410559535974,-0.22620747741419303,-0.2246207787728528,-0.22152888984337585,-0.2181128253260234,-0.21429137151608782,-0.20801812000610745,-0.19998092318239136,-0.19628801036064922,-0.19996987406560668,-0.21473691489467048,-0.24302538070624996,-0.2852607074845693,-0.3307994569418795,-0.35755003669439006,-0.34472355210277444,-0.29394454305441353,-0.22179191938973844,-0.14306746914413207,-0.07653782992604169,-0.03324923906910077,-0.007320907217335259,0.014838197599137463,0.0380954990165872,0.055907163884278493,0.05849799030104842,0.04733631234520075,0.02897311176937964,0.010380133090629066,-0.0030822191022776917,-0.013839551694988367,-0.02309158483487606,-0.02320699067919483,0.0019098966941703285,0.055210052063789684,0.1259941156248005,0.1983515009069519,0.2640030367916859,0.31922656324266474,0.3591923301187643,0.3866146710468385,0.4036378788745016,0.41630874229769005,0.4254787002876065,0.4300608233004106,0.4358515627727923,0.4481083122142998,0.4701616526457877,0.49461250020166325,0.5176392615825731,0.5312775786058156,0.5345221059096676,0.5300627585842745,0.5182812924176486,0.4965178428562523,0.4628286156670656,0.4227779636035783,0.3790118651033402,0.34044873534874337,0.30953243093219907,0.2752908372764852,0.22251376650185622,0.12842111715266477,-0.03570075501917898,-0.2270149022377181,-0.35136403632733243,-0.4382208609111153,-0.5322424466542349,-0.6140379355396792,-0.6587946936848335,-0.6684079838779015,-0.623776457825816,-0.3499737456585943,0.4051480400119141,0.6656347579607844,0.7121695042453519,0.710510886499702,0.6818634896867802,0.6244615061447787,0.5221765040705506,0.3458048925634337,0.05114534066992771,-0.37135792113373683,-0.7199361355436497,-0.7857069802571527,-0.7481975446609858,-0.6922723165480344,-0.623888800604662,-0.5449278571337228,-0.4626406061893045,-0.3892517288210757,-0.3452275341074653,-0.3411298394216693,-0.37554270357102587,-0.422818530326247,-0.4476473257934605,-0.4287943228310867,-0.35238310837453257,-0.1832574198551221,0.11762508642179231,0.49069932613312806,0.7545664547369353,0.8407014337153692,0.7031459885129762,0.24924174552918543,-0.2228334216625,-0.4954659218771393,-0.643334062688545,-0.7292390127019571,-0.7795500805457952,-0.7971845428885208,-0.7745988808346457,-0.7045496754593101,-0.571030484487693,-0.3144425826902865,0.16689091534589795,0.7165835515739083,0.9505254835383605,0.9664941521062292,0.9146772842759237,0.8482092821518015,0.7852390171379038,0.7377380037535642,0.7149178710776251,0.7197765208061769,0.7407894483660312,0.7050740081624893,0.5119549059195204,0.30134833886403684,0.17145216594906723,0.09323405224355413,0.03936218941189963,0.0014965213588028104,-0.01751798760012176,-0.014989951913274664,0.01185337248357026,0.05742795925359063,0.10218302957063291,0.1235908612798174,0.1257418314754562,0.1223271835630505,0.11688687736284413,0.1040866445980044,0.07825253058535564,0.02838516691117157,-0.05452697979817061,-0.15208623278248828,-0.22861191198049793,-0.26814397945501905,-0.27813435729176234,-0.2837229722128849,-0.2954632884005061,-0.3202331764402897,-0.35274402007355116,-0.38755963975995755,-0.4217992380844468,-0.45669420059296156,-0.4966894833244888,-0.5388154210736347,-0.5820235225959259,-0.6341432706941469,-0.681020168398421,-0.6882440074963918,-0.6512225330514291,-0.5795782982575254,-0.5045864496230396,-0.4557216850599885,-0.43309608863318017,-0.4220998891784723,-0.41484309823147175,-0.4119166964253134,-0.4078887400333015,-0.40145872050001935,-0.3798613591973912,-0.3375767210699363,-0.286867069697759,-0.23027284924942376,-0.17740117799373145,-0.1379638435727754,-0.1155231895769673,-0.10529047676924484,-0.10312473245519325,-0.10896358338473698,-0.11898459568192796,-0.139055346581043,-0.1622204051762019,-0.16935565719915888,-0.1461168287467913,-0.09324811001958506,-0.028920497584815026,0.034329575845637644,0.09132124146568493,0.14072220751711523,0.1774619763768395,0.2063599549735708,0.23231537743597058,0.2605025839121588,0.30070902343336486,0.3625342855595175,0.453900971773932,0.5649356951379827,0.6590805866647254,0.7001893456156838,0.6894292283244818,0.6586207152407257,0.6346832613715906,0.6223914082408407,0.5962226742441695,0.5378675278537668,0.46183436896533403,0.39211954120448844,0.3355727418220133,0.29133846681766434,0.2560908222866809,0.23258451067997712,0.21860385303511923,0.2118096263229838,0.21456280033235978,0.22609311794217035,0.23767138693809534,0.23756861861185477,0.21570420669502768,0.16410991200926456,0.09248415255512067,0.027652043849328987,-0.011111337331273844,-0.03522129773976406,-0.054750705908818136,-0.07044028637319956,-0.08280719835051871,-0.09192873724524568,-0.10483220825262879,-0.12705170700699184,-0.15612717958942446,-0.18691864447840167,-0.22063340325858222,-0.2645735251027036,-0.324494800693173,-0.4034807844189154,-0.475593120963689,-0.4511818319017242,-0.28472964644897597,-0.1050145228259793,0.009946372893288041,0.06595665825986226,0.07510734738373878,0.044992204697751136,-0.005754675538729351,-0.04319638331263226,-0.054558881447978776,-0.0736206990330477,-0.154234633437651,-0.30734283155379677,-0.46604244746645623,-0.5699773218027219,-0.6180894027253151,-0.6218274207568234,-0.589992439961589,-0.5368009862284595,-0.48726933924683896,-0.46058302920257244,-0.3957334580710642,-0.2500461361237668,-0.14320225796731306,-0.0766102825717237,-0.022495763887325985,0.041156392257928415,0.1430154367919758,0.30313671180444934,0.41584613991884817,0.4139806163937875,0.3871828908536225,0.37254446973889827,0.3722256604228291,0.3832152102755758,0.395897125469147,0.3900936479248191,0.35233817466907236,0.29851908268018545,0.2709627008040641,0.3091636999824915,0.41046436165661515,0.5121129857183463,0.5795279400359851,0.6238955262084515,0.6754287831276886,0.7361808295957012,0.7478963279143487,0.6505937760263625,0.5267210878405078,0.44630385194987315,0.41434063367493584,0.41881913245411895,0.44759386401529977,0.4803411289297809,0.501168132947819,0.4983793170132764,0.4675790090366119,0.41045350963587335,0.3384218408357948,0.2677957308839814,0.20034038232780196,0.12000774880890257,0.010321372846914227,-0.11607718067131766,-0.2219888875875319,-0.2855973319231906,-0.300916685433829,-0.28175600608954515,-0.24410107563064729,-0.21000966049934017,-0.19199854402190575,-0.20814015801003702,-0.26573504294008815,-0.3519198080266412,-0.4410250312940967,-0.5188792469757241,-0.5787439964183315,-0.6179564092020173,-0.612369386097148,-0.5301258654399307,-0.4156628120997107,-0.32594371796492916,-0.26661056477230827,-0.23189721917476064,-0.21898925945819175,-0.22800843588669736,-0.2613451558694549,-0.32095219643750666,-0.38499519440369423,-0.4251523566231512,-0.4380383481240765,-0.43335127116595823,-0.42707571814082834,-0.423948545840069,-0.4170216059953349,-0.39552216966687975,-0.3519981962289959,-0.2855626963786888,-0.22038021077295142,-0.17844111032261623,-0.16094483993066916,-0.1526308095124444,-0.1398183617497812,-0.12284202690482224,-0.11333867496391722,-0.1210534869398151,-0.1564039861993963,-0.2150293634460599,-0.25621733672998503,-0.22639187261476104,-0.1043739874022014,0.08919515952023419,0.29442401717562794,0.4461165943697405,0.5267140804370023,0.5496560526369453,0.5330212119067258,0.49147458249343506,0.43840442534260804,0.39592935715764277,0.3869711506817627,0.4248804359302903,0.506017224667822,0.6152975698074107,0.6434688769650737,0.48590405795468466,0.3562405828679829,0.3273141317591268,0.38582921232590234,0.4860745860374129,0.5483018755084231,0.5025892892031519,0.39262161102236726,0.2846773063449806,0.20549531559984782,0.15399163512271774,0.11652415345151915,0.08051134779385402,0.041560213761727666,0.011576050580631768,-7.669644891046338e-05,0.01208469465182045,0.04187025193784305,0.050126261494105,-0.03051846999386364,-0.19920534813683854,-0.3135084327699926,-0.3359946114286151,-0.26698343832576105,-0.025743477010696732,0.46642230730831546,0.7036799375911381,0.6958672214351757,0.5980159102067042,0.36148254411284964,-0.08285676057960922,-0.5099996660459359,-0.7204822620164959,-0.7977917729375306,-0.81058290048655,-0.7870032533396967,-0.7433541862218531,-0.6953915849986513,-0.6591042201324018,-0.6432780136139568,-0.6323561073551762,-0.6058212533026416,-0.541180695761935,-0.44486274273673654,-0.3484694419644358,-0.2714258664296746,-0.2129758279136142,-0.16300704515429143,-0.12019090780966928,-0.08813138487831199,-0.07456077198413831,-0.08165366402863888,-0.1036624802835626,-0.13183187257115736,-0.15422052579243556,-0.1595885252059003,-0.13956948466487645,-0.1098318776809073,-0.08344980726181492,-0.05915039415653468,-0.03416077865492021,-0.0016261332877543658,0.048173895710718395,0.10476921104932685,0.15730240640559837,0.19564745087650856,0.2175407196515812,0.2316172075259561,0.2569365977853015,0.3039669710272105,0.3750552443133794,0.4542564885078799,0.5192595904249409,0.5419775096339432,0.5350185630681763,0.5255607991289947,0.528330867876299,0.5525394983133045,0.5979583528109772,0.658344730054955,0.7057528661510686,0.5930633661670445,0.050347802749800705,-0.40879910069461656,-0.5908583197699316,-0.6787757000589951,-0.7440330218909132,-0.7638913602200061,-0.67617234918712,-0.36456681799978696,0.26356571180463406,0.6936080630455147,0.8271269243272106,0.8519061156157396,0.8335192035905258,0.7913751258645834,0.7284326085267566,0.6411590334852418,0.533948146897072,0.4335916438038078,0.3660871344913114,0.31328186757350723,0.23947905317825371,0.11060472477667022,-0.07346090669781255,-0.25789915538165387,-0.3905661771994148,-0.46480472154185376,-0.5106056527140098,-0.5516057781613486,-0.596187893624681,-0.6336278593787155,-0.640694446947446,-0.6026172486963065,-0.5208808144739169,-0.3894762778735647,-0.18160155029565175,0.11200360815017411,0.3881714332863822,0.4978107995042587,0.0108735300731777,-0.8237793961910688,-0.937192865418914,-0.9645866523228424,-0.9534771807745529,-0.883155069775822,-0.7471564991231957,-0.5964800382376346,-0.4884550986564218,-0.4446994721885514,-0.4650456176683983,-0.5277062795808728,-0.5707342504162222,-0.5480085282301898,-0.4826182538303302,-0.38750013301768377,-0.2707954363495975,-0.15083774558236074,-0.04277985973335389,0.03803503236083476,0.08295737484076446,0.09348523411376782,0.0790259557037145,0.051406376596598045,0.02549835872545395,0.010184459127656665,0.01763327819922401,0.05212806436057981,0.1100751159190823,0.18289240768702214,0.25951521128175997,0.33511475658207546,0.4071624226519013,0.4675665737786747,0.5104936213518566,0.5391950674499353,0.5563765932548539,0.5630229011118836,0.5608172298294857,0.5423122719831823,0.49425193804403544,0.3961303967841823,0.27807648478714064,0.2320398420084159,0.3202165558956827,0.44895045387763594,0.5392883028126849,0.5865359866897193,0.6007853829130987,0.592088189661733,0.5522105363623173,0.4538924149715148,0.3041224483185415,0.18811664610089462,0.1271680872513781,0.09939397198623837,0.09035290000104389,0.09072046352285706,0.10155466408053337,0.1197337180504446,0.12973936234311098,0.12067036545680059,0.09532595362161649,0.05795744530258462,0.01227488571447024,-0.03451933895811932,-0.0881853103529861,-0.1384573022168025,-0.16441850300723435,-0.16061817688812072,-0.14807215264743662,-0.13841715915383027,-0.14450694189892374,-0.16507695845954942,-0.21064638643381903,-0.26458950637845396,-0.3022015234013054,-0.3099964040765382,-0.3183603090762459,-0.34650046322599315,-0.37949195864507973,-0.38346189064860875,-0.353049147950426,-0.31751264412224506,-0.3021734710883425,-0.30488365723395766,-0.3111340504650806,-0.3095086035541454,-0.29173615550627363,-0.2525088259155193,-0.14522485762381207,0.06003120743678922,0.29462087019502375,0.46322063926639795,0.5380851476734921,0.5236642263249488,0.44369977073171574,0.34852418594823287,0.28271671857564523,0.2440924269743271,0.1937522893680642,0.07230918710225541,-0.16365005553122924,-0.41929548222325846,-0.5664921841499313,-0.6303225247454431,-0.6527603737502886,-0.6439249417127113,-0.6033927208008163,-0.5353729610060157,-0.4362191922169706,-0.29264245448016674,-0.12212506576182501,0.031174905970898007,0.14346830346196712,0.21024514369761274,0.24136011839408458,0.2479456400591346,0.2483258083491141,0.26550699524932425,0.32713654798130554,0.46866058094123236,0.6362802289179822,0.6487192946278569,0.5922022806523065,0.5530479685674486,0.5302259404828491,0.5191941706132227,0.5126853770843008,0.5029302407123538,0.4794228184580233,0.44378385511857116,0.4026681966887409,0.3724860956334106,0.3599608166860871,0.36401620922631545,0.3736885144331651,0.3854038004354928,0.3855773081749301,0.3642861864499564,0.2998945617764479,0.16521584012774068,-0.024069121697772342,-0.18523629116377752,-0.28388470986592323,-0.3379280851466672,-0.36671321875773877,-0.3783810475369085,-0.38335234218225567,-0.3878191470142699,-0.4020104469979625,-0.42511257237264005,-0.45639441792699137,-0.4923213542053777,-0.5259750750973166,-0.5471010440444616,-0.5469876544599528,-0.534806072932715,-0.5348933999212043,-0.5543356941012286,-0.5922641339985478,-0.6351010300990105,-0.6612857872124499,-0.6572931637157731,-0.6380099296731296,-0.623016993328855,-0.6151113794113285,-0.5971443630521849,-0.5604018598994904,-0.5040945762543921,-0.43766468668803676,-0.3659318839844539,-0.3027767401842402,-0.2569041128937301,-0.2249630830813874,-0.19530867001720012,-0.161163093915566,-0.1279964736647663,-0.09417580491446986,-0.05656516047330196,-0.018959280629673184,0.016347278751276343,0.047994698672223245,0.0749230349738735,0.09789114994660206,0.11979043064626449,0.14710712382232854,0.18567230395197767,0.2380481336038997,0.29651919912253694,0.3535336964977895,0.41697668992225445,0.47066872833660106,0.40463067765943467,0.2585891253220517,0.16616134539737215,0.12031599943331302,0.10014739703060847,0.10735553307110327,0.16277059067782157,0.2646356543082991,0.3767241177046757,0.4639697640467769,0.5097355206518128,0.5207534725609095,0.5168644378005032,0.5078764739763654,0.4930207352825335,0.4693374874826112,0.4220824299333651,0.3136852582722092,0.11056713830302756,-0.12103089626105103,-0.27482612808322476,-0.32959932499000144,-0.2985430966231775,-0.19432860795802911,-0.054698725883192356,0.06547666576214599,0.12503684313360536,0.11490557922131579,0.02861179708409555,-0.12905851923650097,-0.31532245189948555,-0.470155832289104,-0.5723464386216259,-0.6503534185380166,-0.735258630127048,-0.7790532693941825,-0.7504559154212095,-0.7089061771799945,-0.672606956831648,-0.620749972071144,-0.45364280990820566,0.24963706352491505,0.6536850958806693,0.6903172409161673,0.670022378593345,0.6288415598351914,0.5731528644651905,0.5100686917049838,0.4523233277272734,0.41150228028667835,0.37957880203611916,0.05075086253840641,-0.21128141438562353,-0.2691653691211814,-0.2960484043913872,-0.31264359744133036,-0.32075204470188107,-0.31147846612831814,-0.27735200552100847,-0.21987249585835425,-0.1497314417047066,-0.08938514055485841,-0.04971037189097519,-0.027542589355218354,-0.018901224271265987,-0.014980422262556338,-0.0054979999753904454,0.015198368840153735,0.04163501165397566,0.06222053034619325,0.0679379074031077,0.05847440412673638,0.0327393447789526,0.0006029881569562834,-0.02818829749888178,-0.04111427008082016,-0.031062645074562655,-0.0015214860928035303,0.03106631843650727,0.05600731879527431,0.07703352648934049,0.10776125131125372,0.16159909955235124,0.24690647237443403,0.3221094170065231,0.32061212108476894,0.27656123153316836,0.2780194451959278,0.3710925140021864,0.5268732900359085,0.6577450169404899,0.7003894620111936,0.6782822224600533,0.633797558740847,0.5829187787575935,0.5176254187604971,0.40844057402343664,0.19755355401300725,-0.1634000937020351,-0.5473514973857413,-0.7640344467841764,-0.8403543016857976,-0.842002478606928,-0.7889957356619138,-0.6786249359785347,-0.5287730784847587,-0.3862341985516877,-0.2917756728103163,-0.24751715152667322,-0.22654469133975452,-0.2050434641382843,-0.17957213157171267,-0.15315084423727324,-0.12320211885298166,-0.09482235146738324,-0.06493575030097845,-0.034687752196016705,-0.008695564830225535,0.005009218266321253,-0.005930594635384173,-0.04199285713566143,-0.08248393086413688,-0.10759291099301017,-0.11797148823285623,-0.12141103296915104,-0.13123642871246402,-0.16274093593942887,-0.2395496844150708,-0.3335748863583472,-0.35879077564005185,-0.31672092164119126,-0.2663033061057281,-0.23261482848733142,-0.21866681388737674,-0.2187529068653721,-0.22295520568439212,-0.20948586570319652,-0.14890997841644504,-0.03482179646019082,0.0978180770145669,0.2037096479419464,0.258126319547171,0.2693143394058326,0.24686016991491558,0.2031909494924726,0.16222541705870336,0.14350456012307533,0.14894090251153205,0.16798555699166734,0.19030555200108462,0.20818007727751095,0.22543335937132983,0.2452410052155473,0.2721677430150222,0.31514859684663954,0.3703840897963212,0.42179159039016706,0.45188568312126787,0.4645564305952653,0.45772303861823027,0.4262504189580088,0.3703170203790374,0.30303365403977406,0.24130281145507,0.1869375058638709,0.13380018802937999,0.06628480856788449,-0.05148839739123839,-0.283821469124788,-0.6379853548650534,-0.7498303169486021,-0.6624285916251547,-0.5777954485529818,-0.48192825299470177,-0.3317621069803462,-0.07548325606922633,0.3009513893222557,0.6397331864983954,0.7954934291266141,0.8223687413196108,0.7924349310152228,0.7362945737975153,0.6619686323652464,0.5724423860995522,0.4722680636580848,0.36637729047350887,0.2591046148462391,0.14936524956236347,0.04071293700405552,-0.055701197906596105,-0.12957444719647102,-0.19367476540790474,-0.25821378668789313,-0.3254866829869184,-0.38964540759554456,-0.44471617266629393,-0.4878817217358976,-0.5132518249972499,-0.5217619609081073,-0.5222306286765837,-0.5296354058699168,-0.5553501792647658,-0.5928412756330564,-0.6284768418391471,-0.662559312931597,-0.6874439137431104,-0.6891264802484652,-0.6637101780166381,-0.6194238016131602,-0.5707335912678649,-0.524122558729527,-0.48418356281434355,-0.4501248463748719,-0.42289738186614173,-0.40269056136011494,-0.38571554279115067,-0.3643138745732975,-0.3359200868416974,-0.3013223313571993,-0.26310390179530374,-0.23397842725323892,-0.22124739514093783,-0.21860982369976686,-0.20748239109556407,-0.17956206285983484,-0.13885957386286477,-0.09044240516628559,-0.03313289170331325,0.030180078874141626,0.09817559327605958,0.16449907233246042,0.2141537976439004,0.2388225274312442,0.24174962689301707,0.22950010558979397,0.22101360761884767,0.2578705570873074,0.40427296903906995,0.6732975281875269,0.8523278643074892,0.8923547521096064,0.8676758116803761,0.7915094518164633,0.6430650367936253,0.42637780231353245,0.22268946198108985,0.10813256281718693,0.07309309627704619,0.08361394973502247,0.1118196395682354,0.1356297262672017,0.13889767346157858,0.10252536378356458,-0.004272642397801705,-0.17840186918674264,-0.3162760269283909,-0.33128480520218057,-0.21306607523114682,0.057476587586423836,0.36419917919850914,0.4836864142822897,0.454905180885094,0.37606824896753294,0.2976477272186723,0.2286135708015701,0.11452484372740633,-0.12303133786552944,-0.45400375921027025,-0.6725321405760797,-0.7576681346875092,-0.7849386881837607,-0.7881741624274805,-0.7741195477617921,-0.7390761651043115,-0.6756024814760782,-0.5798503528558708,-0.4641422627476536,-0.3524106849782863,-0.26991456765064886,-0.22928129408184772,-0.22899356251512307,-0.2446165796389005,-0.2462240950483444,-0.23999602736441994,-0.26081005564329657,-0.3328731749785089,-0.4382810370651888,-0.5300348799328736,-0.5619426853356436,-0.5126172453309482,-0.39517755889446177,-0.2484192762150972,-0.1193856248817943,-0.03133364869720044,0.017425728244183158,0.04061199402227143,0.04810438606378367,0.039962991390926954,0.010224139624268337,-0.029173120591694742,-0.05260241066588145,-0.03810779482127219,0.024712434160529,0.134267475299459,0.28667795156896875,0.4694191362072309,0.6190463558812929,0.6389295949951306,0.5607927901400331,0.47965253977083394,0.44289152783908714,0.46186590157063667,0.5201127506079104,0.5875074170870018,0.6469966557176193,0.6845877997584229,0.6979049401732347,0.695193210064146,0.6940067039421666,0.7106927662761604,0.7503606371874162,0.8012239734100222,0.8460970034552103,0.8777753863155963,0.900175092581763,0.9221322743136886,0.9412830999286296,0.952722433720241,0.9481562838630591,0.9194270884904262,0.8653130572023848,0.7948773366793797,0.720226544907721,0.6438659773877347,0.5585267508997901,0.4679776806356589,0.3798709730854694,0.2996013304943452,0.22006125678591487,0.1400520078669233,0.06494776518748929,0.00727639288228363,-0.028287705862587397,-0.04847777790889399,-0.05591064906281158,-0.0480052322122114,-0.022881193513647338,0.006040841364776035,0.02581611953040567,0.03964329677026324,0.05718720839093564,0.06818021160178718,0.06030798968158505,0.0172054367559578,-0.08806787683685693,-0.26239349940627377,-0.4470332996678922,-0.5687121846751416,-0.6334586766121412,-0.6720219289092135,-0.7009657370437276,-0.7220191887354249,-0.7393525100297301,-0.7632830252489515,-0.7945099227138624,-0.8244349901630538,-0.8413617167408717,-0.8383150430504619,-0.8130958327364933,-0.7719484594798042,-0.7298335292743091,-0.6938010527406439,-0.656037907718625,-0.589677944236451,-0.37504099143326725,0.4460849599789245,0.8284837211704529,0.8453053692841307,0.8221499510396676,0.780911192678002,0.7222076608923995,0.6419849218589786,0.5259968037209884,0.3709350938937821,0.20828218349964964,0.07184862652611089,-0.024962682462262662,-0.0862905164696981,-0.11513977486699765,-0.11258062370576906,-0.07200253490801278,-0.004199473870720013,0.07751240586735889,0.15239022458064252,0.21349272577597936,0.2571157945732936,0.2885306315471083,0.3181331286946577,0.3438016738231377,0.3488387551991013,0.30910459807504065,0.2409387621955569,0.18506224693136128,0.15224690301881208,0.14036926326571267,0.15282622115497574,0.2004226588187835,0.3097684740631016,0.5155765428121224,0.635910562845848,0.5523504363870725,0.4873611955476579,0.4638144967673486,0.46741491292855547,0.48713115302920107,0.4966728522704592,0.3645475082777149,-0.03323077669558472,-0.2687079342370332,-0.3616913189455227,-0.3997435697455087,-0.3885271398777411,-0.31740164489891626,-0.23414303363875522,-0.19152629903473264,-0.18642176291836376,-0.18526310288800343,-0.15656565156578364,-0.12633849924079937,-0.1107144702039935,-0.10481163023133923,-0.10760891256384247,-0.1188163798063564,-0.14347394871209565,-0.18174719083425264,-0.22717206433908255,-0.27076057084625577,-0.3047582695525247,-0.31274659943536137,-0.2773857878522646,-0.17386165918812418,-0.02519177155758884,0.06736109949230898,0.09498486289090116,0.08713268724740687,0.02952114437194158,-0.14553231031287858,-0.4663202520915925,-0.6395726234323206,-0.639589330501835,-0.6019426556083651,-0.5530688951214817,-0.49581586393068755,-0.4333660142496657,-0.36452823769175874,-0.28328377834631907,-0.20290770200658825,-0.13558290887026928,-0.0723530545350957,-0.013596249252050507,0.02616284367942358,0.03851127265799533,0.03727534126612827,0.037756904598273675,0.04448350077382136,0.06342623541611621,0.0900346298120923,0.12455061789153754,0.16250331420645858,0.1908081008089414,0.20283123495061572,0.20639020504603356,0.2204420357380957,0.2551406634297645,0.3110643067781747,0.38216480274163717,0.4568894202707524,0.5238747443276548,0.5756027070721875,0.6051862991278468,0.6080599178005508,0.5884398346892525,0.5638772689857166,0.5339911413648754,0.4848395333081608,0.4081797081548248,0.2917424325814033,0.15479356782830866,0.05974313275848665,0.06858265782974485,0.25887379253388654,0.5614784489088241,0.7238071063980235,0.7519798284586907,0.7228962220546794,0.6580139643509071,0.5502831118803152,0.3808071120711697,0.14936040841870113,-0.07312668973094483,-0.1934616228847534,-0.19567586388529784,-0.13289632749644054,-0.08690928486699202,-0.09012765141381632,-0.12809451414562228,-0.19595527336522373,-0.33949335290541816,-0.5736256227559166,-0.6315408891947527,-0.46838039857400043,-0.20624052354140107,0.12605600500181377,0.43014391771700605,0.6050959407351763,0.6396456619739529,0.5229649780047364,0.18090678047527875,-0.3348816077763121,-0.6889721780662501,-0.8464554129834987,-0.9157495679326376,-0.9497847803978446,-0.968268769136722,-0.9699119041780379,-0.9087357254746751,-0.7327440496926048,-0.5450186636646827,-0.4331341064950457,-0.36921175402763107,-0.3207352589029827,-0.2714638786193244,-0.21835493142327755,-0.16631778891814147,-0.11813680424987998,-0.0801658035383499,-0.061222636766040214,-0.05660251432922812,-0.06255681479176267,-0.0708517425883377,-0.06247288548517987,-0.023949834483389037,0.02952776162317024,0.06324300343306496,0.04879955609871219,-0.006194933592404343,-0.07563986405390033,-0.12507854400360968,-0.1388474733813836,-0.11679220471279528,-0.07055647547154031,-0.0157708616017435,0.041152954420573325,0.10802207927715758,0.1879576712436943,0.2746506170465794,0.35343311266817007,0.4261888562442841,0.49711619616186165,0.5540207336764327,0.5658574773575885,0.5461361984883252,0.5465095394790807,0.6275905518525324,0.79614978119056,0.8937209482250446,0.882731002162035,0.8735443195727207,0.8854466206350008,0.9121709337788244,0.9397679887367888,0.9402958429599276,0.9019753583678686,0.824900786718209,0.6177436302158286,0.1296632266205744,-0.31422949620216645,-0.4977915816827599,-0.5533680247410144,-0.557603199511728,-0.5365725296795428,-0.49576319979204087,-0.43983892054657325,-0.37849960682537215,-0.32254277596431313,-0.27803654403417255,-0.2292727452325787,-0.17295725908626006,-0.11775449301571031,-0.07389089388603343,-0.041684390958970925,-0.024050045174847375,-0.01471704087828679,-0.016045733610079427,-0.030898313949161902,-0.05990036365232458,-0.10140703491743963,-0.1512962320462133,-0.209143762183496,-0.2774377394900085,-0.36384027125037194,-0.4459670601378988,-0.5029537966183972,-0.5323719328858625,-0.5365181879592106,-0.5202002994793801,-0.48366197424037494,-0.4264007446343555,-0.36069423591117744,-0.304510428993343,-0.2702257501207119,-0.25578518863671923,-0.2567764749314665,-0.2728240222097596,-0.2940580586358566,-0.3035353894105182,-0.2862072637351509,-0.2387564994819431,-0.17877388388151957,-0.14050395246858885,-0.1276285694686698,-0.1301360349497824,-0.13326024015431723,-0.13592072421249168,-0.13119254190165971,-0.11283746335150943,-0.07084573213913721,0.008022031012712228,0.12928311505801457,0.2779340041774598,0.4091145956960627,0.4859939912163056,0.5177084379447617,0.5292378880615984,0.5351244975007199,0.5351530880053816,0.5237404397210208,0.49501574324093245,0.44108185945095746,0.348648606747061,0.19841334256234705,-0.09171230680435799,-0.4953974295353248,-0.6723742961827474,-0.6980158199473685,-0.6677914454222846,-0.4776276617736834,0.5224848666322068,0.7733727470357106,0.7914028326129924,0.7871942894072825,0.7725297417920892,0.7488314950864953,0.7165363785860268,0.680605153112537,0.6512782267679913,0.638175478252072,0.6232527171072786,0.5546568634291374,0.3995501750885605,0.20643199466236162,0.03220841519934445,-0.10022403982507472,-0.17692453103044678,-0.2069364319512826,-0.2038799062385556,-0.19758086645159545,-0.2141201934713662,-0.2338177027297016,-0.22603518922417978,-0.20585811409152183,-0.19060091290154227,-0.1822825034498497,-0.17909984068446705,-0.1798638121141283,-0.18447111077547765,-0.1909096502218812,-0.19564845294316047,-0.19715586480017147,-0.19936704003209196,-0.20892463147119675,-0.23135935643685895,-0.278778933256915,-0.3687443601330202,-0.5058867111610048,-0.6656461000304109,-0.7819045703553973,-0.824529385172549,-0.8192318764983173,-0.7801534568262894,-0.7339066105641653,-0.6973759145034698,-0.6685649747868405,-0.6290806088944891,-0.5588208689834143,-0.4455551720890196,-0.252334114081868,0.05838896774774866,0.40179422193303466,0.5866110519973915,0.5556288102550808,0.298256930076301,-0.04171242728464402,-0.22990129810136214,-0.272273737590543,-0.24788839299163837,-0.20536171016586272,-0.1652832467803256,-0.13497069461655717,-0.11740830501229049,-0.11290091133011726,-0.11900385427914527,-0.12856358307051372,-0.12091655502238116,-0.048560451956312124,0.14161065170990736,0.37797645279175013,0.5297059056843484,0.5995555594939783,0.6258382387670192,0.619157516674792,0.581110694849865,0.5227165177799541,0.45743252788919203,0.3965816810392502,0.3573874404955367,0.3495709026359971,0.36542852972979956,0.39305788351768545,0.419203297015186,0.4389260870662031,0.44773394905051817,0.4422142829395061,0.425068288178335,0.3996756636146155,0.36442393994292105,0.31891990644586743,0.2648204800217897,0.20841319042558332,0.15170612651314064,0.09509043918879785,0.058062595605585215,0.052114791969387717,0.07335821298236012,0.11156154620397686,0.15348284974025814,0.1965726466083097,0.22615110250489814,0.2244369689461237,0.1781639128182747,0.07984459341452214,-0.0641241472226811,-0.20066378631972007,-0.2947747230355343,-0.3448690925537569,-0.35931736402784553,-0.35815581948290076,-0.36454755236155556,-0.39061205680299593,-0.4422648531352377,-0.5027955686731493,-0.5415110104110074,-0.5501849684801671,-0.5334397716743304,-0.5005157480122464,-0.4656970072662842,-0.44283333667401553,-0.43383456175121854,-0.43448089029928655,-0.44465487551950644,-0.4591726056127338,-0.4752155892158783,-0.4863627189651,-0.49080842894009524,-0.48956572142098675,-0.48315647635974446,-0.45747991376435093,-0.40294098491271385,-0.3264348326149761,-0.24810877205402157,-0.18155277391973487,-0.12645888034747,-0.08029970571652102,-0.03342820202809861,0.016601132570070648,0.07469736719169874,0.1479975093447645,0.2295214910542182,0.30150724958779773,0.3465734189837739,0.3653276272341813,0.36837423771018835,0.3782274219197299,0.401152141328835,0.42199022587657914,0.4311285236062278,0.42028104840920333,0.3930580010991584,0.3669631305796725,0.3555137785972671,0.35700947679015604,0.36895535541575875,0.37219216799596666,0.3400875174402473,0.26196544470242705,0.1436539630171803,0.02283559884238072,-0.036064241226217576,-0.0011637109845233484,0.1047834310022282,0.2037953360792671,0.2796523768786386,0.32924957135793853,0.35189366914566356,0.3524462251800219,0.33549965431879375,0.29596221087132857,0.23967712138051217,0.1923577460726166,0.17145129009764723,0.17285129553820144,0.18264443626162588,0.18942226409811452,0.1934959414875223,0.20457081276225852,0.22679911898870847,0.262786936601839,0.30273797532783747,0.33903040121828465,0.3668144635771839,0.3866816601727437,0.39601180122344637,0.3906715678824123,0.3664750488372737,0.3129149383667073,0.2104321069660587,0.038484244861626354,-0.16404964296219193,-0.3115789448945,-0.39826751165606905,-0.4519900497248074,-0.49354875099959744,-0.5265571620008478,-0.5385106641161708,-0.5166124151715106,-0.472515662205002,-0.43166310172987826,-0.3997145650686326,-0.37643111857901057,-0.3662646204954774,-0.3674649683094371,-0.3757709521099399,-0.38204928749338984,-0.37277295733371285,-0.34173022688522464,-0.2805040072765743,-0.1634903754382159,0.021259842046742822,0.11506444130443148,0.09330020690616726,0.028807884012852825,-0.046399044342071184,-0.11641626386893827,-0.17474370410736315,-0.2200670228819759,-0.2497913999267192,-0.2609149374038427,-0.24627741877786993,-0.19908093267047428,-0.13001162802834856,-0.06964411906793962,-0.050043328737667675,-0.08617311986546315,-0.18518409204104935,-0.30502501103695295,-0.3549179088025518,-0.2548621795062336,0.06346479659094126,0.49161046951831056,0.7258984761643809,0.7947727918224403,0.7929625845081658,0.7454080255589927,0.6453860838336652,0.4711388523240821,0.20692327467325766,-0.07465911370418024,-0.2759626486334688,-0.4018507130695197,-0.5301576001766238,-0.6873720632862237,-0.7904610182759708,-0.6660908825456244,0.3308765671379851,0.9061506375236199,0.9439927193462048,0.9257154662230052,0.8934701148698929,0.8500159277765637,0.7907325076373062,0.706673636138381,0.5897010430566479,0.4376634209270566,0.268970673750987,0.10855008679599054,-0.02402112963637351,-0.1228697818339488,-0.18679855279798177,-0.2191945133943851,-0.238657626949516,-0.25799129277761,-0.2844049128388306,-0.3237093717356924,-0.3648024197420114,-0.38621034657392417,-0.3778297885461517,-0.3504147738705412,-0.3212682785884283,-0.3005892774578138,-0.2901278622747257,-0.2916159147919742,-0.30492856499790116,-0.3283356235807493,-0.35971719663010376,-0.391801420887615,-0.42229443092418795,-0.46442662375903054,-0.5365450338162857,-0.6103927534156054,-0.6301989493141884,-0.614919387355058,-0.5952248278503136,-0.575849367994153,-0.5547010737075272,-0.5245464568969207,-0.4764457525656938,-0.39864285543000233,-0.28526654546550834,-0.14088621758728986,0.009526311702697842,0.11603492306648831,0.15980487142783312,0.1682312724857981,0.1734575364031712,0.17022687481294083,0.102020016916326,-0.08999702335677176,-0.36968471488676985,-0.570884555387003,-0.6279553673130639,-0.5801493166984352,-0.43934148668433276,-0.18149769711983624,0.16367659955001027,0.4310876507293885,0.5092070513472945,0.3877257997710648,0.005563237336448915,-0.46751130686988024,-0.7092433663317805,-0.792530007416313,-0.8062294032293592,-0.7700405666252523,-0.6679788987006926,-0.47201822940896826,-0.15700102492265247,0.29616255621483173,0.7336129928731554,0.8312837250046562,0.8081167340255708,0.7955634544801912,0.788435833628989,0.7703929560235441,0.7265547913518151,0.6549539257853612,0.5843799077393156,0.5542258445289493,0.5721256990084624,0.605675862304872,0.5489959934701782,0.421349126037864,0.3483364906295921
-0.005606134101566882,-0.12513875345570868,-0.1940321285533146,-0.22193901649004047,-0.22076401259606515,-0.1978273197809535,-0.1642421184651062,-0.1311253668116327,-0.1074606796352175,-0.09542588104918819,-0.09363593796892705,-0.09956889972251495,-0.11348785311841753,-0.13457134330025936,-0.15915972220561178,-0.1881326234204921,-0.22752579941364018,-0.290454020588076,-0.39322194668584476,-0.5353378759126093,-0.6632071587682994,-0.7218876608019027,-0.701240021841947,-0.5833740872146236,-0.3963388999458776,-0.2967544913403444,-0.3144346322300318,-0.40361154086228385,-0.5288648530175801,-0.6613700228108624,-0.7637507276488597,-0.8174093177843822,-0.8292440339476602,-0.80872672433428,-0.7532910797544096,-0.6474177815745195,-0.47367795844714816,-0.24553097183766232,-0.013565465396263769,0.17224927810527899,0.2972029972543677,0.367550495340433,0.38924842167163015,0.36264903807351206,0.29398942342773093,0.20443740810158575,0.1136748852557125,0.033026999048239504,-0.030075240258537514,-0.07188931078287476,-0.0972492580955072,-0.11527258207017235,-0.1352719502948204,-0.15469534825670814,-0.16824948976422183,-0.17715555535969343,-0.17696269052632135,-0.14485911438551496,-0.006675536619336146,0.3474288795964417,0.6402978389479064,0.7145551027297167,0.6269454793293259,0.009693005890828435,-0.5950414159093362,-0.7685233601205461,-0.8530926745550228,-0.8263161219163082,-0.31230857569297565,0.1934385284284598,0.4419274303924768,0.597108257751004,0.714041105155723,0.7980189284886842,0.842326694783199,0.8403165722101357,0.7782906887857761,0.6414016434952194,0.42416219059493443,0.15372185865735288,-0.06632714944519824,-0.17865208145860484,-0.1957931828931342,-0.12938878490128813,0.039153941516777674,0.25079808416815264,0.3626971087790648,0.39971964638481283,0.4060350022722098,0.39455321721138104,0.3647954878217603,0.3099418078067462,0.22496651658450853,0.10942740148807778,-0.022656459904176442,-0.147323384702435,-0.2542069510618482,-0.3449742207019432,-0.42624585777901275,-0.5021847360713149,-0.5673614591830484,-0.6124825662617089,-0.630406195389905,-0.6246509003910872,-0.6074964616669267,-0.593177921086822,-0.5962393657283729,-0.6264985771261532,-0.6819293760958294,-0.7331679181443931,-0.7016552166519502,-0.5504240462405321,-0.4116992758000529,-0.3443401763525615,-0.32026330110874085,-0.29459915479362936,-0.24901067448814626,-0.19529853324357965,-0.15293564490385692,-0.12260636326726425,-0.09676201992374488,-0.07676634695848752,-0.06853827478804206,-0.08604221178901801,-0.14504860092109614,-0.26190418506037416,-0.43547416349553336,-0.5265898600185109,-0.45273065874489077,-0.35805127333233416,-0.29301580929669996,-0.27077025702800617,-0.3007085200090428,-0.37332094182986725,-0.4539128259058349,-0.47969240139534036,-0.3381160639494233,-0.03605221743050922,0.24687352535962762,0.44992158283740274,0.5915612831462183,0.6889584645684889,0.7504341744712894,0.7795705391780289,0.778257720048603,0.7495126948453543,0.6969784015833304,0.629077739946811,0.5576890050471124,0.49000368579983516,0.42759978826671535,0.3646275602738524,0.2965162586360439,0.21626719167627542,0.13378939053963904,0.07429418341563117,0.060672603918839454,0.10356555174683889,0.1811701975918601,0.25118631306486244,0.2848446181795448,0.24202987725436245,0.07266737046284108,-0.17628625270925596,-0.3654068963310401,-0.4733516320525122,-0.5228733417416664,-0.5428883179567718,-0.5578821605715427,-0.5899694069577712,-0.6490919565673526,-0.6736430549629151,-0.6063208545636539,-0.5734308304577943,-0.6131656653200692,-0.6659968916127837,-0.6774222717771289,-0.627761640721602,-0.5230767286769701,-0.38817731645595654,-0.26617324096861344,-0.19486817776783924,-0.19079734354806646,-0.25539178074992386,-0.34862277270530895,-0.43417659717364737,-0.49960674835362506,-0.5483386635444178,-0.5810088092453634,-0.5975494695573095,-0.5991861529747078,-0.5919271804032086,-0.5836352146297857,-0.5747557850161675,-0.5411660501121298,-0.4398255410533711,-0.2747155298754161,-0.11382957383953343,0.01287033468079097,0.10194559887867102,0.15128424890208378,0.16725386851383203,0.1602051228574126,0.14066483299630883,0.11950939185780571,0.10355589931753353,0.10271268942900848,0.12587950896145764,0.1764293429534654,0.2487116089790849,0.32055349150404777,0.37210881477986735,0.39195379686142334,0.3851338859361044,0.368215246072235,0.3579109771893319,0.36224350844554176,0.38207968206392895,0.40432572521100413,0.4184677842461123,0.4213764172066219,0.41011260715422004,0.3826862689850131,0.34445254668618513,0.30238846129749186,0.26466105513207155,0.24371404861842322,0.17844759486807948,0.07820509641642703,0.042059076245806466,0.02771879181407551,0.02896064322464147,0.04523050229446692,0.074465824955645,0.11086710451626174,0.14969542954354464,0.19433259203996378,0.2533402913495166,0.3330050471518762,0.4328181944073676,0.5246289217402416,0.5694248747902381,0.5645850937722025,0.5373674548521185,0.5019371934396272,0.4690970321338036,0.44134152924166026,0.414018904757539,0.37503178957621564,0.3214172277990214,0.24374592610461343,0.14198794291487266,0.02579083200430396,-0.08779518069360336,-0.18598447646053023,-0.256248404492821,-0.30304694325993947,-0.33358471599781875,-0.35717973491531585,-0.3854743010763453,-0.43476756764970653,-0.5190201239761505,-0.6451202633816959,-0.7830958399672192,-0.8458826748918227,-0.820344291209668,-0.7638411187984715,-0.7158299242387856,-0.6834424664039854,-0.6621943443141728,-0.6448942463965625,-0.6234496123145213,-0.6007902053867955,-0.5898401104655387,-0.5980512396568746,-0.5899715356704628,-0.4861162089140783,-0.3442564616180027,-0.24707510212217118,-0.19213155577679147,-0.15594749280609932,-0.12785819774547297,-0.10061741866437095,-0.06491256886081002,-0.010872429551466396,0.05792378743041909,0.13100181956580012,0.20784813274879224,0.2875420584872994,0.36345161726814607,0.42862696383896526,0.47413056672284926,0.5017433378443289,0.5281225502706034,0.5666820457456726,0.6232098903985962,0.6810727623701712,0.727764159478842,0.763780422583174,0.7832079911438958,0.7561379858534928,0.6344573552389836,0.4096246536030365,0.14557705656350703,-0.07453525924772399,-0.209359376867553,-0.2728622609203733,-0.291802801560217,-0.28994770596676084,-0.28844127064612435,-0.31418154383116714,-0.411426259840605,-0.6558138477791248,-0.8265356658324471,-0.6800044685183432,-0.6238263905416689,-0.6775043022701289,-0.7975909859591206,-0.8255879648978568,-0.6228198016631443,-0.39898583540462723,-0.23437713807843602,-0.09508077687786877,0.04860673236939567,0.19353653291569042,0.300396457217393,0.3558073168565493,0.3827692041633672,0.4049345892773127,0.4305362727132982,0.4588401874508334,0.47848932908975383,0.4763078182206727,0.4462023094835218,0.39750487282849956,0.350617032388674,0.3145255937985627,0.29028986523969647,0.2820701602806975,0.292309132691524,0.3218391522884687,0.35429793089175843,0.3676572278285784,0.35032896902480287,0.29669292283841775,0.20155164741756945,0.05548560108775186,-0.1481583839228034,-0.3765984204928417,-0.5473102727212555,-0.6265929803226283,-0.638363305161578,-0.5972225691490585,-0.49598669712832927,-0.35320007607154047,-0.2281560142270366,-0.1623671228220721,-0.14060828781935478,-0.12038729446259194,-0.06993054667204414,0.017848105222311006,0.11578650597260712,0.15234314153515308,0.023327088294434417,-0.3663499610952441,-0.7115849468733519,-0.8191895993072474,-0.8383574316933388,-0.7767936384623814,-0.47923403469845277,-0.09832311795324902,0.08900226825074795,0.1548552721018954,0.17513352255738654,0.1904302313748276,0.21777723593898374,0.26292472855394144,0.32233311579409346,0.3845160883348945,0.4242901807761542,0.4168819607491629,0.36224304995212564,0.30272527901484725,0.2666120260308023,0.24224563613020664,0.2141340375212912,0.17855363729288026,0.1549875838022884,0.18003484485767884,0.31917481902550765,0.6822999363970557,0.8385639445688579,0.7129893959067677,0.6564468982834516,0.6355653036203355,0.6101398453841662,0.5495356069140144,0.4558385401283703,0.3673442130606083,0.3097517678291162,0.27412264135598363,0.248388930072793,0.2200400885471973,0.1812076824681481,0.14018527233261435,0.10840415839158725,0.09212675433826473,0.0720170463000619,0.03422385132526601,-0.026066359785633687,-0.10744125898289379,-0.191795551296164,-0.2556741794017745,-0.2843009930304612,-0.2793008661009198,-0.2559646638399902,-0.2278299207521507,-0.20335386934114086,-0.19253624453013093,-0.214859628674605,-0.32267375942947135,-0.561377922571849,-0.8083168560006722,-0.8993265472890632,-0.8952979040162798,-0.862873257807437,-0.8251665186890486,-0.7915171942922046,-0.7633993322923048,-0.7429869289047086,-0.7278013322831379,-0.7063471422496418,-0.6710265087209633,-0.6309620629819739,-0.5976079563798836,-0.5637940600422672,-0.5123621789238824,-0.4252871113616659,-0.29575128745224,-0.14034189904826677,-0.006381219163309995,0.06581124659306006,0.04854230568606058,-0.06841904614499811,-0.26244830996734503,-0.46812592680749887,-0.6257189700638383,-0.6964600670439246,-0.6368309668992583,-0.41430826940377924,-0.14793905717621228,0.02084190204720543,0.01879657768570599,-0.13609008509008927,-0.2849256824340832,-0.3305561336786768,-0.2751591194542087,-0.15296046795757914,0.054042854967827465,0.38143111309090844,0.7329461339329969,0.9272850987905419,0.9871234366026375,0.9949529697775482,0.9859247331003511,0.9718581691278877,0.9550497605164218,0.9268979858097842,0.8824523962904121,0.8140110846847921,0.6389283572401054,0.45126691996631274,0.34374695110149,0.2908818213303082,0.27109177491356873,0.2774655830639785,0.312730177773452,0.3866180695691223,0.4905453024139264,0.5684746032373572,0.5842970132785031,0.5608761014314264,0.5200363142838083,0.471355610433179,0.41696389484005963,0.3585971972552341,0.3000591980894361,0.2517203546513997,0.21773401933163405,0.19651855680832758,0.18179119658373866,0.16224652893468736,0.12269404083197687,0.040515845744822386,-0.09492195625417725,-0.26268165101486424,-0.42645164260824425,-0.5540905358646098,-0.6333718705653211,-0.6627905970653188,-0.651009621513434,-0.615025593333713,-0.5755303700812611,-0.5500792152673927,-0.5534095149068232,-0.5949605582387654,-0.6765754610843772,-0.7868164794031243,-0.8629430737472474,-0.7675479418796964,-0.5753149519405445,-0.4571135340423634,-0.41755569169663337,-0.41507240748390317,-0.4150593297020533,-0.4071483558261239,-0.39477693905055755,-0.3845844911793318,-0.3838817153269126,-0.3908967857882635,-0.38011178911318083,-0.2950267910280696,-0.175381012594371,-0.07719216426518367,-0.0075374054145915925,0.032695199676999596,0.04899433673737005,0.053220340506985646,0.06069711544695466,0.08157733886819385,0.12096357658491115,0.18158267063034106,0.2681124386403841,0.37977954584898177,0.49475991621583626,0.5845258299152081,0.6351640944589573,0.6517791250980921,0.6509578889331844,0.6478099207009644,0.6472202276608442,0.6468051738789075,0.6469414349279268,0.6496161173487442,0.6534424465783002,0.6579707380888041,0.6613321963153395,0.6670376214576378,0.6779010514117997,0.6945154241471171,0.7140883580360272,0.7265707584086998,0.7221852779838182,0.703221955481981,0.6803554680549532,0.6614297915313565,0.6477187932351519,0.6372512189582314,0.625052105616297,0.6016500516484761,0.5571436142309786,0.4916299851572276,0.41280217809136205,0.3183843401102776,0.2105688568560658,0.09791996505231354,-0.010234917768422346,-0.10213036355142467,-0.17171367995293135,-0.21865212526898234,-0.2501173645491268,-0.26978190752918213,-0.28285449384265193,-0.2981108538394709,-0.3205863199757419,-0.3422582917303933,-0.3556561346078102,-0.36314938360144955,-0.36557618937860653,-0.37477470028443083,-0.3999102191316807,-0.44958319635601984,-0.5343209968138407,-0.6551448964360472,-0.7682383856620486,-0.799485923114046,-0.7621320808529988,-0.6993762524692101,-0.6251089465023038,-0.5587735183268397,-0.5195093390349862,-0.5164053528291824,-0.5559752819092285,-0.6373583766871939,-0.7038690687966076,-0.6719971147081938,-0.5686411917051885,-0.4491707556277833,-0.30787256790194906,-0.14726489761231323,-0.022881180600980693,0.04120219155326595,0.06139673796569454,0.041473798832376764,-0.010442766976673573,-0.09179944984449555,-0.17918912515861368,-0.23951073509594203,-0.2324347265889568,-0.1396567525483428,0.01892235889356262,0.17447399701022615,0.26282352735924897,0.2745424900270152,0.2292240848029244,0.16396410341428713,0.11351313736071904,0.1107147512865907,0.17597061887727872,0.2790757609778758,0.3907219518526376,0.4949199145905658,0.6065605275946302,0.7143735679720072,0.784343073721951,0.803389367520208,0.7343708644277441,0.22398328858259545,-0.4052309405984358,-0.5817071451162519,-0.6147453104910127,-0.21515126586307923,0.49033420682013235,0.5734511684039467,0.5888086695735509,0.5933009261491515,0.5976607367662796,0.6037481381440248,0.6064678331178424,0.5907581854516317,0.5400019010397749,0.452999670409052,0.3533595341859434,0.2773760295181564,0.24747446408011806,0.25406810473983804,0.2732366838756813,0.2861647778584673,0.29213299922499425,0.2981992269151195,0.3086629622179927,0.3206279651141457,0.3247374588851263,0.3176319216853521,0.27862781337394893,0.17362201841219138,0.001256824414597744,-0.16412070882027863,-0.24596868568157143,-0.25415036292557847,-0.22544517292118582,-0.18528931414596303,-0.14684578397181072,-0.12148548920379604,-0.11517615368948292,-0.14140736319710082,-0.22528633113856494,-0.3804462502520386,-0.5562223218815823,-0.6609623255071512,-0.6879199331261523,-0.6792660011243737,-0.6688081748139707,-0.6739204301530134,-0.7050463536037029,-0.7752376557018128,-0.8803765686466506,-0.9111209449273557,-0.7432035111319255,-0.5332873803028743,-0.37322896215160234,-0.2460282038835485,-0.13862332223630516,-0.04800277896248087,0.025841334689814064,0.0833482992322967,0.12410142262066827,0.14101707556004298,0.13267810126840504,0.10550930361875323,0.0735025447980109,0.05946100184710192,0.09935804123321396,0.20246357080516486,0.3105471847208155,0.40264436252698066,0.4955615360414763,0.5776686995627404,0.6174328077921156,0.61226893732442,0.5981562566834937,0.5889456863965347,0.5823193093907431,0.5709128325606558,0.5516493182121585,0.5289246018449731,0.5058117018535834,0.4818801740402325,0.4562061559161535,0.43118727067436746,0.411020960739155,0.40844612706104144,0.4390948681563519,0.5203900578129559,0.6583417854930129,0.8067569923720586,0.8135116792129717,0.6664434672239403,0.5081432385704784,0.38324738336173086,0.27253448408251996,0.15387969581385955,0.027251102714985053,-0.051154461030955625,-0.0549635703788968,-0.025151263829059058,-0.007565895756109554,-0.014099710046840385,-0.026667093416648087,-0.035834323728677876,-0.04352573787621163,-0.05388354951651583,-0.06471412578142474,-0.07151599397006422,-0.06796561774558041,-0.05379691783722794,-0.03972662405960385,-0.040842784540303545,-0.09764924388285322,-0.28862306195210896,-0.6029138621295116,-0.784478286805414,-0.8332044973565533,-0.8508962840250026,-0.8541867162175535,-0.8254270628281186,-0.7603997509326567,-0.6845905641671971,-0.6228393837341285,-0.5606150804451875,-0.4312522749860416,-0.21144680807001362,-0.06011372800860236,-0.022991446627889957,-0.04513428253352657,-0.07864969692920468,-0.10309694820208669,-0.1244273604867173,-0.15473407113102336,-0.20374973172948715,-0.2691144178120171,-0.3399839082538339,-0.41001697290965583,-0.47219800484084806,-0.5208408855676617,-0.5237174417027547,-0.3589452385520698,0.019125722028325735,0.31145097677385464,0.468055771146265,0.5555997165149361,0.6049834995362314,0.626656078991271,0.6230322186711235,0.5795336452611451,0.46044297913293336,0.24796814263521103,0.0492637803913092,-0.031250405635493826,-0.011707582125058184,0.0701669512092101,0.21187618408026118,0.43944375767997645,0.6748431900267479,0.791565584541856,0.8174472386686006,0.7725345381139976,0.6984015338364488,0.6225167938253692,0.5484315641293974,0.4627228505903803,0.35096612380791464,0.2158388111049122,0.07946116817501302,-0.037490852231118824,-0.10740390606151141,-0.1322520981017841,-0.12625525381221547,-0.11224385290822107,-0.08970064666748387,-0.04488287472386196,0.01826588494036194,0.07543707530139686,0.09528712150256095,0.07196167241385007,-0.010409100869121678,-0.12844128347663425,-0.20728481461612344,-0.24741334868127646,-0.2776816424582039,-0.31052116182798634,-0.3471332351083201,-0.37992395990380856,-0.41014019717081046,-0.44478514023278076,-0.4979744173453625,-0.5786354944692932,-0.6774053673396895,-0.7836830343639543,-0.8786492481400919,-0.8775303124549166,-0.6658224604942706,-0.2875136975459979,0.20612209175983814,0.6352670048926575,0.5841396562399654,0.4255152592058732,0.2954758758002121,0.18828160012223996,0.07779929186399055,-0.05994526785607232,-0.23399053278425552,-0.3435596950795303,-0.3437008721164907,-0.3256477883269291,-0.3214522030955423,-0.34143910993814397,-0.39237521429014255,-0.4760834530219637,-0.5629920758544263,-0.5939663545926136,-0.5640842843421553,-0.5318841150667005,-0.5298146570510419,-0.5548826164031793,-0.5827351885355725,-0.5954860654690881,-0.5945315810517118,-0.5851908760726916,-0.5671770189895476,-0.5382608159435323,-0.47498492792388197,-0.3389554139112612,-0.12327437605348833,0.1436762905684231,0.41794740811979736,0.6496457349690415,0.7990284751582355,0.8496763342958545,0.8239230480692895,0.7683238753651541,0.7141384814718615,0.6731138730332338,0.6491596100081243,0.6388291219131956,0.6403062861829345,0.646307870918089,0.6492300470631989,0.646476487910212,0.636641240127904,0.6215813362501593,0.6055291937439171,0.5886898782034019,0.571714984784698,0.5534671033531803,0.5340369272344855,0.5146876295178666,0.4991571224433819,0.4866974677429722,0.47564902829831224,0.4584647704585046,0.4036490216469732,0.23048383861401223,-0.1474697001457466,-0.45005487210554523,-0.5608176793033697,-0.5840610070759239,-0.5485321289014429,-0.40803589400015994,-0.15229597800969646,0.044699423840253036,0.12661258629206928,0.1392950409322558,0.11186284169611041,0.054247530822256314,-0.0328758817404656,-0.1539865633141063,-0.29752874728695383,-0.44768540439166354,-0.4695370971022413,-0.1617736751474029,-0.007261251145552793,0.038560369598219665,0.03535567631266234,0.008268182216657783,-0.029082465807666096,-0.06919121292202243,-0.11137229011977223,-0.15988094820605883,-0.22473890299588634,-0.31494707947743095,-0.42524715823708226,-0.5254829647191905,-0.5777287226988248,-0.569937259653612,-0.5111654320079215,-0.4137857914180463,-0.29419377663187457,-0.17791158181003283,-0.10165667114442575,-0.09763874503759142,-0.16021591300295335,-0.2511467272885812,-0.33560853261416246,-0.3878019798791937,-0.3955854403862681,-0.36748673924065783,-0.324441461249159,-0.2727529453766726,-0.21217559239239542,-0.1387118247132994,-0.04170345239873131,0.09551752214850436,0.27042032204086164,0.4064156190913979,0.43383709380961827,0.3844877869873948,0.30422780160037266,0.22172375987814885,0.19496559508181766,0.27991685205964484,0.45264984256506996,0.6309216914715442,0.7527303887023616,0.8021627912824819,0.7746451316973527,0.6739925030937143,0.5256879215168261,0.38533494980295413,0.27940235588351287,0.21285855920156047,0.17714813086406875,0.1615027367543709,0.15821970814332303,0.16642339567057285,0.18321124060918498,0.20221825929665868,0.21634629818027004,0.22530087817402122,0.23059242040223965,0.2348105523593612,0.23881592809498722,0.2436753522098355,0.2461175732970883,0.24450935240922853,0.23348739678425126,0.2127105715498477,0.18842679551273853,0.16064760043933268,0.12313858271257208,0.07693409381680466,0.019491282737579347,-0.047353624922640704,-0.10963454396506439,-0.16620197615711232,-0.22204011875119575,-0.2828260933619124,-0.3083322674994306,-0.20062878799982914,-0.10222829587499163,-0.06274399341295055,-0.05933269264596169,-0.08333181921646929,-0.14170597884784927,-0.2567997234016621,-0.47284331690459425,-0.7233911498508929,-0.7918626511943588,-0.7515897838849388,-0.6797504711087035,-0.5828073459869243,-0.47671982890733566,-0.379711856853512,-0.306127168041557,-0.27436872219658853,-0.2844655759815646,-0.3265706627782557,-0.3669029244647567,-0.37714065178049955,-0.3579187932184396,-0.3220785943213321,-0.27974859321099893,-0.23795079760628768,-0.19969492722492996,-0.17162778497199932,-0.159085223428628,-0.1669416256611372,-0.19719743222277553,-0.2412100309921684,-0.27261912898903706,-0.2540502370806519,-0.14619830437026635,0.07056716542953002,0.37730313290930434,0.637252596686339,0.7407786441778661,0.7764404860797939,0.8091085477563246,0.850459154648114,0.8955717110052357,0.9329155913311623,0.9562697386924638,0.9673803984573908,0.9648825756587203,0.9243395583751361,0.8175074084528412,0.6993621655516638,0.6243702713560403,0.5666869877531007,0.4951555793417204,0.3985015220340881,0.27903503097750443,0.1407166745619715,0.005322755386939404,-0.10833525033495643,-0.20725298947375356,-0.3081616867861276,-0.4133179820741398,-0.49549050232236574,-0.5196640616498627,-0.48550258935606233,-0.41878019819177825,-0.35970634756260683,-0.32142032237362633,-0.29826760938341096,-0.26610151777120294,-0.20563847973976446,-0.13503514985158793,-0.08304714351765156,-0.07470382224768533,-0.1244690751048424,-0.22803333787955246,-0.3646180588295522,-0.4986157743785803,-0.6065586169563596,-0.6287183255579014,-0.5510657524192564,-0.4664979086095755,-0.42319671339664783,-0.42555302591029787,-0.45934919475735597,-0.5101701207912106,-0.5550517738441835,-0.5960467758476414,-0.6495662491325566,-0.7110175016687862,-0.7562381148318134,-0.7722289199057891,-0.7653413264423933,-0.7350542615158823,-0.6793043212977431,-0.5909884130887632,-0.4747235783486498,-0.37228056189601866,-0.31802095252472157,-0.30858721634918745,-0.3233452616382537,-0.33463003457071633,-0.3420557326626409,-0.3696891988726981,-0.4390169935625802,-0.5078185077270921,-0.531855931117286,-0.5047249296641022,-0.4037407011267789,-0.16625521867272136,0.19622794064860646,0.47876242336178554,0.6176100326314601,0.6791939272794518,0.7115518377332334,0.7322984783686628,0.7414769978360111,0.7252145707910298,0.6498061911505421,0.49704448924854416,0.3091125658971551,0.1205694276693299,-0.062225789888357266,-0.20814379075289294,-0.28457970077491074,-0.2828983111541904,-0.21077266162767344,-0.0810760675434626,0.08571691692364657,0.2649417192508354,0.4271782186104501,0.5401008516907029,0.6040910847483454,0.6369667514189071,0.6512879657841403,0.6482176055817995,0.6345484681146439,0.6155556955155432,0.5904760209985755,0.5504795438564581,0.4892263612363351,0.40913985063963887,0.326965018891212,0.2746299515815983,0.25380134669550597,0.2365621057848669,0.20245710063397163,0.14716806187901524,0.07717900478166191,0.0009520607627074974,-0.07241273412283823,-0.13436485270362095,-0.18010785373540467,-0.21833733859572152,-0.25994373604042187,-0.3035478142738483,-0.29333223250917617,-0.11427340860032108,0.1517205502260415,0.33890590971048035,0.46104663515658373,0.5307944694322181,0.5012362497370141,0.2828480518155752,-0.06828830104102634,-0.3444303001217895,-0.5029425043046106,-0.581182509086811,-0.6087693406742984,-0.6178789782942129,-0.6304370479234926,-0.6539038516214114,-0.6848876943545981,-0.7137264659904019,-0.7347481498005354,-0.7447338510794931,-0.7361749808837373,-0.7094321439868179,-0.6646002332010482,-0.5951493732539186,-0.5036504274000243,-0.4066694097451936,-0.32112494315880225,-0.23651109061003928,-0.1386711244689379,-0.02404780612663399,0.08942522784934455,0.17945916620287422,0.2264443407434259,0.228569358400522,0.18588703162132153,0.10469269510679802,-0.008596230893787632,-0.14270833940031571,-0.27538603838509734,-0.3982434382846823,-0.5061773823730199,-0.5589036677877633,-0.4856243695427042,-0.33102597929347055,-0.18796896293361726,-0.09027730837877183,-0.03672582207475992,-0.018795138877833507,-0.00991480818963658,0.01960805138943573,0.0867005693498601,0.20617027851479244,0.3960110480401388,0.6379970007011637,0.8400339446666971,0.9136638838233145,0.9095081555013022,0.8877879151128109,0.849716303234456,0.746207402117279,0.47343899214420687,0.1222277099778311,-0.04057878878266781,0.05256350089434318,0.4087894577180008,0.6380354090683792,0.6503127924785889,0.5999872802762617,0.5164735550649332,0.3930117746569277,0.23234002097611592,0.07585761286340663,-0.03535525819439765,-0.10531747941673002,-0.15637491353594732,-0.1943932110392011,-0.19044640415868525,-0.08283414240910443,0.08502720662388202,0.1478394496047231,0.12200364156300271,0.06524614526960137,-0.0002759150556137773,-0.0657059439983003,-0.12548434905028472,-0.18265718817440704,-0.24770461472056032,-0.33757321939570706,-0.4510536656884309,-0.4850782675443226,-0.3643524810630819,-0.20027964501076048,-0.045382095674663774,0.08018467016804151,0.13778042683952058,0.01662367544077995,-0.44993750209637046,-0.7806291562935507,-0.8574659669924126,-0.8695542133422516,-0.863639854227883,-0.8508197815376095,-0.8361561053041311,-0.8187677871496389,-0.7931126208077847,-0.7499936832912125,-0.6750005508743455,-0.5432935616303466,-0.35640789382769233,-0.19235632574149159,-0.11195025175715065,-0.0933684777588353,-0.10339985757329898,-0.12811034527997425,-0.16890665411404696,-0.24321782139309248,-0.3856673300852675,-0.5288909822519107,-0.4163853611600552,-0.2509306777034259,-0.12148291900505723,-0.0139642413561011,0.08369787161206013,0.17576251557888056,0.2601004943768077,0.33144964983132086,0.38863030948931143,0.4411748224781921,0.48889618563404774,0.5242052741007374,0.5394920529961035,0.5404668859251975,0.5467713441354789,0.5780840689446511,0.6249516645555938,0.6684078929627495,0.7036793490061386,0.7314413375354314,0.7515571848212458,0.7610043379470007,0.755222648058779,0.7344198302302234,0.7022201844508155,0.6637007358199724,0.6168324761697854,0.5577392443264242,0.47907321301545125,0.38597447961403347,0.2988025183447226,0.23620773708464432,0.19341023917253167,0.1532695829075015,0.103378358605943,0.04669589166031813,-0.007680790698714675,-0.04805986550468234,-0.0635030514867422,-0.05729320489375089,-0.038871975609069624,-0.030590397812008382,-0.048571750670896495,-0.09261311714350855,-0.1476409750769052,-0.1974189460551032,-0.2319340754212663,-0.24701111143586266,-0.24646832680085334,-0.233334784469602,-0.20769524833739317,-0.18352465789920044,-0.1910432563121075,-0.2632499095852024,-0.390447012240195,-0.5166983836128572,-0.6168777839659016,-0.6965319876110642,-0.7532008459952545,-0.7789231428966279,-0.7748636681852906,-0.7480049401183126,-0.6999261094175947,-0.6321150939868883,-0.5514036724409772,-0.46823690844385796,-0.392206343937272,-0.3353179960754614,-0.3217048774420467,-0.3634486052136451,-0.4478435924664899,-0.537820471974723,-0.5944487733284789,-0.6097653761622808,-0.5988731167875618,-0.5725910687815616,-0.5210883068188186,-0.42749009166779267,-0.31171388107349957,-0.2280251180046282,-0.1914877395199419,-0.1830276375694628,-0.1861867601330315,-0.18481537353819558,-0.17881543223217583,-0.17543622862110272,-0.18263512498881518,-0.19319067278444657,-0.1778546614745073,-0.09020729468172536,0.11254200062522222,0.4692885114648047,0.7793868479909306,0.8522883929433274,0.8619242297903209,0.87057554156753,0.883249230200499,0.8980760169274918,0.9162926550404265,0.9353703551469507,0.9432107938597463,0.9002776369640969,0.7357074668129635,0.500379885794332,0.3485070714178821,0.31267165083793763,0.34839176610197425,0.406078753947071,0.45324991856398544,0.4839811240344764,0.49703931657384937,0.49247233048052885,0.466374969755619,0.4046343411332115,0.29425350100422826,0.14050199229011545,-0.022940410072593037,-0.14828486081995484,-0.21219287987680555,-0.22716896766975825,-0.20532700438065615,-0.1529896618787104,-0.07216813635742864,0.026393667964651094,0.11090432733021025,0.1507538363032893,0.14288044153907567,0.08162421816267887,-0.04055962567315316,-0.20080534697274385,-0.33671522446814317,-0.4093529162670717,-0.41717783664605124,-0.4251337272452941,-0.48119078502363866,-0.5820869348178919,-0.7105031413816517,-0.8250753266231587,-0.8863847627231651,-0.8955998397797634,-0.8622350902476088,-0.7624582238232143,-0.5944894259142395,-0.4400440704702011,-0.35390827066196096,-0.317839578157621,-0.30655107121300584,-0.3107845093327935,-0.3379999028881929,-0.39560036639690466,-0.4583540439300966,-0.4881297605578047,-0.4704744053496901,-0.4094208280208114,-0.3325365748724828,-0.2783437502461005,-0.25920460188608657,-0.2717232362154194,-0.31077696379769876,-0.3696203093010739,-0.4336669514884464,-0.4758338599818182,-0.4638840643118706,-0.42680374732169685,-0.4400539693248588,-0.528196190243071,-0.6453619245251236,-0.7623504652149674,-0.8616818883120996,-0.8028040358123611,-0.32141793759821385,0.1411912067833641,0.39399786810794146,0.5469719924536286,0.6587350787280843,0.7480375048658702,0.814836844429686,0.8559975622669843,0.8727804818578703,0.8714794275194203,0.8576841602690222,0.8364705153049041,0.8152455615867593,0.8017978534386893,0.7964812443618986,0.7899550253436215,0.7712275585205576,0.7342997533668695,0.6836261031176784,0.6270782027599227,0.5665953654756116,0.4987337797522378,0.41461664980947377,0.313068401512487,0.21166738592721465,0.14019791099243012,0.11801910048262167,0.13961587076506557,0.17329147890005253,0.18667987691125643,0.15694384360662494,0.07419423279912418,-0.03456230048529072,-0.13054977064717666,-0.20906324545605806,-0.28268526717025727,-0.35450155601568134,-0.4182241029056978,-0.4713224608329915,-0.5154679622369228,-0.5483749895452642,-0.5647674409451868,-0.5629573367694056,-0.5490517837065897,-0.538800780504311,-0.5447166126739426,-0.5632282417064606,-0.5773543014073874,-0.578744774633342,-0.581540501758727,-0.5986348400076745,-0.6249195953269573,-0.6469113807802307,-0.6606915653998879,-0.6639247732760214,-0.6467748388999828,-0.5864424698711211,-0.4702870225660037,-0.319865806409505,-0.18656716316140634,-0.10643449749626793,-0.09315378892000259,-0.1243680408118372,-0.17393257494168987,-0.23190741047596042,-0.2880907941917938,-0.33216278646635183,-0.351806115104202,-0.3385838314974303,-0.2874895686026449,-0.1979080083063091,-0.07092910103343533,0.08129013944769248,0.22299034207100824,0.307598896497517,0.28708947170858445,0.07685023552940322,-0.42755209112050185,-0.8140570500059038,-0.9159004194995044,-0.9175504399231498,-0.7394679542429002,-0.26195223845173876,0.19068267509602582,0.5149824589852706,0.7711160742646743,0.927267444723715,0.964388841334095,0.9537319400811858,0.9418487534237114,0.9271114846282059,0.8953090974725021,0.841807399765769,0.7663761182257364,0.6486764485828587,0.4203298204069247,0.019468303617428358,-0.316208219489741,-0.45212702088072254,-0.4967165725901562,-0.5128101567598325,-0.5072600060319913,-0.456451492478619,-0.33976635360112095,-0.1757695915658162,-0.030761599822386142,0.05754294998791339,0.09425716952132597,0.10633485865855141,0.12413172653031329,0.15477625710392953,0.18448592944945602,0.1860010205297339,0.12900931941655447,0.005409748262215215,-0.16729995239626935,-0.3494586736068765,-0.4995111701767649,-0.597673023587155,-0.6572918992500335,-0.7058141062705834,-0.77083646639311,-0.8510290225214366,-0.8750120515311945,-0.7800615568019333,-0.6482719447500488,-0.5573449686621079,-0.5126424103875459,-0.4997111441453048,-0.5142175333364041,-0.5495844256392879,-0.5893495370065617,-0.6192636360181193,-0.6426554129940549,-0.6591193165215407,-0.6609873545059629,-0.6482141978593905,-0.6221291266273529,-0.5944600341335778,-0.5736667332149442,-0.5633646465704454,-0.5480275491893943,-0.4667843291960825,-0.2557462512560764,-0.005879952218882125,0.19598350659451347,0.35564196826482736,0.48233579620840844,0.5695397419643098,0.6068816086410913,0.601548341859781,0.5730181191349096,0.5379341862097882,0.5132935363620766,0.500118969706644,0.49063617326040687,0.4726872334080308,0.45773855281555004,0.4631367813884723,0.4981660089305001,0.5455666118301834,0.58944194919174,0.6276014164038267,0.6610670644053921,0.6840665671345472,0.6935146334949611,0.6990912510852012,0.7160850651676128,0.7485962196476376,0.7823344875874509,0.7962781936588654,0.7820964005621273,0.7406885798533132,0.6886622859817323,0.6450439716261218,0.6109746376225679,0.5831503624053066,0.5392981299726792,0.45594666733269285,0.3311461900145368,0.19684229009822254,0.07978404056886725,-0.01422492032009591,-0.096677512017713,-0.17939174905496438,-0.2556529132880201,-0.30449190664876263,-0.31107683097748146,-0.2742017093488259,-0.20293230175128618,-0.1152653944975717,-0.03310497160777937,0.000874476424584996,-0.030625277231064067,-0.12854051099606573,-0.26613706540105314,-0.39946123696802865,-0.4963116852316844,-0.551313978923657,-0.5808245741925434,-0.58505248622133,-0.5368365341056373,-0.3827842387508835,-0.13613233168938796,0.06638826764927079,0.19588344625528498,0.29291909356251583,0.260640379216423,-0.052300081553023764,-0.13442192701566164,-0.16187797094383297,-0.17873074813489845,-0.22313696866637614,-0.3085251802186564,-0.3171550335866242,-0.3143026058891677,-0.31192890161807674,-0.29723734858384243,-0.27154927512638943,-0.2400313606973503,-0.20966734348766333,-0.17818518681020704,-0.14409834452125223,-0.11265766365654653,-0.09241973047470285,-0.09258595396005333,-0.11874904403523946,-0.1716081235647903,-0.2780600418484267,-0.44834517223672704,-0.39193829761869337,-0.28721910361176195,-0.2283211077268197,-0.18605516101386504,-0.1478419050733904,-0.11214330279253272,-0.08224965732793925,-0.060072710513767204,-0.04614317780796543,-0.0370996056772088,-0.02581016995143195,-0.0031045451469092827,0.04620943682248482,0.17151921320203078,0.5462451536363917,0.39340715476954446,0.2666375540287242,0.22445476885320303,0.21101861624572218,0.20626222593932456,0.18529772819945287,0.11705299682022055,0.006428261316364455,-0.07768397755179555,-0.08578468238434579,-0.026444243032897403,0.07001428365224459,0.17580238121308694,0.2776885765129242,0.37683491130896163,0.47867068793231277,0.5751397820167942,0.6344668107815115,0.631259093731909,0.5839717413996715,0.5266647266327472,0.473340187167703,0.4294375465061193,0.39199913514203605,0.3341649811569347,0.24915858413404,0.15693129397130737,0.07138342793692254,0.0018745343917481898,-0.045373826761803446,-0.07059497936715992,-0.08872579992778579,-0.1219927113376912,-0.17499618629432717,-0.24406109252662558,-0.30504711208250024,-0.3423700277663494,-0.35918492080718134,-0.36762338260287936,-0.3804943602223867,-0.40279922293900766,-0.44264585613696317,-0.5063246940106565,-0.6084022210710989,-0.7690914311546335,-0.8165587958842327,-0.6057752177872382,-0.4731459433370209,-0.430656407514309,-0.4146473929615272,-0.3742639078131124,-0.2858186805884258,-0.16453316061852277,-0.047254271705034365,0.04428119662897888,0.11268630367679615,0.15791681173684427,0.1752662867270506,0.160569962253898,0.1086282999481179,0.0032081609528450514,-0.17282135642871688,-0.3899147082402002,-0.5643074446342718,-0.6524839863110871,-0.6709668676009006,-0.6492172485000324,-0.6056977279384476,-0.5522039955538992,-0.4918999742464467,-0.400619279878473,-0.25862165043309526,-0.08328833941570857,0.07570638938637354,0.20597776276562577,0.3198398126084265,0.4152302540479247,0.4822046277206481,0.5076212689705717,0.49441830615552285,0.44187677785206847,0.35325819454440505,0.25234477987928505,0.1731057365358453,0.12578511822939104,0.11344974278545326,0.1380298054462418,0.19228389910366167,0.247730177144306,0.2848473093269604,0.3149618475345102,0.34379443414604444,0.3710632632275663,0.4127069025411262,0.46989039489556694,0.515750888020535,0.493621138959411,0.3395682132792985,0.029817514568139417,-0.3185103189846926,-0.5314970309271151,-0.48058211754647573,-0.19212453744677896,0.09237832620728349,0.2722256447831421,0.36673797931389446,0.39684480606359285,0.37271204356821686,0.3081948116446384,0.2283279522467608,0.14494987382111832,0.0478966928408925,-0.09486269821082728,-0.29951043610262573,-0.47764144984908835,-0.5624602257494801,-0.587882063426438,-0.5930873553638631,-0.6038036663121791,-0.6263941050835786,-0.6538839383992199,-0.6756596591465077,-0.6891991787493306,-0.6949766271330798,-0.6922428265162839,-0.6869614776566473,-0.6824739223124368,-0.6801479998571339,-0.6768421466173296,-0.6671442352130814,-0.64199953475798,-0.6035471248569453,-0.5677425714165796,-0.5451869327171757,-0.5269629477325636,-0.5070137825471076,-0.4903215531422957,-0.47453795478343486,-0.45184563146524287,-0.4086017906680776,-0.32651522939052635,-0.1919717302924622,-0.013377158795854447,0.1680682902826324,0.32179997370418856,0.44796161124736966,0.5427490953249788,0.5963054824569992,0.6051104431859672,0.5662736874919734,0.4673522226210761,0.27579365063921263,0.01685736499324185,-0.15206931285643474,-0.16585220435214174,-0.05493627330036186,0.13572876422349,0.34725916459586514,0.5248764926777941,0.645861875878103,0.7202824656009585,0.7520039128176644,0.7332229614408282,0.6220454830848311,0.15792033836326175,-0.5401867553850854,-0.6924360627907431,-0.7101223774475575,-0.6896495975926807,-0.5820332252465249,0.12996429337666685,0.6172411048526603,0.6748517371488072,0.6852876613293366,0.6890553733006577,0.6956120968005083,0.7088800947746504,0.726420897883695,0.7342872066513272,0.717652017147815,0.6672240495187173,0.5814182104899909,0.46538965598508314,0.3209041282403552,0.1478191461365076,-0.03685531328558913,-0.20452734767740077,-0.3071875435215356,-0.33352352768648713,-0.2986631427358405,-0.24085487319005097,-0.18410726553571002,-0.13673520438612216,-0.10057160908844982,-0.07688108536032712,-0.06364933057395479,-0.05546490512697971,-0.04662323934617757,-0.031004809404555418,-0.0036024647662739172,0.023513841494614107,-0.010868039827346625,-0.2363002448076454,-0.5817678494943376,-0.7572601933669703,-0.8057083104956653,-0.8093001473528486,-0.7976438057732524,-0.7863205338072691,-0.7808913692486427,-0.7795588959161817,-0.7730029786752567,-0.7558565202175197,-0.7321241509698336,-0.7007716919335221,-0.655383590477537,-0.5994748609335758,-0.5364861590715887,-0.46450505506211187,-0.38077347623175645,-0.29670720495579894,-0.22674554073517275,-0.17235640983839012,-0.12992367789055287,-0.09721614898669129,-0.06253390470275096,-0.007281490464746307,0.09768715169957451,0.2572321869359311,0.40113402688584837,0.48476405537582173,0.5300677536036167,0.5676834155092798,0.6032529792484197,0.6356281998762695,0.6620958783061467,0.68115666958073,0.6946819369718708,0.7128003183383723,0.7344312028227786,0.7573504687556044,0.774200909483037,0.7843935853037434,0.7896971537319064,0.7920624920875553,0.7885836157549749,0.7780040276555943,0.7611631234421585,0.742806706547329,0.7240978812210674,0.6899253559563601,0.6210708364201745,0.504235881253921,0.3415770957072328,0.16916016237720954,0.04314735583994626,-0.010511564854598287,-0.005744858689658598,0.03108510314170978,0.062164639465759564,0.058249431638882014,0.027613323310046223,-0.013412410728267408,-0.05858372603762747,-0.1103440943535083,-0.1688004457959319,-0.22067798159262464,-0.24985400573782132,-0.24847356584893848,-0.21652035188478083,-0.13469661112083786,0.06065496755387708,0.30956457375553414,0.3644862299353838,0.3427681244289595,0.31137039464296634,0.275846992795553,0.22858332062762696,0.14561974442970446,-0.03215280666106541,-0.3491996019405648,-0.614345433004666,-0.7207141785419542,-0.7553441124695557,-0.7633727498861932,-0.7563564546291587,-0.7418145457396588,-0.7270231265267293,-0.7174878034062728,-0.7157801290346469,-0.7316380856074006,-0.7589051841927382,-0.7725017794973625,-0.7657184461740074,-0.7465443575638099,-0.7163385681381449,-0.6801710546542227,-0.6420194296806614,-0.5801835960497167,-0.4433604179131178,-0.2290991821411929,-0.023091883527829725,0.12140605844893101,0.20752162199825727,0.24591127427030124,0.2412943319685955,0.1908003788853865,0.09154555744276355,-0.04859858760306236,-0.18775704654106382,-0.2543348009924794,-0.1725626534246061,0.10479993951642609,0.3711156021947188,0.521638453594317,0.6093835125496907,0.6545388451425702,0.6455840146695793,0.5452272151526907,0.31469293565262024,0.08581858817364657,0.08615608715598555,0.31662121697917234,0.5783651601074338,0.7314953488227156,0.78281940248976,0.7689421314421921,0.7173898485639456,0.6526353072607032,0.5841341380141715,0.5016787830356098,0.401747196219938,0.3032797875693243,0.23020722028597265,0.18875113746537817,0.17040335297053485,0.16044961045833855,0.14543273969180323,0.1263347381678863,0.11119304021300942,0.09622371429883168,0.07731995106932477,0.04629344919794495,-0.005647493977473435,-0.07372723843008538,-0.1380419548714689,-0.1602998810978215,-0.14045715970321923,-0.11085029663834603,-0.08826162756410613,-0.07082927892172197,-0.06405678584518773,-0.07838747874141637,-0.13206253157444633,-0.23396855242294345,-0.3624320756423778,-0.4867304252061954,-0.5510487601349413,-0.5439726725836005,-0.49759286759747723,-0.4430831096311861,-0.39221200622368424,-0.349424965208952,-0.31882029101467546,-0.3014696921081503,-0.2918759747602876,-0.28627198513009333,-0.2803823893353189,-0.27018327131057807,-0.2509112749324552,-0.2249649712779229,-0.19507925898854842,-0.16575502991699287,-0.13771741394436787,-0.11356989897693717,-0.09341005015058941,-0.07631180486579356,-0.06667288660021768,-0.059957112703413494,-0.04492676658344653,-0.015936697752438334,0.020022625169719276,0.06635908833317587,0.1303364771311995,0.21404693775902403,0.30639345823531966,0.39840850527068894,0.47820635181218346,0.5468054721173299,0.599497190032122,0.6293172994325864,0.6196125538253359,0.5693069277186172,0.4960694288620076,0.4340733644503272,0.4185764094078292,0.4426173210239933,0.47002224410607857,0.4643861286927282,0.39547228108700744,0.26883312435559525,0.1226380319205296,0.006377467324503502,-0.05780591397377899,-0.07141180452909188,-0.03435977906280627,0.12990633045410369,0.22418921898652452,0.17501259593885202,0.1525957421175238,0.13952652897978882,0.11066445645374383,0.024663889037223337,-0.17426394041671914,-0.3785935202291592,-0.43509614765197324,-0.37116091625336883,-0.2524259746765024,-0.1713951814025864,-0.19302793099743146,-0.2859395225608792,-0.3643314827876514,-0.40482554707041024,-0.3934518639133099,-0.14031814719355876,0.34062597911702375,0.4745603341498082,0.5266511941816765,0.5627563093232438,0.5929860960625422,0.6161144189421177,0.6232057998295377,0.5929150484779867,0.4849223057542446,0.237135716394895,-0.14241999815371242,-0.4663160997076693,-0.6422566744370689,-0.7212610088145066,-0.7488846773991759,-0.7509938447681548,-0.750184957177954,-0.766139256474999,-0.7966889963678546,-0.8026491831578029,-0.7579184010264393,-0.6966170724814927,-0.6550216408620855,-0.637385718057028,-0.6276420602153076,-0.606665786036446,-0.5673772719771545,-0.5174101202655059,-0.472796233569108,-0.4420427711185069,-0.4275451292212859,-0.42015800755954813,-0.41515912242222414,-0.4205544874859822,-0.43706997069597464,-0.4557670564561349,-0.46090874171581375,-0.4403042158075313,-0.38191961703487337,-0.2860649351052771,-0.1660450169987154,-0.04933977814762511,0.04219993586333789,0.11690235206801103,0.20516407151895485,0.3324286817555947,0.46945171302222116,0.5630302618567273,0.603408587633672,0.6129589286218773,0.6087286634836575,0.5955382169254289,0.5553554500089486,0.4167418755071963,0.16431026272597357,-0.0015372495477724893,-0.03010276189211432,0.048396720878832365,0.22907625520658573,0.47123741345558856,0.6580572397880265,0.7279683209445981,0.7122813450263277,0.6094800821690273,0.3516261874221724,-0.0012736830658274404,-0.2312010261610342,-0.3463185141138107,-0.4140330165538987,-0.46234749950712845,-0.49637137705552153,-0.5164718090860516,-0.5189991486072794,-0.49316523963600867,-0.43045013244478236,-0.3318304151653064,-0.20612446419747738,-0.08485152738163974,0.012196848806657458,0.07313497979056238,0.09926559297629334,0.09280464766901654,0.059782310635523514,0.009047558789588501,-0.048556430113493206,-0.09650147134396526,-0.1308359958269557,-0.15318797977947896,-0.16834992843458665,-0.17889542410512638,-0.18359310322557032,-0.1766946214235555,-0.1546226633583373,-0.12238876655529052,-0.08278613387597228,-0.04108968948973138,-0.01548311733259971,-0.030934911005976055,-0.08820283130724448,-0.15459862454328702,-0.22286297177847753,-0.2930621603014448,-0.35289669592801215,-0.37861648436610773,-0.3612502581805484,-0.3135560199248369,-0.25100492409641234,-0.1733624981284947,-0.08527836501105276,-0.025346487078701005,-0.02469780243029056,-0.07553663453509894,-0.14201165572798083,-0.19455070281727713,-0.22346459887749512,-0.22420271656741417,-0.20228364595708154,-0.1633253752587107,-0.10212339931833653,-0.015704261825607455,0.09573369435385042,0.22301821606479194,0.3406907225673688,0.431633025627939,0.49765055140303666,0.542501965409586,0.570561022006342,0.5912778570701748,0.6131391968308298,0.634675049949864,0.6561416625556316,0.6679067404900147,0.6655960815844791,0.6568718842160808,0.6515228318776652,0.6500264253573949,0.6518661494146973,0.6487083419617624,0.6389572751149946,0.6342892717841041,0.6389761115745738,0.6515973027096977,0.6616050951498351,0.6584593829868317,0.6390508275449105,0.5979190308051988,0.5288871019093485,0.4329621956136362,0.32224556677534033,0.22601532744301836,0.16501931895740488,0.14311931279331366,0.14212708818880115,0.13891491073552692,0.12096762393341325,0.08527535121479392,0.03690346729628087,-0.02487597842022538,-0.10025912204852484,-0.17935735299415992,-0.25083143732632907,-0.31955592748183415,-0.385519388948977,-0.4463072671362227,-0.5057775675814206,-0.5771010774329054,-0.6495081673531907,-0.6962448240963315,-0.7135932173644284,-0.7208342127317819,-0.7550193100627417,-0.8456964899865616,-0.8703913832583072,-0.5351250345491747,-0.2629478682469775,-0.14229081525250678,-0.09750769449756752,-0.09986007688555891,-0.1477413566541402,-0.2503882468643781,-0.38174622212174814,-0.44152438936001914,-0.42313887238436754,-0.3980164509357955,-0.39162251464434344,-0.402157433207474,-0.427680643834925,-0.4643492537192588,-0.5124461364830271,-0.5698668426580776,-0.6310943884756312,-0.639135125586084,-0.4777893919684113,-0.29505482464673666,-0.19379776750165842,-0.14967453591431876,-0.14107639104928527,-0.16070574242050392,-0.2117941944799884,-0.30466981301048235,-0.4363008453745844,-0.5348761384117925,-0.5048795147040288,-0.38228368403800644,-0.21675079464954722,-0.016770102716897436,0.20935056206422847,0.40187214381363257,0.4079931894930868,0.2799190045970211,0.1756424461327891,0.11803676199941211,0.09967896199086883,0.11449641782260674,0.15743737441837816,0.21162858873748602,0.25547740026467225,0.2802479472701323,0.2890765272106556,0.2676705585326236,0.13015622116186548,-0.01206318701272976,-0.014613855157059496,0.06799335407013848,0.21889738566086972,0.4174938010114634,0.6177923884436148,0.771382246303377,0.85823014405583,0.8856971503354902,0.875693055871138,0.8494090128404834,0.8157247057757222,0.7727514120057505,0.7111777113652281,0.6248787692850114,0.5126482018505396,0.3721820342974311,0.2242736391928778,0.10944239624958149,0.03065607443760169,-0.031415330566888666,-0.10336634605833844,-0.19923703052432126,-0.3139430171904516,-0.41072363436189335,-0.41902182967980667,-0.35597343479865384,-0.2949887916682966,-0.26941673510450914,-0.2760028364911458,-0.3051161268246148,-0.3471998703072981,-0.3917526426483018,-0.42523426906467704,-0.44459574627688164,-0.4562683146274055,-0.4672443622859501,-0.48595793517389824,-0.5259216732124601,-0.5938690537317304,-0.6836854357935257,-0.7662252695917038,-0.7954813200356382,-0.7522791881455655,-0.6572590140532758,-0.524055155780081,-0.3723602262049016,-0.23624060936851193,-0.1339511887906125,-0.07223746199890942,-0.04809537806083853,-0.05733467659009979,-0.09953927885781576,-0.17454065221124726,-0.26718208567453344,-0.3593807233762769,-0.4310481892664926,-0.4667578866930542,-0.459029145182177,-0.4085297920831757,-0.3101336681038412,-0.17179939959650825,-0.015923265137131777,0.1241165008105767,0.23079422856328433,0.31006411538026213,0.37634613112967435,0.4413591886714415,0.5097716052155552,0.5787633565962643,0.6417818609316694,0.6970227483314446,0.7413148424000211,0.769070731133428,0.7782284364931603,0.7765784742344793,0.7702644998764456,0.7578103999327884,0.7387035810370155,0.701606582721347,0.646962090809518,0.5946009154415886,0.5729311398754571,0.5734973693589304,0.5791327021866856,0.5880838161635807,0.6096319062293433,0.6427286772441494,0.669998377218419,0.6757944171386151,0.6320993872296483,0.4884865729751036,0.23699410996411624,0.017568128238952426,-0.1257219738301072,-0.24585623255266736,-0.35584652229480795,-0.4336751680842197,-0.46849651185812646,-0.44854056742485787,-0.2538119410212972,0.28528147202862536,0.46778353916601745,0.5027682867271628,0.516802032716656,0.529334539579323,0.5380074866548855,0.5325319090782817,0.4958445385049891,0.3869403101147854,0.1357184912359815,-0.21872459914034903,-0.4297345930432848,-0.5143198574221443,-0.5634208003099669,-0.6054625154367009,-0.6391045378915128,-0.6637679814549169,-0.6775347391334688,-0.6785947518397918,-0.6727490319995629,-0.6698619393880644,-0.6785510997384958,-0.7015945623586552,-0.7415495591405127,-0.7970112364460961,-0.8561288592296423,-0.8646412334751239,-0.7279817907651982,-0.46190909354892234,-0.1528536490157134,0.1983420423282218,0.4863950555277323,0.5195185190569107,0.4144310675186286,0.27709245868892635,0.13179367450292145,-0.02937363744097609,-0.2121062451485191,-0.39390290025138663,-0.5533994013484896,-0.695548799919447,-0.823011771469949,-0.8416351424620808,-0.5426188086192514,-0.1203953674645897,0.18412093824980347,0.3829586822142731,0.5156664516208413,0.6053737887858877,0.6612003669649575,0.687146573141018,0.681948176914674,0.6279517156137392,0.4694579833171946,0.21604928611133642,0.05953300639636096,0.02553315330989534,0.06927778088260508,0.1567077258336906,0.2814588085197008,0.43354152192936707,0.5821026262701363,0.6647737687469872,0.6266029583443921,0.45463208606233696,0.2649408417219379,0.15405077707314024,0.11008530454042623,0.10014410390078363,0.11323723371416104,0.1494588401976317,0.2122550896444477,0.28859107056325894,0.33783486090919446,0.33173831089058964,0.2920078517945707,0.25277459965519267,0.2315945418577041,0.2258612344610618,0.20856074277513986,0.1612609269804897,0.08761581909629008,0.008246094637770594,-0.0526732247607591,-0.08453073616026696,-0.09519102742629172,-0.10887623034841216,-0.14563868879045205,-0.17861974459200303,-0.1830200682885644,-0.1615023964412515,-0.16340570711513697,-0.238543106108217,-0.3947170489849315,-0.5759610885361786,-0.7040139300766135,-0.7631388827784469,-0.7765939665875649,-0.7656997845914515,-0.7351943451497356,-0.6845705553012282,-0.617531656895289,-0.5486741051607299,-0.4941274886590884,-0.45814219895659364,-0.4356854333508201,-0.411138701233647,-0.3874055225219099,-0.3668161173534268,-0.34173276401630853,-0.30271067268429525,-0.24644562227638836,-0.19593803741185264,-0.16378937687010792,-0.14505899796286334,-0.12461607294563043,-0.09359254520304171,-0.049395458601399087,0.0017811829640749842,0.05449888211266168,0.09626939384561459,0.12133878791679864,0.13439813631419145,0.1437016841927453,0.15995813384493343,0.19156427165450632,0.24635320583152723,0.3216804220926587,0.4090375192170406,0.4968423051688109,0.584857428978556,0.667879967713907,0.7343751924204093,0.7611307355662623,0.7215369611680849,0.6140608568293859,0.48904288914621524,0.37548925007948036,0.2821672929431638,0.22421753818343843,0.20837902564162095,0.22858023979453448,0.27133621804819336,0.32416142636155454,0.37672815427340733,0.42158196980845714,0.44853751191406616,0.44366357345843216,0.413768782247448,0.3646974095157462,0.2980319537365786,0.21701695757793713,0.11202070776339783,-0.0014209703786617932,-0.09175847888764271,-0.15045059772620514,-0.18934991019472522,-0.218643424818363,-0.24591241237547848,-0.2767990351085337,-0.31356523081625715,-0.3539522120342184,-0.3965007622847665,-0.442835472344764,-0.49088993105810613,-0.5416009792385359,-0.5922061598057496,-0.6195149229435956,-0.5896844524628242,-0.5395602799597152,-0.5059644243090162,-0.4931812993929756,-0.5076889923072739,-0.5480755889235918,-0.598603689621609,-0.6344326832015202,-0.6355487570098968,-0.5788384559555916,-0.4426248042828918,-0.23377431976513674,-0.013202643178864786,0.15694325110807883,0.2756970432986458,0.36225429882949506,0.423885713714561,0.4599113646841598,0.4782804918460001,0.4702717409158468,0.3398312858381428,0.10493416679389721,-0.040413810388322355,-0.10946920921836956,-0.13252596000361314,-0.1152035208357976,-0.045850002837595216,0.10131012706780589,0.25998704709100684,0.32669125345385697,0.348349602896282,0.354589069350822,0.34526376125967256,0.30998389745183186,0.23788468016855638,0.12405411053194156,-0.01946191492680866,-0.1496846322162241,-0.2028468246910262,-0.12797667436179305,0.07917702011079872,0.31821236180723317,0.4821119275902716,0.572675880281089,0.6199389883935944,0.6310555279702584,0.5648371194260577,0.4272967606797409,0.31944184699671563,0.2793309747682368,0.29421181818474096,0.3485275334750144,0.4243618633452861,0.5044445864906433,0.5728058550726427,0.6284938939153496,0.6692718425496625,0.6852945877111034,0.6616780083571776,0.5882601612391627,0.45522892691707884,0.2705861411602192,0.04987153615122301,-0.17385500650909352,-0.3664257867248435,-0.5039361750359134,-0.5848683238921024,-0.6236392274088709,-0.6367989863324323,-0.6330148855777358,-0.6147597849315785,-0.5947446203295587,-0.5916605116004762,-0.604472645345326,-0.6147048166266267,-0.6138384641530069,-0.6027909225900266,-0.5797875598660089,-0.5231243333173468,-0.4090004436851797,-0.2878752289503468,-0.2114000925242953,-0.1786338122073287,-0.17357364652712606,-0.18976103423131974,-0.22847881192683206,-0.293628921940398,-0.3888879431747887,-0.49236660684764605,-0.5719766686230267,-0.6318348064658827,-0.6785100555174444,-0.7000045707443069,-0.6926941774412158,-0.6602611110122976,-0.6094347569989841,-0.538388995365381,-0.45003585501287513,-0.36509756931006754,-0.29879265114848846,-0.24503320408426468,-0.19962940065957283,-0.16567672351567184,-0.1404201847478752,-0.1136969199257101,-0.06757593737414924,-0.0001530929050102763,0.05590754850520426,0.0642385336743997,0.03259921026708947,0.00835718949933108,0.03463678407276471,0.1142145902316889,0.2138076712570217,0.3050275659886129,0.37930097193482953,0.4322892153543257,0.4564685523089219,0.44386185940419115,0.3948144883575375,0.3323255534432434,0.2799837715661952,0.25975306943127113,0.2987574482635141,0.3786573013529647,0.4082000738020506,0.43352534210294164,0.496889439530962,0.5878765971971706,0.6681071989831585,0.6707571795949837,0.5846847750236952,0.47484110182459865,0.3896673395680606,0.32336844139941373,0.2654287024479518,0.2197223859405927,0.1905483441160955,0.1823704387873564,0.19395053412160554,0.21664825377724178,0.23566189546166635,0.22553113258983992,0.13072686450885332,-0.12753239935013364,-0.4864237238741877,-0.7123071631217154,-0.8167372744380287,-0.8858285088418474,-0.9133817788710923,-0.6113825222167476,-0.08722681922541645,0.19122926905625345,0.35944524891448804,0.5098014835280121,0.5944190549631152,0.5125538286552649,0.3709653633227542,0.2473157216577695,0.14183426677054967,0.047725786211481144,-0.032313466121250016,-0.0940857134809676,-0.1421230780201314,-0.19149349409065805,-0.25366898100871793,-0.3107619287746213,-0.3352693758708594,-0.31509186994860333,-0.2713322378380673,-0.24196527138875715,-0.24113120359306237,-0.26413284655846997,-0.29155491789473237,-0.30824587078818577,-0.3163134472658283,-0.3329686943233675,-0.3727765048160326,-0.43863323559318174,-0.5167827584400272,-0.5711018974064879,-0.5653167367612293,-0.49821803042130836,-0.3975638953174042,-0.2912175812662697,-0.1987802731676241,-0.1296786964135609,-0.08803214005246597,-0.07281304401907404,-0.08121240512289168,-0.10524748562633504,-0.13320514158925628,-0.15871325960136123,-0.1536627861287239,-0.09280492013894084,0.022939148189829853,0.17967589475338916,0.34348731315803055,0.46992995035069324,0.5411658231996738,0.5714935977061654,0.5810912028218579,0.5822396890395491,0.5848773973416426,0.5898063846376005,0.601499861982466,0.6310702543761293,0.5767677806364235,0.45893618664225294,0.4064999418187169,0.34537661846582285,0.21732423950629176,0.030411798586415958,-0.15925342290785335,-0.3025444767775692,-0.269260643003651,-0.07696923699479134,0.08318332053431499,0.2018426348573044,0.2936265007014303,0.35848923596308935,0.3867750944820297,0.37139480284038756,0.31249964995160046,0.23719819971893782,0.1843928285746484,0.1574078957004682,0.1268347105384323,0.06754378246109825,-0.02703930156982901,-0.13640063710973901,-0.2375655704878181,-0.3171654372823146,-0.3731311041291499,-0.4064602110606256,-0.4313338704763845,-0.47615979311837336,-0.5551059252455711,-0.6533971130218551,-0.7485413372085358,-0.8360115541806402,-0.9058252049532962,-0.9085830504461029,-0.798241878567534,-0.617359006422516,-0.24819406775949482,0.20564113845224674,0.18845481344556297,0.10900574132462473,0.017386521634975078,-0.06724707749871595,-0.12120576255095483,-0.1414042933312638,-0.14889463177312118,-0.16075467686143816,-0.17783002346122895,-0.18346422117032887,-0.1495345288237667,-0.08352826979538189,-0.019191803018030612,0.028469071349516924,0.06192878294371933,0.08649275104350285,0.10488178938467112,0.10866961899206225,0.10187724074196941,0.09733579160169697,0.1048064866562613,0.12579400008600178,0.15049204769905086,0.17379090924525797,0.20183211910764579,0.2359742923359649,0.28287289689283673,0.34060962789830634,0.4039077310244854,0.4665559574340813,0.5226908167441845,0.5676062759342206,0.5948621079250388,0.6023512928861271,0.5903436515567387,0.5638394278572473,0.5219557191439853,0.46177537733296237,0.37737001584438495,0.28209069718013347,0.23024299525310832,0.2757189027077931,0.38157633807841895,0.46916145497194883,0.521986796239021,0.5472138399244639,0.5472401349436081,0.5121660231070183,0.410985526692703,0.1980957449468974,-0.06706027759704869,-0.2558850341487528,-0.3701626212455622,-0.4468984302744198,-0.4962698421334492,-0.5077276268378164,-0.4669418438482648,-0.3699627016338973,-0.23769458738595722,-0.11978099760138751,-0.042897744008253094,-0.008907866193026744,-0.020598335335349653,-0.08378468871626886,-0.19475958942901372,-0.32517189144184494,-0.41927102126158616,-0.46495352120825645,-0.48310680594623795,-0.4960017130050113,-0.5195057304967395,-0.56593757075497,-0.623277627222939,-0.6610515836631805,-0.6468330475396797,-0.6064422456417948,-0.5799723998456854,-0.5630709903806073,-0.5240587148449425,-0.44042444080050547,-0.35721151035642557,-0.31515305043072794,-0.3193305334934994,-0.37006129075646194,-0.46699985561991825,-0.575011313840817,-0.6409597221512121,-0.63475136354299,-0.5665587132655077,-0.46238648650403585,-0.38351067408981754,-0.3827931015881325,-0.445444174987905,-0.5310638351621366,-0.5998596789642096,-0.6238590626173751,-0.5985280661079669,-0.527041019005659,-0.4002452413619444,-0.19004597384924907,0.12034966829252051,0.4041987888352052,0.5386016775356196,0.5731366448729401,0.5632044161712481,0.528593300148467,0.470194680120232,0.3691648101782854,0.1863501249102055,-0.06424081486808532,-0.2554890332383622,-0.3012564156706035,-0.23901518307245023,-0.1437729993221965,-0.06055791652911144,0.0017608577195663145,0.05033224425534719,0.10245945584173854,0.19398889114257056,0.38456407384222324,0.6456202400159265,0.7447899007720119,0.7280564980082932,0.700242639882205,0.6777228963214076,0.6515918441406402,0.61800281001758,0.5814210850141721,0.5490407696903264,0.5207022718552778,0.49900626406428106,0.4879719128744575,0.4917642183138547,0.5063336079527865,0.5195819908726653,0.5189156606682002,0.489005317423649,0.4174476694698814,0.27811848705397824,0.050466217941131666,-0.19746877003396435,-0.3533945573079674,-0.40697631382658556,-0.4029724488612419,-0.371575776703627,-0.3428500085971759,-0.33662023692386517,-0.3575754956778069,-0.3980435550809777,-0.4499923033188895,-0.5085245703796782,-0.5650555609458144,-0.6011502473815729,-0.6014338048437242,-0.5692913378329376,-0.5324455402010237,-0.5111447015325599,-0.5149275627931232,-0.536672485837328,-0.5562838625988216,-0.5516321251464787,-0.5232609977365112,-0.5026038199571113,-0.5183541647138711,-0.5587270641915665,-0.5940444976566738,-0.6136209001467925,-0.6039246108306572,-0.558440420759825,-0.48758499135442607,-0.41573739294576306,-0.35766234406235803,-0.3163809410900472,-0.2860163353640366,-0.2530234185545257,-0.21102879540433098,-0.15123661155694135,-0.06713069674213203,0.032281119162350644,0.12346424339135915,0.18132989172941083,0.19786945894175362,0.18018465966204697,0.1497644750894825,0.12345735217003585,0.1096798612787516,0.11371891123778549,0.13046338667132046,0.15892472886194242,0.19888744486512147,0.23747487383044083,0.19736684175591535,0.10159707612473931,0.03751853293605621,0.014419175738374864,0.03340903603298897,0.10630514356039306,0.2445966531911371,0.42138821860275866,0.5738690579657811,0.6695575314294417,0.7201684192733112,0.7389317110747726,0.7347072925823441,0.714956229424688,0.6844194849171399,0.6333063762217818,0.534936871243158,0.33923176192599763,0.031022024591063763,-0.2497032510225763,-0.3808482589232523,-0.3816144404912608,-0.29135353628225763,-0.13580970669084794,0.02997755960623549,0.15313522578717984,0.2102839333974627,0.2095419456261079,0.17468191765273663,0.13323613010844085,0.11499884318798403,0.12301393424086475,0.12487178994231213,0.06667048681496009,-0.12021054824093891,-0.3937352486462989,-0.585241658231766,-0.6730239737031194,-0.7144207488406088,-0.7414953124861989,-0.7391748400436827,-0.2878942472961641,0.27480518765312534,0.42786349049479383,0.4838765207240211,0.5084837828818246,0.5115534802642415,0.49213988136801307,0.44135340781068777,0.3457209822024703,0.11428362656616835,-0.5377601987373638,-0.554354883367117,-0.4887995141436008,-0.4423618261056148,-0.4080542379295026,-0.3801793085816396,-0.3574079181049941,-0.3482735054516814,-0.35639857917354173,-0.374669839265548,-0.3891079573483715,-0.3942787536603859,-0.39083329168722253,-0.37719980552744936,-0.360038076137463,-0.3425414223912644,-0.32024390346560994,-0.2927866820509126,-0.26696656655308815,-0.25368979578310513,-0.2721753232562048,-0.3237287110415767,-0.3923598821924378,-0.4560466016712431,-0.5058997413596503,-0.5405525381733802,-0.5518619477876594,-0.5352716865386795,-0.4959427482419556,-0.4419504016339808,-0.3627771705969317,-0.22429135984911244,0.019229874339912068,0.3675891739994404,0.6338476961394306,0.6069314347327729,0.21416691042937722,-0.24358923215794914,-0.3416084057652449,-0.1931583098435406,0.022958935849931066,0.19437207113548596,0.30784836508452823,0.3839928981168751,0.4461786359841941,0.514664132250419,0.5978014285438886,0.654593480825761,0.6072105494325765,0.5074211808220274,0.44614877827188953,0.4376516522653165,0.46293775006792176,0.49106854686223983,0.4862745952640728,0.44026295540081517,0.36409845997547646,0.2706641837317964,0.17261944624972428,0.07699915325656659,-0.008911042163497912,-0.07872932994208891,-0.12794661943843766,-0.15846458534702382,-0.18155226432898036,-0.20411034852790633,-0.23219890968988316,-0.2742542153403077,-0.3282403492807807,-0.3852798157005292,-0.42885905402030433,-0.45078953840475877,-0.45357550908227023,-0.4552764005396691,-0.474850686145681,-0.5336751300419749,-0.6685061365509896,-0.8582093556916489,-0.9219698459555323,-0.8439168834027527,-0.7444868376058169,-0.6710386731693515,-0.6176275600501712,-0.5672345639569824,-0.508013865658471,-0.44037050823866036,-0.3618302854180475,-0.27142331845281253,-0.1803298441083732,-0.11461525415582637,-0.09120533532957179,-0.11402614639612628,-0.17338785673098356,-0.2463893169630177,-0.30131025819577634,-0.30012342178059864,-0.2390867409904777,-0.15540594654889717,-0.0784739808446936,-0.029654248806753925,-0.00579850760767765,0.016071836081921805,0.05581192749736397,0.12888834703352667,0.22365941281386292,0.30241870349716904,0.344295614789866,0.35778234965696804,0.3455797113389644,0.30670006167105646,0.23822402005165413,0.16175402739625072,0.099430715799996,0.0647619696856288,0.0633319260888662,0.10166529174444865,0.20038732428772324,0.4012558748663654,0.6386214857366993,0.525668832010218,0.20632764058136022,-0.06829899338809572,-0.2601495033527059,-0.37175453439211503,-0.39872409679863874,-0.29778177418107166,-0.07321444667581486,0.15147951099429333,0.31448427435511406,0.4275896812725438,0.5068818949072978,0.5631793236624254,0.6009301304288893,0.6202336455344601,0.6223942329582484,0.6057077668997324,0.5555618947001838,0.45644522050587594,0.32228698073652795,0.195964271496118,0.09858745941356283,0.029229832224426842,-0.01945383745072129,-0.05390274756633758,-0.08383945425356547,-0.1196960101975584,-0.1568826085930266,-0.1942872605397152,-0.2416357441312141,-0.31097645672752416,-0.40068574041482036,-0.4950666848227414,-0.5809971442759891,-0.6473352559690015,-0.6782652480049227,-0.6701501254397617,-0.6348289824051314,-0.5921845779758893,-0.5552958966105346,-0.5278560175395091,-0.5145027118001892,-0.5268570544104151,-0.5705438733450521,-0.6339338702100829,-0.6931731751617866,-0.7281314308017592,-0.73504190628452,-0.7174230359754495,-0.6801393161062546,-0.6266203198154987,-0.5560005908930344,-0.46273917162223754,-0.34544503733523546,-0.2230563625545521,-0.10315739741917665,0.009210586415298974,0.09766169718737544,0.14962160033042537,0.17320375472271915,0.19130503579829952,0.2218056233184585,0.2710193333642236,0.33860243305935106,0.4168926683285142,0.4859002413340576,0.5260382330437436,0.5076069479563332,0.40962417031762977,0.31169184141033807,0.3024810025728034,0.36268891298179934,0.4615181016695035,0.5701635081816969,0.6288613473654574,0.6062001536727147,0.5457706294257784,0.49216625679474174,0.452856113556817,0.4182532443615765,0.3763727981156969,0.3111658668672977,0.19962040342507112,0.006718135573007706,-0.2719530763608706,-0.5335951900182789,-0.7067317529060347,-0.810547426644209,-0.8095574930742467,-0.6152474763069057,-0.4146337043801171,-0.3673777182547788,-0.43675461596322207,-0.537283820389082,-0.601539990631436,-0.596536927888305,-0.4742196444199052,-0.19982741875979568,0.06303873656058898,0.20020577781762647,0.25125214050704,0.25293981662950127,0.22653790793245793,0.18411166485658417,0.1359458976190788,0.0952970789600824,0.07727461710370058,0.0933726972953378,0.13670079313492783,0.16999873927004444,0.16349009153865607,0.10805676964855873,0.009878873699561704,-0.10625726683508846,-0.2205080579321405,-0.3144300118929926,-0.3758533367955487,-0.4028765740617255,-0.41138040738352305,-0.4260905906273271,-0.4501875354939263,-0.4792772090794002,-0.5091518066228964,-0.5339954188865523,-0.5418862578788841,-0.5224637426171365,-0.46754028719383495,-0.3652101666025404,-0.21108594310005047,-0.02169858276919258,0.16406346863349006,0.31542394134788765,0.4193455452386946,0.4651437945933572,0.435283035121131,0.297736624588544,0.03399191967009568,-0.2438347334320941,-0.39548905994874634,-0.4141199634424233,-0.34597082693383846,-0.23077234117318374,-0.1281745905602897,-0.07453065337917389,-0.06705196427754377,-0.07891455075230709,-0.08920628541967589,-0.09056454730068153,-0.0872928148670495,-0.08107734664791309,-0.06214484363271634,-0.01799514500093988,0.04663290139176744,0.10237656461554215,0.12803427258934624,0.1178227106142604,0.09493421176632615,0.09580335546890563,0.1482103880303258,0.24335582406889492,0.35710525883662625,0.45846530306641314,0.5310043812499115,0.5712015850935883,0.5713283258413281,0.5170587425158377,0.41897970502167836,0.3203047518132122,0.25192396084526203,0.21243643338920729,0.19621131268927422,0.21266412619637326,0.25604536191040367,0.308247951159895,0.3448748427450372,0.3608177458841962,0.3673127390470738,0.38147479091008174,0.4193645896139982,0.4695890923206841,0.5106069860504303,0.5263141539485708,0.5036852582337583,0.4262954235223267,0.2659839029665676,0.011518524422721608,-0.2757823752842588,-0.48623946130700313,-0.5965946633936268,-0.6467397552036921,-0.6640784087950664,-0.6661049983831537,-0.6574083582915489,-0.6329465531218087,-0.5937257458224127,-0.548840053124602,-0.5146030138779863,-0.5081973386899123,-0.5412449764747344,-0.597837116235328,-0.648033591384727,-0.6825170993927642,-0.7070767443955426,-0.7304008818928945,-0.7394846663196366,-0.3366719942855455,0.2186082708416211,0.36299560691616156,0.413744063527431,0.43819855072804154,0.4403953228050342,0.40432667441397796,0.3081819923052676,0.14992345190534126,-0.023176505099117374,-0.1583743090558591,-0.23931163781550224,-0.26780803908099543,-0.24809411450599492,-0.18877773353933022,-0.1057575658179974,-0.01718135000088394,0.07934032142399189,0.1817120245644865,0.27110533515226837,0.3466465446105462,0.41613036946566057,0.480575594566086,0.5341016074272862,0.548689138553444,0.48040299923564145,0.3652952318666104,0.27166169988576305,0.21542901663452368,0.19099227488592438,0.19614178235365354,0.24052465387060892,0.3528080550851899,0.5690216408016293,0.7146752950683781,0.6612264446432189,0.632188566153848,0.648272606157922,0.6800605358827542,0.6937009488537004,0.6286214757249777,0.2990496465607583,-0.3041210722117195,-0.5358821209327734,-0.5521589176973284,-0.46076281233176647,-0.2631934021429957,-0.008272264837931814,0.19510730663000136,0.30527206937181534,0.33066393946052614,0.24681161863999493,0.10419407448313425,0.005386927339599207,-0.049285533078562614,-0.08244975818041939,-0.11098550063182078,-0.14890631183523234,-0.2024640024370402,-0.2647415466789742,-0.3214342468263301,-0.35748349531884,-0.35577710476548985,-0.3032295062144447,-0.18403178069161036,-0.001396811717222732,0.15588011573719987,0.20508763548948938,0.20437784733305508,0.19612787776119597,0.16126451760772503,0.02948650501505709,-0.28625510842465635,-0.5526926339927832,-0.6499360352147857,-0.6829616836371543,-0.6885392093115822,-0.6734319316529351,-0.6325418619159504,-0.571662125055942,-0.5011226707282163,-0.43671351317552065,-0.38448992102725454,-0.3412480215326677,-0.30209486074899383,-0.2730084561160332,-0.2642655369656017,-0.26978115317270124,-0.27429380051638313,-0.2679186717519922,-0.25181119668375695,-0.2340796799933855,-0.2231616176434939,-0.22442893773073705,-0.23974897928029507,-0.2617942370680777,-0.27638841211295945,-0.2698152074543394,-0.2391901893278459,-0.18041023004701126,-0.11570956368387257,-0.05668676025597792,-0.0011151414421511228,0.07762382854030556,0.20078265479921953,0.3475215336785255,0.4712642233923356,0.5474958037747023,0.5891245461411394,0.6245264800750954,0.6774249939895259,0.7581937126855494,0.8395433654173523,0.8858633597560512,0.8919148332655982,0.8315306302321475,0.6695299580474534,0.5285408248766452,0.47865678472885154,0.47209348426698106,0.47870973155039914,0.4889309058486499,0.49638250809112,0.48205919394557195,0.44062433082353536,0.4030424132722242,0.4030242938986582,0.44983100553942285,0.5223402793250227,0.5920441816302094,0.6418926070424873,0.6495661275106293,0.5496706182461959,0.19330841551207298,-0.310526255297465,-0.5883617838353699,-0.693510151716772,-0.6679831524626912,-0.5187449507032206,-0.31829433717923794,-0.12793732599234975,0.04920975218436928,0.2109018011217198,0.2786280046284908,0.22869185049237284,0.1487652776597941,0.0724030781706212,-0.0007879886457162693,-0.07362879556505596,-0.16144659480613088,-0.28805594595388173,-0.4398470201831813,-0.5418360045941976,-0.5900974305497655,-0.6172333810976837,-0.6467307037969652,-0.6788113794531511,-0.7031994694311107,-0.7090450783551003,-0.6910239315428292,-0.6501167769752486,-0.5877761985686006,-0.5097423473362248,-0.42067428711370236,-0.33412773056545897,-0.2635543716900865,-0.23166165897315397,-0.25388129514227276,-0.32068699261516465,-0.3957467991905516,-0.45039600005254377,-0.46751674659945913,-0.4461651406293487,-0.39874923004958696,-0.3397590546305726,-0.280161844967533,-0.2251264816880054,-0.170818271692623,-0.11389656764099593,-0.05034618683363339,0.02174115945909794,0.09836243137229504,0.17451460255646475,0.2349372800860581,0.26176489807160513,0.25247031233870143,0.23362712059186105,0.23690546674316135,0.27532142442273905,0.31255164935918617,0.2728191217393023,0.20692004274643125,0.16711456803132016,0.1510095407924514,0.14175245537249276,0.12727316456690022,0.10569020260771247,0.1078709196229738,0.1740292540063471,0.34450446031687487,0.5643572309420323,0.6197048085294432,0.5993656688465091,0.583942418527876,0.5804494788700247,0.5829292870879037,0.5880564686808397,0.5882715266252027,0.5708243130809245,0.5167055519151077,0.4000320996382654,0.22108488467984042,0.03824244599435083,-0.07581413335263913,-0.0973917376755474,-0.04034385630510807,0.06211788466157424,0.16204677181726249,0.20766635621208407,0.17837154072921219,0.08767518988093337,-0.03421478880030236,-0.17171829654982376,-0.3218770037484249,-0.48003638444668095,-0.614274780954612,-0.6972879968893552,-0.7374032631983519,-0.7591508558567126,-0.7788245654106621,-0.8020921558155821,-0.8305835887171046,-0.8640367816837922,-0.8972366762781349,-0.9191746238440327,-0.9251583345435254,-0.9123785695483374,-0.8766556188597275,-0.8210040521017173,-0.7562706524212162,-0.6974832214730348,-0.6492611299948162,-0.617779875543666,-0.5993543052192173,-0.6033035667082601,-0.6349025184770664,-0.6741784628612094,-0.6987374302004485,-0.6975657787980462,-0.6723351387432724,-0.6249025456112218,-0.5534689247977153,-0.45157466401999996,-0.29884139747010713,-0.09119968289137358,0.12015545642832888,0.28865845483580516,0.39872959448112,0.46337339837712005,0.4993025314942768,0.5176726525639567,0.5215326361382624,0.5204783946101987,0.5252742019320239,0.5322853310173327,0.5018051357570933,0.3300732587021559,-0.08131275023910611,-0.3883371873858611,-0.49885922358593876,-0.5189623833255702,-0.40659371321970855,0.3395208038797989,0.5625970703081526,0.5875713770340023,0.5989434157719924,0.6142915753363198,0.6345789584719206,0.6564193039981434,0.6715676905732355,0.6667909688980254,0.6192372923632941,0.49780396385433084,0.28190497719884294,0.041107340431883924,-0.11185083544920281,-0.14942661738786187,-0.10498872861925564,-0.029328415938537675,0.04893846775732289,0.10810733289603532,0.13447066604204538,0.09590317044210488,-0.0047657628799953255,-0.09949815793199648,-0.13665292733441659,-0.13873121411544723,-0.13063233229888974,-0.12391364484526861,-0.12140230082083188,-0.12288131913233456,-0.12604800815929315,-0.1265085772371901,-0.12374469826942902,-0.12121025332254341,-0.11999629042812042,-0.1249748552402615,-0.14019692496215058,-0.1734503601746405,-0.23299013473710362,-0.31041768240407386,-0.3767234149963848,-0.4236439045934076,-0.4671348336067867,-0.5034990171021271,-0.5266332909366281,-0.5441573568660262,-0.5613873843975555,-0.5957081124754621,-0.6532017861221283,-0.7252919754884999,-0.7943950924591702,-0.7979589735822374,-0.6575102011318831,-0.4333741830955864,-0.22740243297207555,-0.06750845062923247,-0.0018078165064148452,-0.02688954980255801,-0.08143995036716317,-0.12978248093786177,-0.16300061418667458,-0.18180243451847938,-0.189770558334775,-0.18965929746541418,-0.18217705239468876,-0.16299911909171982,-0.12172625902751671,-0.034698182907626725,0.13355928729334396,0.385492362250732,0.5896056411442252,0.6635439059850259,0.6636787118636818,0.624423223738297,0.5630138113413796,0.49767246440792123,0.43846502667431536,0.38736836288813836,0.3492801815047281,0.33650869437873854,0.36451234828059664,0.4269106285590671,0.49008008972954015,0.5302783321025193,0.5447074069323578,0.541385357626494,0.5286703169783074,0.5078141044115309,0.4801508222085994,0.4388693572172457,0.379510453039387,0.30213336319761147,0.211333605014441,0.1157804319861973,0.04072894434424901,0.01298563650536749,0.04398254887019966,0.12315045664359504,0.23025062190853277,0.33583518684156644,0.41554153806295285,0.44903930110086676,0.4220095797167719,0.30979193360325175,0.0866509246195382,-0.192093729308144,-0.3778317324843685,-0.42599858346649483,-0.3812125953231585,-0.29951568930265965,-0.23660544144722323,-0.2221627539469434,-0.26631962732865283,-0.3530062787832893,-0.45625693514271204,-0.5563608495654196,-0.6440803413412254,-0.7179269454234453,-0.7702142610925464,-0.7889219943458758,-0.7738822906670471,-0.7431193124687839,-0.7117879807536643,-0.6811456207614458,-0.6523625255676809,-0.6225197645675183,-0.5960054934478236,-0.5796422529824629,-0.5821795102417258,-0.5960672106689928,-0.6127088910035302,-0.6102390593988303,-0.5739408460687371,-0.5156772566434712,-0.45385189479185545,-0.38529187572025597,-0.3039665108686013,-0.21209508597828958,-0.12536090127638638,-0.06757003834525727,-0.05062528115583208,-0.07335141305921204,-0.11561310949008662,-0.14022003922077653,-0.1136441338805062,-0.040027011646769466,0.06443086845635561,0.18524374453625408,0.30683314575674275,0.41508186436538036,0.5024289994353776,0.5665288482148948,0.6040529288880039,0.6190979647882565,0.6156875660799898,0.5986930279046178,0.5811031816986728,0.5759089801525213,0.5862076875811135,0.6211271685657933,0.6956572120649406,0.823276205015268,0.9560004071779616,0.9541514409594083,0.840297164676848,0.7415851460961242,0.6916083364285359,0.6732401065465339,0.6582593779699579,0.6238747700915759,0.554658147826726,0.46346740422544264,0.37881556821853446,0.3225863967768343,0.28896981113131764,0.26526216137151665,0.24486865070473793,0.21868327234903415,0.19064938761923675,0.17927030858870852,0.2017629882645062,0.24592695297121211,0.289094943949175,0.31311661059233514,0.3108874638148099,0.2860802746615094,0.24764149969555457,0.17933035854507512,0.053109446722123546,-0.15439663971561182,-0.42772008822806057,-0.6672704395558497,-0.7899505555611644,-0.831035345401174,-0.8368460322525743,-0.8229502006057805,-0.7884461014348833,-0.7229811943967245,-0.6287119142850037,-0.5557061788314728,-0.5406302443413066,-0.5574989027104769,-0.5770625740309845,-0.5910905101266344,-0.5999553616039391,-0.5982661750204,-0.5757903069431568,-0.5287913013793762,-0.4549789739269354,-0.36020760111292643,-0.23062918956366732,-0.0460909476508715,0.04559936239349445,0.017472346208208474,-0.056315726719834557,-0.1364978929003411,-0.21293530659657564,-0.2794327818674898,-0.32795540812386226,-0.3598166532120746,-0.38072246370722745,-0.3924806332996684,-0.3868929845226551,-0.3461281965833949,-0.2676980102879004,-0.16953787649800414,-0.07491636060631011,0.011408589286440167,0.06745093412399052,0.08107911261508725,0.08150859244055485,0.12433835882278198,0.23058594278124905,0.33610858671777327,0.4208919074971045,0.5055047255818672,0.6091493031065943,0.7345456969573423,0.8690595189172089,0.9706406102322812,0.9866250629785479,0.9409439967198819,0.869708397542174,0.7464385187869313,0.5154689221014381,0.17195239233202636,-0.2290208557655894,-0.4679781897446782,-0.06941065960911302,0.13963737026177925,0.26030558718762437,0.34735279079061965,0.41966782352782744,0.48042771224638436,0.5268376406890232,0.5430119065895875,0.5193877375716641,0.4655442021339285,0.4227103967852347,0.4142839393210041,0.4355262296544102,0.4679355210628357,0.48014785516593594,0.45815430474220326,0.3937507216195163,0.2856992748727809,0.1492700224300571,0.018061880131203037,-0.08624985821315907,-0.17527494257416346,-0.25039693550022174,-0.3090204703597213,-0.3445589480430564,-0.3555885271456293,-0.34300756999234366,-0.3132069304047227,-0.2649843031337802,-0.19308916811868387,-0.09652533825253795,-0.007105809367242545,0.0007192044576005934,-0.13715726700987782,-0.38811376489371235,-0.6020900001091614,-0.7100656861766216,-0.7517140672806388,-0.7643377503410331,-0.7657617475605937,-0.7654044340676912,-0.7717522717746945,-0.786244415277837,-0.8024443113893193,-0.8079367738689126,-0.7940025474997991,-0.7696289902738547,-0.7535536386819713,-0.7495572405660264,-0.744728168420133,-0.7227121290475241,-0.6616714666527228,-0.5208283791331516,-0.2665213236802119,0.013059145919728626,0.22290769713324168,0.3680393868622025,0.4738981754480656,0.5285466155823138,0.4940720150165898,0.39515167877077934,0.33966906645790157,0.3788491134522269,0.48554494822305133,0.5170692876901146,0.47328868768248505,0.43880359855599127,0.431227859412438,0.44153388925629894,0.45430079338623564,0.45480804347935777,0.4418397833756025,0.45292852089286856,0.47562815183876345,0.46095602704154576,0.46184537694380695,0.47771490456016497,0.4879823820850871,0.4756413684818019,0.4322715271034702,0.36606514459731276,0.30651909384388587,0.2625148310455429,0.21628536810608076,0.1519207162874064,0.08745756441918245,0.08567930102221612,0.1508847647391133
