0.8671447084345045,0.7852339753646227,0.579451980467366,0.23390432073184012,-0.0427019492595499,-0.15946849226909876,-0.18233519583449734,-0.16552366754960265,-0.17313086277180006,-0.23729931195222048,-0.3522572009410782,-0.4801159449243666,-0.6050380712372917,-0.7264040058419571,-0.8297324347565115,-0.9000935606222056,-0.9367698411773305,-0.9492449101885359,-0.9499991414474619,-0.9470598459201911,-0.9442364547348873,-0.9392206504141677,-0.9250462644546118,-0.890970875244831,-0.8371429117353011,-0.7874761395755683,-0.7636184718022586,-0.7559083240635095,-0.7375169813422194,-0.6858987844281146,-0.5695811779009905,-0.36137169854845297,-0.08687034279079651,0.15199738610083854,0.29762181301810026,0.3839513598263323,0.4486162232770924,0.4981574114500529,0.5297666951227837,0.5435326458668255,0.5368621592527919,0.500028018438685,0.4289759706446333,0.32662251877045884,0.19911612792855785,0.0654325043304181,-0.043926463401243655,-0.11711133681712889,-0.14865266245764322,-0.14418155784787268,-0.1064757488676368,-0.04438961827069581,0.052015114208163196,0.20355279149946956,0.39104986706371236,0.5650242374976387,0.6955118786385532,0.7727871365275857,0.801295383618486,0.7786998143756878,0.690994454245194,0.5101438591925183,0.22014100813977647,-0.09819195445587642,-0.32178491761970346,-0.4276533395545846,-0.462529497835626,-0.4693180027129682,-0.4726184542490139,-0.4834130353507367,-0.5067029228512965,-0.541126485991183,-0.5847731658346085,-0.6291015257864166,-0.6645952909067133,-0.6785361931633993,-0.663013220820546,-0.6171723640446214,-0.5502042351695275,-0.4750982790481695,-0.40365263395893897,-0.352579129708283,-0.32832555169018374,-0.3216909524799694,-0.3157184546258576,-0.29119576229551913,-0.2507252973665299,-0.22177273662352553,-0.2448597617899949,-0.3052053091336384,-0.35938931771097565,-0.37719322194117816,-0.3435759091956236,-0.22680898912668832,-0.015499587235007259,0.23693118010334552,0.44076704331129213,0.5485204469377604,0.5041007945349384,0.25184904143507153,-0.057941893065430086,-0.25677391939418565,-0.35272273604473425,-0.3714321320012283,-0.32706525681965903,-0.23248421671095984,-0.11093963661300733,0.0037338212612373555,0.08581361262186714,0.1300276885927118,0.14100159355964673,0.13577445557001386,0.12926451785646886,0.14298661204459762,0.17757328172447973,0.20684732442394302,0.21586354702674002,0.21236036986769186,0.2070919736575035,0.21475717254982288,0.2338232735649501,0.2620512279409272,0.30656217108102335,0.37804522511182403,0.46890685359837986,0.5571639260910946,0.6241451251513118,0.6689563270487834,0.7039807585723522,0.7375918502705305,0.7686478915232146,0.7908944705642614,0.8098438391352502,0.8327072097892687,0.8581856599575383,0.8739245916859958,0.8421920512494301,0.701749816944897,0.46361713459954523,0.22912668748305165,0.0515803503340766,-0.07808222303865593,-0.1655917558340684,-0.1652842626083658,-0.029370804903859016,0.2021077900184787,0.41514700958799544,0.5523455135181203,0.6161021525221116,0.6112471190077406,0.5204404832525799,0.30168919839861574,-0.03561899587393136,-0.336508374197953,-0.48909628349387446,-0.5155667590226999,-0.4374115649627732,-0.27922064445274836,-0.11866215330043485,-0.004081487680396765,0.0625142934968141,0.0922358332184741,0.09906246076648921,0.09654903849920274,0.07942145592467834,0.06565488475990904,0.09210593630229048,0.19095200997227907,0.36392234233072174,0.5755074402212796,0.7519395344303581,0.8481323404298304,0.8832049972736509,0.8776483263037308,0.8364388294891703,0.7574890899683132,0.6224273449562331,0.39793518888000506,0.09141869662720672,-0.20361720424620325,-0.41566235789406053,-0.550025836418157,-0.6326218883278352,-0.6791852317958336,-0.6978907082536702,-0.6859570566189604,-0.6243000086097577,-0.4659833470621505,-0.19320961630358433,0.08200520344392828,0.26107629925631215,0.3478125706450018,0.37083199482002593,0.3578712298506608,0.3162675781411017,0.23386124761867882,0.10467657072454967,-0.05905991867012035,-0.22814016048024882,-0.3597613744753579,-0.43142080123935594,-0.4471503957629264,-0.41610398843967455,-0.36338372705023636,-0.30555333995514633,-0.26267389900794563,-0.2521007136297378,-0.2689249747973541,-0.30984682262451924,-0.34428602884885845,-0.34041873359512,-0.28623292710283904,-0.19833894140283223,-0.09312201977321138,0.023912738524316253,0.1414808288044461,0.2394524682911704,0.2720086649522532,0.1862558387676353,-0.035140205761010374,-0.3168479838450717,-0.5527836069510841,-0.7139681990666616,-0.812672111983753,-0.8670362149263312,-0.8864287439478834,-0.8845830351770038,-0.8721432904629228,-0.8563479851833905,-0.8375665305463624,-0.8182846491505607,-0.8013493261907455,-0.7849624911887236,-0.7563561970472199,-0.7051922820625933,-0.6302862274228389,-0.5198481387715818,-0.34679923245216043,-0.07512124470090538,0.2695217961503365,0.5572124736153119,0.7204145072462335,0.8031553664149735,0.8477925753333284,0.8747882698670988,0.8928648552907715,0.9025308346031481,0.9056511848925685,0.8997539466134511,0.8826103105308244,0.8485266811433969,0.7892810469625081,0.691717217066986,0.559078600159108,0.4359179778113505,0.36102906715344707,0.33131501795006774,0.3397716673404977,0.3693562031482272,0.40295541681188274,0.42719618784626084,0.42341883598190067,0.3882969909174691,0.32809770404601524,0.25242127903346945,0.18269421969103597,0.1336474040651091,0.09435758236956651,0.040530948139982224,-0.049715513649521474,-0.16603669825524517,-0.2860838785845083,-0.3858286573142397,-0.45592799089149805,-0.4939619759392867,-0.5049727678014443,-0.5042736389389517,-0.5119623963039589,-0.5381216431407136,-0.5691492649209887,-0.5782284536885751,-0.5475318084738637,-0.48364548059433166,-0.4056116691070184,-0.3174051039372029,-0.21294972103260715,-0.11518671337435332,-0.0789345632656215,-0.13603401775884214,-0.25526500914062217,-0.3728726982767661,-0.4492051545243572,-0.46475964561293465,-0.41217814913370104,-0.251550397519543,0.11908203169273304,0.5076609288614389,0.6563313174843655,0.6862276981304701,0.6677708267630239,0.6061945915483972,0.46932732554738116,0.21855557700960918,-0.09513022208295857,-0.32726447284199267,-0.4555726162816681,-0.5440161630611231,-0.6432940785158318,-0.7349622909086593,-0.7786160320903673,-0.7734972290209228,-0.7319636874277472,-0.6634566970266338,-0.5705098813498859,-0.4437947285031203,-0.2751913424616325,-0.06167118743461756,0.18008990979766262,0.42022411943770654,0.6218346318974494,0.7578091579545364,0.8323401923717659,0.8665730950290552,0.8769042830484333,0.8730296522340554,0.867481944884633,0.8749664389295518,0.9028374769062084,0.9416859211030533,0.9716189192034842,0.984865461292985,0.9856456505868083,0.9790415030243074,0.965213375584087,0.9326470469179173,0.8110679156645023,0.2893281269693317,-0.3760740233766633,-0.5857573780525817,-0.6342861822407345,-0.6292345793409151,-0.5888715529768929,-0.5263967825756822,-0.46717263822215493,-0.4277789173376341,-0.4193028688477839,-0.43174494520135576,-0.45101779733367603,-0.4639728528297075,-0.46654995571766283,-0.4524998820940191,-0.4206530195349287,-0.37578709354864676,-0.3342881310507439,-0.3102812115247916,-0.318613146847986,-0.35525386266222936,-0.39758829960158293,-0.4049954634639664,-0.356702446582791,-0.265286249283851,-0.17866925794926014,-0.14867368131656358,-0.17858837250275403,-0.22617516230174553,-0.256342235627923,-0.2710224244348402,-0.2725150026626668,-0.27217801548458403,-0.25267055976284103,-0.17758790826731458,0.0005636364989215678,0.25197827121206146,0.4693607162662398,0.600924450636961,0.6780929158541904,0.7270709030415861,0.7502090909970606,0.736809321226286,0.6512337288726776,0.45785201954514276,0.19334699544247738,-0.040392156852576876,-0.1974575703864724,-0.2965741688207126,-0.36994004776919776,-0.41523267219968085,-0.4367016127559717,-0.44371846271475623,-0.4339893826626135,-0.40476937526706097,-0.3695352779590022,-0.34254263256147205,-0.3308509257358047,-0.33270309382647123,-0.3413374168481372,-0.3479798479280079,-0.33301328625247045,-0.2666055801934013,-0.1561980734021221,-0.03844449699121582,0.052297941897898645,0.11090895130749286,0.13376121228579768,0.13004007498029593,0.10916120839071677,0.0836879558170624,0.07656950000691587,0.11294832716757222,0.18443515377662847,0.26312163848598646,0.33569102025741726,0.40433898474611907,0.4581516085130491,0.4941132954622703,0.5094781787645156,0.5037697993940768,0.4722505020637873,0.4094032831194916,0.3043205292178187,0.13919065545629095,-0.05354267279412183,-0.20654100538462036,-0.2794917532741681,-0.27883893873378107,-0.2271944921755573,-0.15451538747848054,-0.07871456436656839,-0.013154351605312859,0.012782812894639194,0.0042460603137832505,-0.029685659300759188,-0.06762340289370872,-0.09301828763119327,-0.09205241212092848,-0.062076612782691,-0.02112787627948867,-0.0005889011054676609,-0.019172352996902585,-0.07176622214959943,-0.12638480525200563,-0.1465762787570699,-0.10588153110261907,-0.004374419668536859,0.1309438320997314,0.22111972269390462,0.23085876386414692,0.14799720700299818,0.009679985463854443,-0.12093797343192168,-0.18028928185200133,-0.15444541763090694,-0.057309760422261755,0.07556752653022386,0.20779570258169747,0.3137677004370056,0.3879254325430555,0.4479425594409973,0.505872946923511,0.5520701646983778,0.569809412397347,0.5387292283631304,0.4655518188391681,0.3640159413383269,0.24739500696723513,0.13392884301263683,0.04669766130899535,-0.01637630486205459,-0.06288488246394446,-0.0983012485402883,-0.1289250459666573,-0.15579042818822453,-0.17083753459795578,-0.1692631422372296,-0.1534077401180737,-0.13145909304203002,-0.10880580099517848,-0.09655403940145847,-0.11278916919131761,-0.17018555192681084,-0.2722777062986414,-0.40700949713683,-0.54904002303868,-0.6543860155432357,-0.6823218947368657,-0.5771171641029595,-0.1520972584276167,0.34842644102103887,0.52003883673422,0.5390174018097806,0.4950873788803871,0.4085619939112796,0.27141492722154303,0.10361158160151107,-0.048446899117587414,-0.1481534891158002,-0.1985437132612555,-0.23081771496970654,-0.27410334246833595,-0.33550212877267727,-0.38768598662129455,-0.39453186979152394,-0.3612421602270653,-0.3190700522831041,-0.29261698193389096,-0.2863119520485586,-0.2909741248424748,-0.2646157008016433,-0.16032830351864788,0.04146922428168033,0.2739912740967201,0.4380110300957947,0.5134423752550199,0.5174306057568293,0.4633595190480679,0.37144661963513875,0.2779873011348566,0.24189596042010372,0.29723009237762865,0.41842001969397963,0.5418514219275595,0.6213022582588783,0.6467803909442738,0.6255072323266447,0.565536205166832,0.47724964953989857,0.38121612573180275,0.3187467225617527,0.33507201665261416,0.4468749012696756,0.6038290364657861,0.7204866658541712,0.7684895813907003,0.7390223905471726,0.6284368395035612,0.44694207530706714,0.24684173481619917,0.08007234173779243,-0.02311667549132144,-0.03589157681930063,0.068628863454994,0.23785465306705741,0.4042643341226365,0.5312269354370829,0.6007557267246098,0.614155815608391,0.5741347950228733,0.4816999743384848,0.35508788992440143,0.2062009776227241,0.05380856676649471,-0.07259496758661084,-0.13550052533069898,-0.11910329142073961,-0.0226440005841481,0.1384482943568261,0.29094965518823573,0.3545802136225097,0.2993838393122289,0.11598312138387051,-0.1804102145424265,-0.49732234530822184,-0.7024283090034684,-0.7875210814915664,-0.8031430461259844,-0.7757153746075909,-0.7151419095027817,-0.6379272795892469,-0.591831408448623,-0.6077463993174745,-0.6634572945442548,-0.7269465636306401,-0.7820881051502864,-0.8237561927782557,-0.8529517124590046,-0.859921639992103,-0.8287752122675918,-0.7635599088217293,-0.6643757979033947,-0.5170113088678785,-0.3328138028845519,-0.16660781985571407,-0.08318015490657324,-0.08721449273261853,-0.16254905024508645,-0.27409421341412993,-0.3708468541581492,-0.43415337890017974,-0.46390020186933556,-0.46017210352085297,-0.43278196682202197,-0.3863508889638439,-0.3265677776089945,-0.2675702300863431,-0.21588093328291524,-0.17652139095133085,-0.1402712860980217,-0.0976827107530389,-0.04342340134804357,0.015579071412606399,0.07142177272111983,0.1404027104250595,0.22842105209457542,0.33915197985792217,0.46513852723536986,0.5892728863809122,0.6909120041825951,0.7588071657078007,0.7897601912885815,0.795743158994919,0.7751656900014193,0.7134005599210588,0.5781779083252893,0.3509443173545088,0.08917543322124528,-0.15092134945469318,-0.3718107976124819,-0.568016308382337,-0.7062459968251085,-0.7672220348878583,-0.7839158157614613,-0.7661755112324855,-0.7037914603405081,-0.5880484061173539,-0.47629447141239184,-0.4249328897978431,-0.4121679798051733,-0.3930678732909085,-0.34174000086066697,-0.2504596980401136,-0.12947193596666812,-0.002634497803580382,0.09073426622095102,0.1309464346691548,0.12408962168762372,0.0850343533927438,0.044122716812294176,0.02548096544412105,0.04059086475605979,0.08751141905185573,0.13888501730182126,0.16700201842414092,0.1616481324618117,0.15047956813566168,0.16532463434511488,0.219332700274506,0.2911008004439076,0.34798671601501624,0.37461846885589384,0.39099973169132,0.4399133756154017,0.5311305402498284,0.6297834534421021,0.6912715773460394,0.6953749845951229,0.6269417850766945,0.48842664435963207,0.33576752410116645,0.23633951830457778,0.212012912258701,0.2499511135634222,0.3229132497902459,0.40455063074621456,0.46767866044430473,0.5015241837123098,0.502425582113769,0.4616249744944411,0.36051624945930827,0.20869690887737394,0.07966418886573072,0.0347590588968765,0.0665716088637725,0.14251958576694454,0.2396887429991992,0.35194428855933113,0.4687814814298476,0.5812408191814876,0.6775117470638026,0.7517059346415979,0.801000771206237,0.823106757722,0.8168339740651199,0.7790700588784426,0.6903876426465776,0.490042008076443,0.19230787689649315,-0.015490438620151403,-0.07866895059273073,-0.049813536303896996,0.038701373024943184,0.16362081542632295,0.2917651885817319,0.37504286278562143,0.32633554178588037,0.06478265974912331,-0.2653310881170264,-0.5121872901224812,-0.6798985384805446,-0.7845941646543446,-0.848043094276292,-0.8848225513888248,-0.9051428433479211,-0.9115322807868858,-0.9082272298566804,-0.8979745366204053,-0.8829669198897219,-0.8685235046640637,-0.8612552142080048,-0.8629637353484829,-0.8687406553331651,-0.8684426523969403,-0.8514922803965267,-0.8072197607761312,-0.7227121447516529,-0.5752412277096148,-0.3429092868863143,-0.021257369245714735,0.30399705650201925,0.5082835341563366,0.6162793262087525,0.6920998319879559,0.7683587908535058,0.8423868660343138,0.9012653008943824,0.9373683569127151,0.9557577243823225,0.9630358958323217,0.9627894837571045,0.9561621268633156,0.9415468520232758,0.9106709177171499,0.8518504851713253,0.7526464707480756,0.6079118878069103,0.4048485539406987,0.12386743979867029,-0.2437536286037107,-0.5603999186442961,-0.7191406450269324,-0.7712604803813548,-0.7767511606931362,-0.7514230437784387,-0.7079813636864248,-0.6652073670946663,-0.6474384021348224,-0.6564834105549171,-0.6744519241139092,-0.6881001806387729,-0.6909746101262353,-0.6799250964045565,-0.6550602068271167,-0.6228263981939315,-0.5821575912489181,-0.5242757062186998,-0.4394837577589626,-0.3317911704626002,-0.21538918582752448,-0.13060314402434228,-0.13278000168558965,-0.22646531833526093,-0.3409013568296611,-0.4250204560726154,-0.4659274931078985,-0.47403630358342314,-0.4612575930837112,-0.43406198526814477,-0.39324981648306645,-0.3269109135552955,-0.2122446473972158,-0.05265779642306326,0.11157846301471608,0.24084947708977936,0.31881529862333274,0.3473099421345032,0.32601390615551534,0.27765983454032334,0.23648591243325545,0.22257181527828077,0.23501386270344984,0.2680383015215285,0.3130436665980554,0.3517588632584268,0.3590730882554515,0.31720332771520915,0.21639183328863135,0.0692000535274957,-0.08534295890201112,-0.19103318144117162,-0.21174874054712767,-0.14928082076302152,-0.03620203952356379,0.07821598917755099,0.14979819491061047,0.16109047502617282,0.11145625104733481,0.010552535718062537,-0.08841260249135471,-0.14546207092752497,-0.15647277711432994,-0.12623149370622258,-0.0674754779317395,-0.008627969649719213,0.03455531426521161,0.08661718442621061,0.15242899831438084,0.2128064197428021,0.23406150694616684,0.20800465789150793,0.15197074163464983,0.09392372511086168,0.08153431137496038,0.15122911843504272,0.29475578378453804,0.44151507952660446,0.5228827686554095,0.5222916966637525,0.45937905122760836,0.372122206597963,0.27929911152856096,0.18882182288431226,0.09916030123623198,-0.004717224256607302,-0.12587389474778016,-0.23318002651867778,-0.2857836201305976,-0.2655486582879703,-0.15943273628671292,0.030809230500946742,0.22420107898480623,0.3123493926018151,0.23602428897068076,-0.019965319274367548,-0.2792034141281402,-0.3710365407482415,-0.3213047800791467,-0.21800332546405166,-0.11840115293124151,-0.04910116071496229,-0.008866338199587678,0.020900245643080215,0.049787658242259114,0.085894516247284,0.12590701230925078,0.16454757502758885,0.19480749125451072,0.2254446085337897,0.27768628122571,0.3526141820631718,0.4169011812249584,0.4588858105927086,0.4827410267918093,0.4770257505504138,0.43685930638835185,0.3498927536917416,0.22707458623785692,0.10793722084931341,0.029324314386704284,0.008554309272878936,0.057844857350008785,0.16315438983641736,0.2810020309009601,0.37179059930873565,0.4346732389918894,0.4922472853609831,0.5572319999575777,0.6203640721528878,0.6773049166435571,0.7185601802362602,0.7443768346328921,0.7521461069746208,0.7410440961731491,0.7181878592474746,0.6860423809666923,0.6370897759911153,0.5699170636067886,0.4856360642378528,0.400231179289514,0.32746293141858124,0.26371998668912144,0.1959199523517163,0.07269394625479396,-0.13769131463049078,-0.3840803544495947,-0.5718117614938414,-0.6857939301050044,-0.751326680622821,-0.7926091983665823,-0.8245266325465386,-0.8528978793696776,-0.8759776179379055,-0.8926170329440615,-0.9050150018435702,-0.911622370974142,-0.9023582270938549,-0.8582021535412028,-0.773208250084245,-0.6754468978446687,-0.6124218566875014,-0.5911306897570331,-0.5700850094151454,-0.482219631999551,-0.24448735362129037,0.13212631808550135,0.40978588404900274,0.5295418229046251,0.5629745689078205,0.5515385238286878,0.5037077139274555,0.43226312654692767,0.3557465966490399,0.2840578763151589,0.23048484207575687,0.22402605091378783,0.2781817994420119,0.37451890413914557,0.4785359413750507,0.5616344185476718,0.6108402090636872,0.626551348696408,0.6062551716685345,0.5469427013532513,0.4627490227308832,0.3635401596671336,0.24022572022148989,0.0700918781059026,-0.13348608356171224,-0.3000153664535364,-0.40554648479164923,-0.46953116121625793,-0.5090478622537296,-0.5354820888252255,-0.5632490557641991,-0.6015735120474767,-0.630359174250061,-0.6435655132336634,-0.6498343307302827,-0.6569432550121078,-0.6600151643387607,-0.6504444178330223,-0.6068478155900868,-0.5224650162268341,-0.42826387170028846,-0.35088252700969813,-0.30646612670123907,-0.29939638782436634,-0.3126418695819264,-0.3374051729636091,-0.36104136260633024,-0.3774719761305243,-0.3704830563596649,-0.3356531644160711,-0.27968340471520475,-0.21379986040250815,-0.16425479387223166,-0.12751558112758626,-0.0835794153439968,-0.023881452010979517,0.03392051609334065,0.08358721005493679,0.1313279987829975,0.1846542502009635,0.251931379414841,0.30125391635204457,0.2427987104076422,0.1494833567747174,0.10609865445813996,0.10474121724741597,0.14472776995622041,0.21284810106852803,0.2993097344140127,0.3804980322424721,0.44249619397877643,0.4761719450961466,0.4885452570707781,0.4771180308466016,0.4373510285288011,0.37672807575782574,0.31422080618314413,0.26086356752012024,0.21517851087423814,0.1663865966081318,0.09929855132489222,0.004717862210283079,-0.09952094524504447,-0.17476177525721254,-0.19109034301306246,-0.1544920849321725,-0.09862555809658796,-0.05215621201240821,-0.023217788808072057,-0.005246446427072626,0.012149304894341087,0.05884170580396133,0.15847927895868263,0.30090200600555594,0.43366572315174834,0.5288821060277311,0.5871824980477844,0.6224215320734195,0.637661052336798,0.6276882771880976,0.5924086437616305,0.5405113880474155,0.486997908374275,0.4458842898061998,0.4234712170123523,0.41825398882161446,0.42312821821791347,0.42468948212786894,0.402320874614479,0.3310331208572877,0.18969913497523608,-0.012889673338142803,-0.21378126681430484,-0.3499402701412737,-0.40902212036120517,-0.42408384560726686,-0.4547632564266006,-0.5333595632813991,-0.6495999325819773,-0.7748317951718128,-0.871135103400281,-0.9175423436615825,-0.9267168369764385,-0.917532585288297,-0.8984095310873579,-0.8677660956727454,-0.8166716428286875,-0.7336264544202918,-0.6187801656213578,-0.4847162142806665,-0.3420900270514559,-0.1874459802746565,-0.019424400240111286,0.15612796665605214,0.3237795516012904,0.4761137584179019,0.6129210123813381,0.7236724980234136,0.7943641061166633,0.8257619125775868,0.8337748865659003,0.8310640872333581,0.8232804267559224,0.8127352835797351,0.7921652422188555,0.7533878519684574,0.6868563055806506,0.5827358406257924,0.4190508464463633,0.20227500548509614,-0.022830785371331,-0.2624308430693423,-0.5379958960570301,-0.7483919093345106,-0.8398797608844121,-0.861658984577193,-0.8532539306862204,-0.8309603304042352,-0.801283692173539,-0.7692644161320594,-0.7413273425591317,-0.7177568058082842,-0.698011799507555,-0.6933917348671647,-0.7082883654239388,-0.7253736330047948,-0.7333075557770621,-0.7340283335461742,-0.7397459236542753,-0.7472701988289562,-0.755981259952677,-0.7625090286885017,-0.761519482864981,-0.751651991320286,-0.7289152729516428,-0.6796921586949094,-0.5752635471423196,-0.36779614343217826,-0.04508370550114237,0.25983354690057664,0.4496439580468301,0.5430445383426521,0.5888962114292429,0.6158065228378293,0.6350560225144632,0.6481652900127681,0.6552177065496311,0.6559701074871506,0.6551469640386806,0.660655344549738,0.6704462495027091,0.6767048279823223,0.6704110824072707,0.6374021294142284,0.559851205075176,0.4366295522561897,0.29210628910904857,0.16930084162144682,0.10058928385752328,0.09951546070555475,0.15278217738244024,0.24424900032250263,0.35762976361057724,0.47973594660786084,0.5809811780322766,0.6407869727239963,0.6573565526530933,0.6415308542712103,0.6043691950048915,0.5463217382694493,0.45920657786787705,0.3348031696670652,0.17438753331223095,0.01067067882591211,-0.1328910192280123,-0.2500671210594553,-0.32815822661547595,-0.3648816616406312,-0.3676308634276079,-0.34882597831103607,-0.316413768333448,-0.2849886068357226,-0.2624936116887398,-0.24551644789124855,-0.23473558195581062,-0.23951698462038867,-0.2656873423290494,-0.3022834976398955,-0.33812432913817303,-0.36980924448029345,-0.3945760184292397,-0.4182107272052054,-0.4432252393082393,-0.4563939253754488,-0.41896964834222106,-0.31950633068238765,-0.17652438324657113,-0.011339116691361032,0.14808656254702415,0.24047082304358558,0.23642507835387097,0.16364721754823894,0.0793685427359515,0.022780342737865025,0.008809483469788423,0.029175931174021865,0.060209880981925916,0.07740785344735063,0.06442637681021494,0.016281080202506668,-0.046705559279940474,-0.08958591368137693,-0.09597407359059375,-0.07615118880525659,-0.054898500827582714,-0.04887838463647529,-0.06500167231443552,-0.0970557700322128,-0.12262499170982698,-0.13093352584609477,-0.12593544827076023,-0.11493018281369113,-0.102069171259834,-0.0735103418480009,-0.010997489519718113,0.08618285097039789,0.19668927151505444,0.2910974711616355,0.34586202163909247,0.3470572931525503,0.2753501917675835,0.1528316068129932,0.048682750767450725,-0.01445321662491204,-0.047535114542112525,-0.06354084908044397,-0.07097313455556925,-0.07085011580207194,-0.06673249767409616,-0.06509005879685807,-0.07977873420401042,-0.13128036195609777,-0.23753934765648285,-0.3739297290849576,-0.484023607265064,-0.5372962242732746,-0.5338596556059474,-0.4730844280574172,-0.36309385475365774,-0.24064794839143527,-0.14724632442722332,-0.12049004327199399,-0.15944978510547708,-0.2150178265417408,-0.26886849443019767,-0.31570555326869787,-0.34482570104740556,-0.35062102962770125,-0.34978969957310424,-0.35959593644687965,-0.379134145852187,-0.3894025650284057,-0.35322450446499104,-0.22356148967245576,-0.006256824668028449,0.18582000800154602,0.31566260816612773,0.398885803268492,0.45280858240713356,0.48422190606895776,0.5042997624133069,0.5385529294844379,0.5965814237556818,0.6754949728205992,0.7616558813086761,0.8397523239781699,0.8958382779444055,0.9264930219604005,0.9353737744857407,0.9288144206982423,0.9085338287968061,0.8707219662366534,0.8029158946308164,0.6713543427857565,0.38695282301335704,-0.08554144466532455,-0.46048113825373904,-0.6073224356994209,-0.629193207429516,-0.5976359636492296,-0.5669048128839878,-0.5539888510874849,-0.5569524234154022,-0.5575798951245207,-0.5358275679349457,-0.4650048316921603,-0.33945456167738003,-0.16037134253143817,0.0389067397899073,0.21837610389954476,0.3837087075918483,0.5367270375636037,0.6583001850854135,0.739116106392207,0.7890105491831739,0.8217394543121667,0.8421730782922267,0.8495222434161265,0.8419031095540807,0.819926326860247,0.7869205859337493,0.7536261357922067,0.7328892672126146,0.709737867409778,0.6647446952598378,0.5785097971688115,0.4496568748099355,0.29470826097030817,0.13225733108887802,-0.007932548749296343,-0.09923512711710711,-0.15469155539675447,-0.25403932867355455,-0.41965557632050327,-0.5889772911038854,-0.7190473440460304,-0.8058429039086606,-0.8492042008506138,-0.8581657766111506,-0.8450577400110565,-0.8130070209931586,-0.7613423522165447,-0.7004548091849803,-0.6404151534410079,-0.5993366313554505,-0.5875033275008281,-0.6032537108787489,-0.6284395913165521,-0.6300778837598714,-0.5781424098826531,-0.429754351071788,-0.13593273382452978,0.25635523763657897,0.5460892983146417,0.6757564794774579,0.7061871285114716,0.6632926807306312,0.5184854399600786,0.20951773663514733,-0.17514751074429988,-0.42092065249990107,-0.516666835716129,-0.5089150691173538,-0.4048418711916234,-0.17807561146475073,0.19672780707407345,0.5730750784908538,0.7273993103681021,0.7316897702367529,0.6846375055931903,0.6284440260307961,0.5797700720889541,0.5491855134517902,0.5421975120772036,0.5474480164590948,0.5482621473663092,0.5379024488883767,0.5054352917035041,0.43590992020748126,0.32414909269073283,0.1928784602906721,0.059147692000390245,-0.05844643020832823,-0.14534974096620165,-0.1794081036019438,-0.14776764333917858,-0.0717464003337954,0.02247927278971598,0.09804688533115317,0.12149411245312762,0.07390842243492006,-0.039879742929746775,-0.19052067463599545,-0.32743134385223693,-0.42446476821570517,-0.4826198239757943,-0.5113225414356609,-0.5298541564628314,-0.5500539826509983,-0.5785363920365814,-0.6236403790118541,-0.6923081237897286,-0.7738172875175261,-0.8354463205609188,-0.8701505851240279,-0.8778535363442542,-0.8569512890619276,-0.8004899369963789,-0.7039121917374888,-0.5623256617699255,-0.39129459052507864,-0.2181665551253184,-0.07393897001752514,0.018743074862446623,0.050123414747583944,0.025080465462227582,-0.04480431736214541,-0.13159036237855834,-0.19900340640813094,-0.21870361103093183,-0.19563895773719253,-0.1590708022467036,-0.12281119107605502,-0.09387775227185907,-0.08014305728971981,-0.0852721882238007,-0.11211315993058417,-0.15955665828601598,-0.21709959478602486,-0.26243594688154503,-0.2686280082740113,-0.23227283033533394,-0.15923067526214274,-0.06916336482298152,0.03740115507198272,0.15654005443384134,0.278388005649643,0.3945300092450278,0.4974464638034711,0.5738110229364345,0.6168632511174249,0.6298526708147653,0.6148318613713653,0.5714148854726273,0.5074805214955185,0.43641786919536824,0.36670323584060543,0.30570687343168945,0.2502804941953976,0.19292979873971433,0.12480580362677253,0.05007506691430199,-0.008771418368534139,-0.03220633620178589,-0.026156294643572893,-0.010505903719020026,0.008938058988950408,0.0456242457258592,0.11757755177020728,0.21278272655871325,0.2977469060946721,0.3464498074367921,0.35515916974735623,0.3276449815371526,0.2726932823727905,0.21054064345719853,0.1698298729834848,0.16064368033083612,0.1810758898914327,0.22141681429378832,0.2730107444451452,0.31974569789174817,0.3413892662329461,0.33681720509383617,0.309889506222146,0.27581279142181686,0.24820861698717023,0.24670127274877843,0.28404087776291587,0.35693315283371563,0.43244934616127306,0.5008295860812473,0.5593969803568567,0.5869779367328096,0.5491161894022791,0.40072859920071524,0.1807255086826405,-0.013798117386969297,-0.15562819064713967,-0.26220782707442847,-0.3499208208054872,-0.4264647401676964,-0.4856332665582903,-0.5207918276731226,-0.5358223758446145,-0.5219731796617002,-0.441633384915974,-0.2884026240637789,-0.150307505921745,-0.0880424481681052,-0.08744632741848735,-0.10491552131838053,-0.10357988705462176,-0.0674588977844216,0.0003209298356443971,0.08285151757002691,0.16352989577457624,0.22116793832030615,0.25238177312639964,0.26722224965227315,0.27637314402262353,0.28556059524016886,0.2867976826817617,0.29542780853812833,0.3059206121503537,0.269983851143374,0.1800774668272088,0.13579928504183683,0.19609428651444807,0.31051406797176456,0.39261649284321215,0.40493684782883105,0.34193517482103764,0.2398459433366552,0.12885629937885026,0.03378479279719082,-0.012037062953752325,0.018579980075553993,0.15174372368427236,0.3896873860982951,0.6067712517870261,0.6673538481131531,0.6318124302467839,0.5613069501159244,0.4643106127266762,0.3375826800546556,0.1805596347402672,0.009691407817618975,-0.1457968939945025,-0.27524845625193234,-0.38669319230829746,-0.47761228369525977,-0.5380622609520248,-0.5598344598004498,-0.5229219443500921,-0.4021036991524973,-0.19631578000705147,0.02846122166548328,0.20594382242885764,0.3434761763742625,0.46050013605675544,0.5677652373367583,0.6660786174325916,0.7510759936662574,0.8162158967727468,0.8622625552633159,0.8889375636206979,0.8990069945214133,0.8917286937937617,0.8647197012092595,0.8066337945270592,0.6926987915410602,0.47722451727013077,0.10696601407994737,-0.36338547479753985,-0.7033160155763316,-0.8506476405072612,-0.9052114043160435,-0.9265282815012518,-0.9329736693116395,-0.9132368294823979,-0.7950657377951286,-0.4984082854598481,-0.21162014689944592,-0.05969283204528415,-0.004583844517549822,-0.017866529425021118,-0.08855694476360233,-0.205035628066626,-0.3443224287801265,-0.4726643654029258,-0.569922232736507,-0.6298161888699543,-0.6570321877009732,-0.6585407347264761,-0.6463033745424873,-0.6301070396061218,-0.6153022160741107,-0.5963096409895262,-0.5674753546340595,-0.5222576533870119,-0.46222434827178566,-0.3894018137282991,-0.30719880695106516,-0.22308625278594593,-0.14574660746721474,-0.06584746361605766,0.03713035953748052,0.1870569480653002,0.3988876920847803,0.6389863009929051,0.8164857132840995,0.8951614388869011,0.9141518727336824,0.9037187208065812,0.8706285228462342,0.7951490904842861,0.5685418331053982,0.008327916436647797,-0.4265401109216255,-0.5930025418761251,-0.6603494148372027,-0.6933347963795742,-0.7050771577055455,-0.6962594488599504,-0.6643893657509131,-0.5981179298206339,-0.502492122269285,-0.3961417466873406,-0.29372787114511295,-0.19166219720605943,-0.09026278677473072,0.013490194011245802,0.11760809266853124,0.2248980497606722,0.34401749965997436,0.47318804353580785,0.5883767374579368,0.6661254845643739,0.6938007422954621,0.6739246942087032,0.6203235161440942,0.5458946882826922,0.47378258069102913,0.4214789379604319,0.39543066552716793,0.39361092536345166,0.4046686941607021,0.41502449085388005,0.432228431299447,0.4560572794062901,0.4687103310976051,0.4513602594764485,0.39030714063738936,0.3002734303326406,0.19694635474605895,0.11208619937999287,0.07204117800777905,0.08309092132165315,0.12967836891142667,0.18405257078384435,0.2263744314855789,0.2497911742579619,0.2582726007139822,0.26119196350400065,0.26064556218934265,0.2618922788259829,0.2708821907962081,0.29155328306347833,0.31910385034026234,0.3450531397340256,0.3489463649175077,0.3211633117973041,0.2539198955763365,0.1302906328456031,-0.028518179706749944,-0.19156651622466644,-0.35215170294899556,-0.49505439530414275,-0.6068472774828867,-0.6838714768965044,-0.7314972173065445,-0.7549403381376503,-0.7523333812411341,-0.7213978903111645,-0.6767448237798912,-0.6533077974767604,-0.6588687021756584,-0.6739023618070707,-0.6797735862430297,-0.6648919700844947,-0.6274993475656022,-0.565009418124014,-0.47645486383318814,-0.36831455150323034,-0.2547383188002618,-0.15172488087899327,-0.07159563690322515,-0.005505394699210992,0.06193361917160209,0.12469557566077379,0.1767591489717113,0.20700073738433328,0.2154079862993612,0.21218547746804248,0.22231611478302002,0.267554634572226,0.3357041754052697,0.4016890944437116,0.4635933144077034,0.5194271651632429,0.5584268667055958,0.5691997599806056,0.5509351123386643,0.5083938833684419,0.445167292656548,0.37396186887127214,0.30576666359942833,0.24464472483896868,0.20128067825586315,0.17994431646503223,0.1822069934299541,0.1965601145902235,0.20438626830240234,0.18299347655540277,0.10723432318897881,-0.027365821445978083,-0.1639986742552316,-0.24020078045415363,-0.2602371434636605,-0.22606478885638184,-0.1223325393599768,0.04348927262705045,0.22098347953347605,0.36934559990654037,0.47000814517558287,0.48714059049724995,0.4146228220038202,0.2686327250646531,0.10588972585884489,-0.030917688918732977,-0.11413356488853287,-0.1307423660147794,-0.08062059772212399,0.023388865315213017,0.14150582321040533,0.2361854769261533,0.296838474494351,0.32370919532063364,0.32721937546482355,0.3258838081230277,0.3368273228082423,0.3488373894123178,0.3433773373410347,0.29529589360782604,0.19339346238533903,0.07299925536976017,-0.034023951242068126,-0.11986248232650656,-0.18532416177939462,-0.24483280668969926,-0.3294818546384589,-0.4494668539046203,-0.5870620176893586,-0.7086886608918249,-0.8040293510153453,-0.867799335276271,-0.8984086322027661,-0.9042981471982224,-0.8984980626608767,-0.891298633229383,-0.8684461250345663,-0.8011046420984357,-0.6768960195260656,-0.44651043791706285,0.010278106825427461,0.5016662451494788,0.6843633855448074,0.7216484896118031,0.7121224628676351,0.6657848893194388,0.5843488395641732,0.49285762966720637,0.4221752479917445,0.3758357922955255,0.3479417808537412,0.33339644493009235,0.2984267081113515,0.22418108076298335,0.11937292349735476,0.012249571644333889,-0.07669123328595745,-0.14565684426290246,-0.19575607416922197,-0.2180372022898955,-0.1994092619588585,-0.14389252092601587,-0.08467367066139082,-0.04840998320466934,-0.046125658943629994,-0.085916577101363,-0.1695418576190147,-0.27436628300432614,-0.3573757613251241,-0.3943816484891169,-0.38718983321935213,-0.32967430998311203,-0.2108489508792993,-0.04609287056740708,0.11144437034715533,0.20587718677562372,0.21570980830468944,0.15452979188432145,0.019779893668790773,-0.15428129505849494,-0.26861763950475775,-0.2634792247112391,-0.17139302466132125,-0.03630744978590624,0.13373801595219462,0.3525752569060252,0.5792634029149745,0.7389534399956657,0.8111736113397645,0.8224193607784832,0.8050213436650347,0.7801399186453023,0.7574706534538533,0.7482552283459003,0.7495084587802467,0.7484621889023151,0.7411963236968917,0.7348462548243718,0.7234001317101747,0.6921042069026258,0.6448880218330156,0.590170405985473,0.5202001309822628,0.4292304687086688,0.31283742216717925,0.17131128062714354,0.008422741299250285,-0.17331636422653798,-0.37702924204981114,-0.5702769671706357,-0.699257341654969,-0.7417979650790091,-0.7350897530808935,-0.7184000975325479,-0.701358760230312,-0.6832455597280421,-0.6572139173045646,-0.6161939769880698,-0.5621298829157305,-0.505450575300539,-0.46805489574605297,-0.4604015966617134,-0.4695401266455712,-0.46726607162163536,-0.42977773097519173,-0.3447899256928066,-0.17221343577459602,0.15738981563404064,0.5394636210166212,0.6601490128753447,0.6379935942236132,0.6030490592813804,0.5931565385695224,0.6066296655596314,0.6298975502332318,0.649609753303782,0.6593832639067706,0.6598029522782844,0.6542956525222753,0.6364525782901809,0.5898954001799134,0.48879397027047333,0.30317272306791104,0.04733217717850574,-0.2112207994135937,-0.4087030701868022,-0.5431168885393859,-0.6409323673209892,-0.7228280041578311,-0.7941857227595709,-0.8535023933954818,-0.895897806107558,-0.9157832982042188,-0.9033105842603071,-0.8552563221145122,-0.7667473112224459,-0.590754001028952,-0.20334816245228235,0.35780975469647,0.698720079474695,0.8319746837513896,0.8901747562217545,0.9214757834054056,0.9390793243835976,0.9461208141158765,0.940658547303192,0.9168329325215067,0.8726469219672139,0.8020425585200656,0.7071553194435861,0.6009206015619308,0.5017119214929405,0.40040759507867796,0.2710178935257728,0.09115810485977437,-0.12641309198190995,-0.30054406610641615,-0.3693401573383606,-0.3636461885695461,-0.3282537132711336,-0.28639739957424293,-0.248040711139424,-0.22127505430386643,-0.21343304080561978,-0.23649156039451152,-0.2908354393768842,-0.37698361875711145,-0.4786754078331355,-0.5733172336429859,-0.6408421284956872,-0.6808651791407672,-0.7016193626075145,-0.6986838617893923,-0.6712788261890317,-0.6181355694486568,-0.541953983611238,-0.4492572282429392,-0.3557716344148593,-0.2874498607338178,-0.26486518861862696,-0.2962850904165991,-0.34213583666912845,-0.3668112611234591,-0.3522537836983184,-0.3217343966841586,-0.3002486049060351,-0.2808260996399238,-0.2667608946432633,-0.2542729855529552,-0.24106881416787648,-0.24036772459067896,-0.2569908927885803,-0.2897300222210371,-0.3273528730923384,-0.34992206229248,-0.34383096217259174,-0.310357932685168,-0.24739170724381382,-0.17522427364259457,-0.1163601015624008,-0.08355536569953426,-0.06748786769644163,-0.04594989139791071,0.0008666624694206044,0.09521371940173799,0.239847594833784,0.3908336651872058,0.5140647931593654,0.6007638216878622,0.6532274939408007,0.675658531721873,0.6686737251796901,0.6174778419309973,0.4901851491291714,0.25536424838394495,-0.008950104531396701,-0.16475963693002152,-0.18763648766452204,-0.1057885017210602,0.04715158422316727,0.23477382585076687,0.41754894849293667,0.5490404824915401,0.6099169385313806,0.6277389284804381,0.6251054608320408,0.6141954094787787,0.6034839845561251,0.5970677739631085,0.6069564906515977,0.6524590358813737,0.7193996395723884,0.7795628005136895,0.8152635300036211,0.8331018102319382,0.8378696898281255,0.8330897857021531,0.8161594974633285,0.7735692944897818,0.6807093244821671,0.5069483784712437,0.2721588434313095,0.05214807133031385,-0.10280906328588216,-0.19253459911355006,-0.2287873300431227,-0.22679764746303802,-0.20012464595786003,-0.16473078829342494,-0.13171768698861683,-0.12417295578423361,-0.16915007668285378,-0.2860989242743352,-0.45428394664089583,-0.5941815986002178,-0.6569254605972301,-0.6716284539446792,-0.6703440748765614,-0.670365003885821,-0.6874403058601201,-0.7205929992544914,-0.7471129519937663,-0.7477898473603545,-0.7036483050316099,-0.5945958769440788,-0.43223403805614646,-0.2837999155431687,-0.21243942704788457,-0.2268430356189127,-0.27562322685849605,-0.3126601366754671,-0.30975858419833174,-0.27264216265289837,-0.21410174789993972,-0.1564488019413486,-0.11679277647001353,-0.10492017197549602,-0.11120922826489557,-0.10619084902109444,-0.048602678337176006,0.09154238338473225,0.27229698732070295,0.4210977214818257,0.5055567143684461,0.5290321974621551,0.5022487635050538,0.45240102131837545,0.4003748821998993,0.3643053110257154,0.33984512926477584,0.31522574801525866,0.28905291101496383,0.2587056156973562,0.20642482038265828,0.13037758727164023,0.02199674868449652,-0.11038796498282094,-0.2395030313122892,-0.3313080784706267,-0.36927798577903037,-0.3756582521129798,-0.3591869935053283,-0.29523830222959285,-0.1532372113656621,0.03202943497958031,0.18949373832336164,0.2883716283440138,0.33616345113239465,0.3657630333830147,0.40500048645956493,0.47873310177266243,0.5721442665661204,0.6527232841245211,0.683154755652293,0.6485193212061321,0.570774545247421,0.4864417378134999,0.42352052554335096,0.38567284701452514,0.366295723887536,0.35714208162818867,0.3390671534728864,0.29555623849656715,0.22305088283526814,0.12422213900066933,0.013931426361998204,-0.08581713614052075,-0.1371416041339491,-0.13028933129656844,-0.09300560402455982,-0.07480905801949192,-0.10626738494031501,-0.18989988034686126,-0.29595331055187196,-0.3504960627591218,-0.3201254263280666,-0.24369039191932,-0.17593872012829614,-0.11683308410262638,-0.07641509544753228,-0.05146319200838316,-0.04212382672107924,-0.0375892051547491,-0.010977581374941335,0.039948844726703236,0.09887268984402539,0.12586091718685363,0.0748642212354958,-0.07978780929381071,-0.2803974042333375,-0.43956357727128975,-0.5430374641748457,-0.6030977244758503,-0.6346439687026929,-0.6504594152791553,-0.6592108476569583,-0.6620478501598809,-0.6537892780633472,-0.6253127125576572,-0.5680581481187178,-0.4677580454140657,-0.31153573004895796,-0.1116746632116204,0.09567095056302266,0.28356113590578413,0.4606698358382491,0.607397409637177,0.7017841619221984,0.7402284233354609,0.7392319536463268,0.7151156431398715,0.6860414288705324,0.6710998254834195,0.6810242234944035,0.7133669466048344,0.7517844755284957,0.7934903692445027,0.8417110125685094,0.7561431428032673,0.2897983230396854,-0.050312751508262095,-0.22183260141305824,-0.32119652157940565,-0.3807057817306175,-0.4058330780152417,-0.3940991420527494,-0.34364836610284555,-0.2696579928420047,-0.200433999285032,-0.1675158989632322,-0.16822961717014792,-0.18480707754692094,-0.19746822767763933,-0.19761569100009505,-0.1871252688893287,-0.16998310632082544,-0.1388671692822153,-0.0810994605273905,0.015275381125403506,0.15137075594810873,0.309570792069951,0.45559760060146265,0.5592216933630546,0.6015430003591999,0.554613328577384,0.3642037674150944,0.06679579334745117,-0.12818607954658298,-0.20401697180430867,-0.23367365643026794,-0.2540358614446628,-0.27298733508764034,-0.273606827064107,-0.2323906559200223,-0.14391776857841385,-0.017730566187499467,0.13582691709042155,0.30087357038265716,0.4553159622250856,0.5782396407343192,0.6662343889564527,0.7221084676299697,0.7559590755061393,0.773523771337103,0.7788135003656161,0.7734290547651953,0.7598474919580606,0.7272706639184583,0.6606405045237415,0.5460369082481624,0.3860304357048301,0.19522185795126773,-0.007371891818687139,-0.20947353400184857,-0.3890572867487738,-0.522520951288833,-0.6077096734657549,-0.6525064786810044,-0.6706919413060272,-0.6708108931680222,-0.6559725588120547,-0.6271601257293112,-0.5831489269962193,-0.5204609486972955,-0.42929029919187306,-0.30281607932489546,-0.15962305094300877,-0.03851816347755901,0.03895945815257748,0.08418127742477537,0.11898392696641673,0.1407120563071618,0.1448130557304896,0.13000755962283195,0.0978330143079597,0.03565907419207411,-0.07416072880816701,-0.20162550718030225,-0.304226920565609,-0.35274140278514565,-0.34673183758696313,-0.2999692098081428,-0.24495440572974064,-0.20522942061018318,-0.20791480555152914,-0.25070384792207323,-0.2928312907894083,-0.3061736794910768,-0.2942687990018173,-0.26021264810452094,-0.2140882227790024,-0.1547056794779477,-0.0736332776077758,0.02455016104690847,0.11939136777375266,0.1910129890151854,0.2278949487838051,0.22677359594902918,0.2072656691472396,0.1955529790957118,0.21217667277222405,0.2548450594924917,0.3088615696582726,0.36299206034142584,0.40996359407568844,0.44582378282151314,0.4677028737797274,0.48447903428151584,0.5048128875919444,0.5395909927582176,0.5820483588612079,0.6287973781470293,0.6648158911462492,0.6616378430112018,0.5995569681680853,0.5148685759546374,0.457568184110974,0.4197864473247055,0.31897024181609224,0.0715417280121931,-0.30170225013184043,-0.6097906262875825,-0.7664735233577961,-0.8254611378744174,-0.8369216858713517,-0.8134101978224132,-0.7411014872889704,-0.5915624680749985,-0.3623252520887952,-0.11516099680212588,0.06549082615100695,0.17637343451747867,0.24147814177741858,0.28573638064626794,0.33416640557716376,0.3973332391779761,0.473040893285276,0.5552340278056446,0.636080075844094,0.7096269135672697,0.7690275513588144,0.8083498455043898,0.827397291078308,0.8275233066613963,0.8032867244112936,0.7420595648321373,0.609274216111764,0.36903894691532824,0.09066160603189707,-0.09554042829374236,-0.16607679902940636,-0.1375418482419943,-0.022968611153358635,0.1285974861153169,0.23574956220332588,0.24946836032390635,0.15723468336964658,-0.004437553511900718,-0.1587721399659256,-0.23456585967103052,-0.18993919333564857,0.03580552894973415,0.38358266013523656,0.5710667439630414,0.578545747082149,0.4657112356334508,0.25326587483279844,-0.0093804561391371,-0.21920562712862357,-0.3230573474454513,-0.33073040095236694,-0.2641362188217452,-0.13316991113394286,0.04398288796615706,0.22826247157566207,0.37558297868524093,0.47214120058516285,0.5177181913907322,0.5215175975395373,0.4901136622030335,0.4177271803204051,0.3033474994705212,0.16259537706506694,0.03229543036100181,-0.06175730132795526,-0.1319144667999605,-0.20682995337065954,-0.29017638814463037,-0.37051029656505796,-0.44096374323197834,-0.5101128589005641,-0.5916304551869723,-0.6887694982379778,-0.7848555122272096,-0.8514531546075981,-0.8766420716449941,-0.872102959913816,-0.8523676040646851,-0.8305133363921013,-0.8174898521527538,-0.8197810356746896,-0.8284137307339056,-0.831799160293725,-0.819823864416424,-0.785305892838818,-0.7017251323507343,-0.5286034298153935,-0.3066670828885278,-0.16869239570324795,-0.14031383898180277,-0.18132673461550697,-0.255018629239517,-0.34825766103155853,-0.44284959328503887,-0.5115121897026992,-0.5309009622822245,-0.5044340687805557,-0.45297682814449436,-0.3997091502333912,-0.35706350600731207,-0.3218761729733404,-0.29261017842980763,-0.26561414888033114,-0.24020588125285727,-0.21812450370188471,-0.21215893248888829,-0.2123265928243718,-0.20081248261576276,-0.1654214709270012,-0.09133130703856791,0.017205675184946773,0.12885783754512287,0.22519865968275823,0.3013041945814135,0.3510240003948326,0.37294222469512905,0.3709898631101813,0.33941345863799577,0.2534112855034394,0.10299283432502081,-0.0651826724307881,-0.1187912955141741,-0.0020865126665795346,0.13541957560964785,0.24113128291039204,0.32415958547754553,0.39650287111125754,0.4493230461338409,0.4739960237608538,0.49097443622064624,0.518011823785214,0.5608777443913006,0.6152210675264947,0.6760289790345868,0.7330721724808826,0.7728134843585335,0.7921400256472544,0.798528290750352,0.8039912351580066,0.8072131357098372,0.8012275204385426,0.7808130973416043,0.7360186175103223,0.6449392128303749,0.4866815891439451,0.27608958165585856,0.06064596644142268,-0.1342712298975452,-0.2822757815108611,-0.3725992911478913,-0.43209878630548954,-0.48173770101058166,-0.5075097284088304,-0.4970002656426041,-0.4433008565865979,-0.3472722866582013,-0.19438562184693814,0.016555652487996654,0.252131687479929,0.43091539042898025,0.48916898204088977,0.47689899528490576,0.47777060015751877,0.5334517097249623,0.6376261014496037,0.7511996245047969,0.8252118066833519,0.8467534216449346,0.835133408886937,0.7993348085562166,0.7272124946732875,0.6005140705794428,0.42533935597885425,0.2582999038174109,0.1471299727019905,0.0990182967895243,0.0970378817295016,0.11725466107181391,0.15355762931103697,0.2100684833695262,0.27445069315560416,0.3149886933367457,0.31446507765706666,0.2796964059271035,0.21758498252539543,0.13259360164573109,0.03342812170642986,-0.0767622360477211,-0.19302042172525244,-0.30082939280507187,-0.4082403875550354,-0.5387050697191166,-0.6846097193749474,-0.7939316294689035,-0.8446728907058398,-0.864872853301036,-0.8797578808805414,-0.8989533225341407,-0.9139197485585356,-0.9069617405187961,-0.8760094708975671,-0.8369960796274191,-0.7925799768344721,-0.7365061805076363,-0.669659512783502,-0.6060978007631955,-0.5619344620843466,-0.5286104873432356,-0.4607632494615396,-0.26741405306529276,0.021790280792050212,0.23142341106821523,0.30584157288338965,0.2905861885174433,0.25194110420439986,0.2279090885888955,0.2216683455928929,0.2227191294652179,0.21926240854142806,0.1862394800333222,0.10838079660948374,0.0169682701990605,-0.05088989802681695,-0.07611737447394419,-0.059513870684014335,-0.012996033787090949,0.060285487577961414,0.16722744740854434,0.3074868270028583,0.49084919892804574,0.6729126430860768,0.7885272661691438,0.8364329119271111,0.8440901970328273,0.8269686078862244,0.7931519562744377,0.7503892357050091,0.7023185816011566,0.6500230203115047,0.6112170280792527,0.5964685250811794,0.5788394475744705,0.5302837425035497,0.4435147313074311,0.33740088295641824,0.2355909682554662,0.14793369861246808,0.07320049297917515,-0.006480381163871408,-0.09643175696194556,-0.20355994878111186,-0.31108360630754556,-0.4111967476723864,-0.49111305580095244,-0.5423528949786109,-0.5726256208202847,-0.5894218291659556,-0.5965349605034462,-0.5962557537794148,-0.5917046251457715,-0.5843624888096046,-0.5740827016942196,-0.568830592164042,-0.5743813397530867,-0.5851030454678928,-0.6035659186658218,-0.6314846822117919,-0.6638022332207036,-0.6909277977807028,-0.703591764972845,-0.7021995385173859,-0.6904796337396782,-0.6735545517157029,-0.656409465642884,-0.6209262536402391,-0.540440854087581,-0.37969226671211886,-0.12400433554013356,0.1540377243747854,0.33997473720031407,0.36372587383028887,0.2195864151208368,-0.007059346319427535,-0.15548992756745283,-0.13773080370498386,0.05276632260087392,0.3686735223732514,0.6277239102847048,0.7433550097864637,0.7526252613419478,0.6514777298462219,0.4009123542467154,0.09295764076633395,-0.08710692167711652,-0.09834334767886259,-0.0026445527319672382,0.13807549543871672,0.2686313727118093,0.36817293532198336,0.44282529263155745,0.5039687216554363,0.5585876399697218,0.5994066468927076,0.6186414782852716,0.6105227413661155,0.5775770963149464,0.5299452538507736,0.4816495944975316,0.44816181800096666,0.44894290608516313,0.49352990410103104,0.5601493281218176,0.6063131693933943,0.6035896254813743,0.5532988676823195,0.46299686336865503,0.3152527429233364,0.011684111063927128,-0.3890730425864939,-0.49802058326624227,-0.3265145914340438,-0.05269220073219507,0.17922406479799236,0.284611697504146,0.27665492823425586,0.1897709146968315,0.05577468577757541,-0.09378796377024201,-0.2331402189185535,-0.35268571863503345,-0.44970544469858353,-0.525544241767285,-0.5827506975898735,-0.6266630117740064,-0.665453543722625,-0.7103738879726222,-0.7647356122128177,-0.8231007969275499,-0.8690999523374776,-0.8941321563155695,-0.8983232521581744,-0.8863571972676767,-0.8569502364918997,-0.8005321080024884,-0.7014770930008112,-0.530987428662321,-0.2727704247030528,0.007735389145811268,0.21144169422701833,0.33237398659316325,0.43207296432661474,0.5678639938514101,0.7352535144962663,0.8604693918742297,0.8968028654820653,0.8860474609053982,0.8681289250605669,0.8546144127644697,0.8379268929880205,0.8030176783091932,0.7360666493900333,0.6421057797720456,0.5520281794620839,0.4957920560069242,0.4760507074089278,0.47502843050558996,0.47377969481265864,0.4588689403506277,0.4308041561478633,0.4020366585770707,0.3823004312700171,0.368033495677849,0.34649930237622806,0.324547782335094,0.30137973994024775,0.263447137832151,0.19589441185830006,0.09247468682124176,-0.015294457324762142,-0.09831594938868499,-0.14257578474840762,-0.14559167809039805,-0.11820456513843773,-0.06693724447750815,-0.014231318585676942,0.015435665223089487,0.015017551332295528,-0.0033186322025509827,-0.0158798234451093,-0.02147624019342526,-0.014564273884168286,-0.0007584624485370414,0.012396307850656525,0.019313726223664115,0.013152521234718753,-0.009164865253859282,-0.04408265450629713,-0.05632158316893715,-0.002575514064905891,0.10974108079666965,0.2036701407068716,0.23235095230513395,0.20896030894074732,0.12452147249693428,-0.002163833432081237,-0.12358298276088124,-0.200090991201699,-0.23113908490920496,-0.20504726546947,-0.12766631575250367,-0.03468286302772312,0.033851143562424586,0.06625227745779762,0.06962716569258422,0.05674665663140869,0.04296165586085554,0.031878793340891436,0.01508739939120658,-0.026189036366330406,-0.10233002807613825,-0.1914958858575687,-0.26835229644200725,-0.30652166644014917,-0.28826485568105004,-0.20847249218134722,-0.10456403853083983,-0.0298038446079047,-0.00018715418885110002,-0.0015916350484995706,-0.016621311872806615,-0.042902166283856916,-0.08507272116232875,-0.15051039241039552,-0.23563483931217102,-0.33794526172819817,-0.45091741313129136,-0.5695886234048861,-0.6851545073302818,-0.7898635675267306,-0.863301934847316,-0.8753670371173324,-0.8225007015295417,-0.7251957920346158,-0.6219089273345811,-0.5390288231130853,-0.48573816559070204,-0.44929459469099775,-0.45477262411210784,-0.507369415027941,-0.5702362841222008,-0.6079445310311112,-0.6030690636148268,-0.5494495277300354,-0.43052565830339246,-0.2228845570140085,0.06659476316613155,0.341775849825585,0.5131210701538066,0.5959445271339561,0.629316335583406,0.6310310064138273,0.6165232994168682,0.6164961849665336,0.6577542483150253,0.7263713265803518,0.7904913943045886,0.837321690131388,0.8674914727087293,0.8856912592595834,0.8971211528972293,0.9055435435576538,0.9107810099899896,0.9128897212203965,0.9144632530354421,0.9157374895173288,0.9138062644580099,0.9094420883104561,0.9051086890125365,0.8988910103286846,0.8784314740764548,0.8124428521963079,0.629541083028482,0.23583811531759952,-0.2293305576367224,-0.5135574462190639,-0.634300408490157,-0.667181495050208,-0.6486397848018077,-0.5997626593353341,-0.5342289778921633,-0.4656739176257586,-0.4079991555033205,-0.37378506347723794,-0.37772619637649624,-0.4228646213711544,-0.5019858930941155,-0.5959014507176915,-0.6816722116725363,-0.742349628354958,-0.7713545040649716,-0.7702836612460726,-0.7423523324939713,-0.686001729161362,-0.6064681508133923,-0.531321665361093,-0.4984045787134871,-0.5193344289109221,-0.5665000416209078,-0.6010867609355106,-0.5987882946305796,-0.5391941717127373,-0.41331048464821174,-0.20862813869004698,0.07179749834639264,0.36056508518243063,0.5748119539146321,0.6941434819339345,0.7422272503355375,0.7293859009939762,0.637679688775856,0.43199669360983767,0.08139488345523777,-0.2728397761475808,-0.464589661289507,-0.5133915817109763,-0.4866472199938027,-0.4196340823682225,-0.32545310253523424,-0.21177993550717067,-0.08825118513741584,0.003736489823296875,0.043998080882002355,0.029429251968445667,-0.013381156526911318,-0.05611445742581218,-0.07215327676038333,-0.06064344939414611,-0.04194907827357651,-0.026575293547734392,-0.011106028936909812,-0.004032831988191465,-0.014845073438048827,-0.04779928837528479,-0.08862049277332837,-0.1301664750477839,-0.1730588173427964,-0.21720803034053102,-0.2472444096909236,-0.2517047558052964,-0.22599277777924262,-0.17984622880466483,-0.13498320274212228,-0.10294753500510524,-0.06776298133998522,-0.020295830415878725,0.042513806382908394,0.09711207350344896,0.09620649057327782,-0.01624600625048411,-0.19901601178402578,-0.33775086780454777,-0.4195276280241936,-0.46147178753526896,-0.470330828123442,-0.4442699607154027,-0.3684092980453233,-0.22376029747178078,-0.08408225416809285,0.0013268365313153965,0.06715626297516195,0.14787865617126228,0.27251659318595245,0.4280712529550971,0.5753959044855342,0.6803441991060968,0.7405631266070332,0.7660911751242391,0.7733691108223184,0.7738753805160992,0.7694372072318099,0.7587463982116518,0.7385322321683987,0.7062797647657758,0.6649879818091985,0.6148208815913835,0.5532351842626889,0.4768582238094698,0.3777111226409713,0.21099198125282054,-0.031409907072171096,-0.28263177340561146,-0.46388770897556175,-0.5650961016994817,-0.5997315498723494,-0.5840633869527028,-0.5187926799839953,-0.39912465762460186,-0.2621746573708834,-0.18492151975497517,-0.19102430929194766,-0.2258543851880697,-0.2481355681049279,-0.2242408688771977,-0.11451318152234906,0.05041545636293104,0.21004689233817778,0.3598267183861853,0.4889823834974358,0.5873439826855189,0.6385865962771388,0.6573339203831383,0.659410734053417,0.6605081278714562,0.6508842544442699,0.622399835838071,0.5631119467597092,0.4717713066674845,0.35448868292053737,0.22802118604478316,0.12236885196082067,0.06839929481894831,0.08965233468535487,0.17809086168200763,0.30879337209681307,0.45911914980404206,0.5956118766873819,0.6899184291671178,0.7343906716314625,0.7338961666736042,0.6820589384995038,0.5849192657580613,0.4977770426988048,0.4813158541766604,0.5383145351033695,0.6108863367273467,0.6590826951161424,0.6770126788848858,0.6801437933512847,0.6821052616796334,0.6830663732361806,0.6440357660956243,0.33045833709161787,-0.3743164947512335,-0.615366688204685,-0.6703255574435664,-0.6736828726206864,-0.6646615492671385,-0.6778542441155392,-0.7259696980843302,-0.7777540478318739,-0.8081110253927347,-0.8191092517324111,-0.8174117148862156,-0.8036322316083113,-0.7751786522829283,-0.734133204204488,-0.6883844062808245,-0.6442163716214991,-0.6020840728791893,-0.5505657664804245,-0.4778194128672831,-0.3843951264678571,-0.28279996959664083,-0.19188104815317844,-0.12022005349729772,-0.059280702262448484,0.005295084838513807,0.09478349830333961,0.23624604686768527,0.4041016476075664,0.506203515787277,0.5292897020206986,0.4937147835125821,0.41896459530551033,0.32055158152905816,0.23829012159944207,0.20722502420799604,0.21875358763967295,0.245258038489178,0.2586761305426622,0.2567651112575923,0.22131856750319706,0.1480420649627014,0.036094242725281944,-0.0908927076120656,-0.21395440735096202,-0.3166393569747387,-0.37487299176905764,-0.39537130443168816,-0.39177763777146907,-0.3866085658150265,-0.39714716606453376,-0.43279558533197626,-0.4829547169169935,-0.5254775662600122,-0.5507785036470787,-0.5586673206783497,-0.5495872138029979,-0.5257284183870918,-0.4872133236628218,-0.43750910582428054,-0.38292045603326796,-0.32454289324196905,-0.26019616495924863,-0.19911478283463602,-0.125140866762765,-0.039983133894602604,0.030129041845656745,0.06217566190496363,0.06542875429149628,0.06286683928235016,0.07111172867147966,0.11315881099702353,0.19801889526929098,0.30670610951500316,0.42594459062149154,0.5376723216443249,0.6386995077811116,0.7299922343933506,0.804153231717617,0.8496961703411104,0.8688870947492062,0.8627333518194761,0.8310575032540928,0.7777342192976496,0.7079381190681694,0.6354114054007787,0.5788667069375769,0.5400655213270446,0.5092354198706102,0.4855192410623529,0.46424562844916023,0.4372679080978432,0.3903922612521746,0.31080967208426885,0.19165414411576193,0.035883297049783096,-0.1456965368892997,-0.3152269303849025,-0.42651709614389355,-0.4622514157161647,-0.432684789316452,-0.3494685208267806,-0.23034259172465815,-0.09994099189212723,0.02935067734819001,0.1602121106571676,0.2766105518828444,0.35221252363809097,0.36041318608454637,0.3039810586065024,0.2175943611233252,0.16125892545761308,0.16932537056964955,0.23601556403381616,0.33464450098381726,0.4306970574578789,0.5000783623191907,0.5301438369319745,0.513185726744608,0.45494521824670914,0.357472313550912,0.22123177020975787,0.03350401588769559,-0.1505993636339651,-0.2483382785461839,-0.2779270833050089,-0.2731676907042363,-0.24997581247848358,-0.20617922092841942,-0.14269764627637266,-0.07295968304554182,-0.014530321223740372,0.018880690962800477,0.034504616316757726,0.05064548797296329,0.09961438185768368,0.20752965250800937,0.3708350575858389,0.5136038805222604,0.578080948002756,0.5671164242717013,0.49556134764948384,0.3811230288662049,0.2534928232488718,0.1373295218086904,0.04019330118101858,-0.032526441124812025,-0.08954481188893394,-0.15616524333634205,-0.25132010606258454,-0.3512003437164152,-0.39034004071819006,-0.35210214572463416,-0.28605024457413725,-0.25553185504766557,-0.3241317009800388,-0.48751400573620085,-0.661895803420584,-0.7593684452211759,-0.7808564958659284,-0.7361569182628978,-0.6140158198954345,-0.4453695012366548,-0.2937672485429298,-0.17851547437702064,-0.08506304803059184,-0.013040733771083906,0.030458012487488657,0.04523311202859074,0.05015175721977202,0.059024307195291954,0.06793571787839014,0.06866806957603683,0.05402122859961429,0.029553239962526484,-0.0027222500028961393,-0.029739219867408392,-0.032192830415963464,-0.002906924423492483,0.03259129265219716,0.046406535513115015,0.023527208082085842,-0.031222627868390918,-0.10486689640000627,-0.1848045234600597,-0.2604572937435529,-0.32156978273558867,-0.3677916323631681,-0.39703932099794376,-0.39232855693832874,-0.3493393448486764,-0.2914060682190377,-0.24788968705227477,-0.2316094752405621,-0.24062201140152087,-0.24565588241227937,-0.22771484491737218,-0.18716553998274435,-0.15117551808423424,-0.13544652194345227,-0.09778598484542946,0.010175202902988035,0.19625905201245578,0.37517204441628144,0.49416374712786393,0.5655503356092815,0.600738617609802,0.6059422918617252,0.5868630597577207,0.5321193730354414,0.4233258531512148,0.2701401961528139,0.1173758117478205,0.011504744978725327,-0.041792766788432384,-0.04849336299318116,-0.013533711509162554,0.07641676128445554,0.22165656461156324,0.38150038288079,0.5056735916098787,0.5693297035320339,0.5809198423270292,0.5529819294655114,0.5153030593646883,0.5004617645386967,0.5266198550305262,0.583821756723537,0.6459603969804508,0.689369182072952,0.6973929921453942,0.6673765621566564,0.6055246622148878,0.5203509013957942,0.401230009670096,0.22699438778013176,-0.012588205359775239,-0.22653336283425632,-0.328456883172335,-0.35599592159459925,-0.39333381761084046,-0.4776294506343796,-0.5994560986902896,-0.720195183516466,-0.7954723503277046,-0.8224848556490292,-0.8199370622817909,-0.8037436255075895,-0.7887998939438308,-0.781951323063833,-0.7828454733338096,-0.7829137886555882,-0.7775184057470915,-0.7637132149536051,-0.7348801795145745,-0.6871295489284416,-0.6146460443433975,-0.5113267470238269,-0.37621472533360245,-0.22404053036813873,-0.07974085956101604,0.03394936283838076,0.1118840041504795,0.16583701924240637,0.2130748079573654,0.2643308011827204,0.32392337256843806,0.40631020445453386,0.5196279372329649,0.6521089243557017,0.7683184728617101,0.8240404737905285,0.8121502711151761,0.7617138345485968,0.6973609841799285,0.6311042415729798,0.5674114140324729,0.507921426730002,0.4551523071621555,0.41241474112565957,0.37699979459004673,0.34341632979065106,0.3002281342065921,0.24762274063046022,0.19887881868861138,0.1687648197635252,0.15471772048870341,0.14173612368161542,0.11738252464778211,0.06676894582427428,-0.01542707647654776,-0.1081904425574458,-0.1803225916532422,-0.21672188914268897,-0.21684679597163256,-0.19249184675004266,-0.1626546564932475,-0.14811206992650475,-0.17215301126041813,-0.22748389403316394,-0.28910481348770534,-0.35241491596507873,-0.4143838197856708,-0.4798610942113815,-0.5493652813519776,-0.6166984361520684,-0.6706963041515307,-0.703110733054691,-0.7119579109113111,-0.6890266954059634,-0.6260445773610822,-0.5218898574551187,-0.3919793063994382,-0.2682965753290275,-0.19038512038779073,-0.1743245889676425,-0.20531220498654162,-0.24370691773444528,-0.25397076186361933,-0.2277520096239156,-0.17228514464482855,-0.0738244781866018,0.10801914932190758,0.36422875288360923,0.5898693983934876,0.7344955455094341,0.8137714230943944,0.851130315337249,0.8645736715801693,0.8553473940652495,0.8183606830002338,0.7479566299771013,0.6455237956958031,0.5188180272430425,0.3866569824083036,0.2696555964629864,0.18458321123919907,0.13362278861557714,0.1141429278272827,0.11076408357617315,0.09503505324656152,0.05518348203299152,-0.01575924393076492,-0.1182366837767458,-0.23004535615375024,-0.32524492710308944,-0.3973054241201744,-0.4491397659717574,-0.48423736710969906,-0.4967877566129646,-0.4823016010845939,-0.4395443971379963,-0.37511496832964303,-0.3155253717712251,-0.274708752287917,-0.2579810529580933,-0.2662282399160982,-0.3122480094039128,-0.42820196755260975,-0.5972167964266041,-0.704328318791464,-0.6997364257803028,-0.5718370156722801,-0.2777004472051148,0.11481985239630427,0.38088972671629906,0.4739044335561327,0.4774993065196381,0.45353239354419617,0.426306970077066,0.39041879656024575,0.33107237482149876,0.24653032192407895,0.1505277455883197,0.06838403140716232,0.03008310428440879,0.04302545982172108,0.09257031147205906,0.14196860627939345,0.1626816563962101,0.13677283013337604,0.06709627049532524,-0.027164689160178352,-0.1526160000254278,-0.315405751137377,-0.498769009971517,-0.65698026692826,-0.7811471492620717,-0.8651124540431291,-0.8990355775871466,-0.876704708279654,-0.8126354595211289,-0.7410057285017252,-0.6914102891256614,-0.6659028789110465,-0.64292010652259,-0.6005179677541952,-0.5013048438240799,-0.27184911557402536,0.16897626434816188,0.5565377393092167,0.6528717220414226,0.5626970328349729,0.36569156816293674,0.17313133704382613,0.08257953808453848,0.08650194215615976,0.13846156351553005,0.19208103466125845,0.2327191216963156,0.2540505892232094,0.26592425639825,0.280202842522368,0.29894439680204365,0.3109018561380711,0.3096460758538747,0.29930466449773063,0.2955422992230885,0.3144481690003251,0.35827500353619984,0.4208208432161796,0.4835413016405981,0.5117164031967779,0.4812144840694464,0.37635099003666284,0.20050908067726353,-0.01768254941551911,-0.2274704332162569,-0.38546030071963705,-0.4808711440945807,-0.5243642670980321,-0.5295810159658063,-0.4902722280296661,-0.33135415921482164,-0.0451482961161693,0.24193798078990486,0.4726151596701022,0.669491774747435,0.7988195696315123,0.8507518403554909,0.8575727514165573,0.8482659833492496,0.8387112570809476,0.8331498989223914,0.8311396026879431,0.8294541531704726,0.8197805219013876,0.7927628863236394,0.7375050793670297,0.6369938550035542,0.45300974366025304,0.15664448724667634,-0.1655596389698379,-0.39827411671710405,-0.5167570752588144,-0.5740087446549383,-0.6045810803751042,-0.6244162135536393,-0.6297544575333439,-0.6139018482519776,-0.5701313520746288,-0.49628776166768673,-0.3856179998829199,-0.23443387719827388,-0.07306159246740074,0.03583146745793613,0.06939750687451694,0.03288477690578034,-0.04557087219799331,-0.12065907380907843,-0.1458571213315861,-0.09665241600863425,0.02614927013847241,0.1802427472039012,0.3137087185938206,0.38175204053528167,0.3520849232060632,0.2022072697125428,-0.09761298870081964,-0.44973688911494936,-0.6014085057625682,-0.6269483161969487,-0.6111984313270842,-0.5765236652114974,-0.5137771069112236,-0.3973641982522869,-0.23722968278294726,-0.08344409544366334,0.0003105905821453201,-0.028153245051258442,-0.16403765311252297,-0.33843543953246835,-0.4618555560392508,-0.49623814857426585,-0.4239226959686373,-0.2360220699087737,0.008796192196177697,0.1841289579948985,0.25682023757477457,0.25928947045840006,0.21249396876718826,0.11847953367232493,-0.015817992972184468,-0.17811797998171186,-0.33928838267581984,-0.4607938561805032,-0.5142124211465183,-0.4729411704131407,-0.33847868073828064,-0.16170960368932502,0.004793483046750989,0.15074620182919568,0.27646588850876,0.37391024733200323,0.44423365247709007,0.5074491542702803,0.5690371553653051,0.6339075883782656,0.6995175193484078,0.7585167534354803,0.79806298037171,0.8152368053922724,0.8251147885268244,0.8335007724792635,0.8333125587275653,0.8127167938014179,0.7579266220309285,0.6349761121496427,0.38910824409006156,0.04329094735940038,-0.26514767903638103,-0.4626194053053979,-0.5717874166541973,-0.6264186637845373,-0.6543162114686101,-0.6683508044492015,-0.6715188658975499,-0.6710120818492025,-0.6828589766903815,-0.7131980088684283,-0.7527876850473851,-0.7870985688310743,-0.8049564128846763,-0.8053137966360784,-0.7800935704195004,-0.710680791069671,-0.5781426337061145,-0.36516764712384914,-0.0717564695262465,0.22479966763337098,0.4618171736151037,0.6228484260222122,0.7254299720648074,0.7995199549989483,0.8508682925768934,0.878303764720456,0.8806187287832107,0.871158716794125,0.8652479925213589,0.8669386230746744,0.8704123761916704,0.8665226905323409,0.8495202374911182,0.8030084221925011,0.7061490999975973,0.5487673318644205,0.35789643679165234,0.2037089086063672,0.12025967359540848,0.09760047797375988,0.11097934520307999,0.13497472974801408,0.1719227053135067,0.22243436347200193,0.2654852548827293,0.26976708349158335,0.21708653598350874,0.10056579308125299,-0.058307860935652794,-0.20666951210841672,-0.32755190732506634,-0.41572686014045973,-0.4622588275683287,-0.4640869854582877,-0.4266462998221788,-0.3712579360574847,-0.32223423229200027,-0.2979397997693633,-0.3225426713545611,-0.4078732822818271,-0.5039836903151983,-0.49164901033687003,-0.4296431743648374,-0.3686102404047945,-0.3086388308165606,-0.23966123011916696,-0.1601206339250672,-0.06664024683511077,0.04046219476139622,0.14667200186845689,0.22979774582922444,0.2803490355368128,0.30212339346407713,0.30337306368708433,0.2891209922868119,0.266200443478303,0.24710983543807172,0.23454625485194153,0.2317377468382828,0.2349461761731341,0.23227375614359982,0.20802485247583619,0.16138098703598197,0.10829979608651398,0.060588499982432355,0.022259104740720143,-0.015695019494087147,-0.06219676420643747,-0.12511841029734666,-0.20446905058347034,-0.2929293848464199,-0.37353650649600234,-0.43132808200536765,-0.452715576077351,-0.4267943905569115,-0.3564326326054717,-0.26037670895507553,-0.1687602282748792,-0.10774677614521855,-0.09824496132514515,-0.1352254107690445,-0.18652648448856027,-0.21492565895968518,-0.18955287617040514,-0.09989503240968269,0.05126892435733813,0.23051901851074252,0.4081591987245941,0.5728526316750513,0.6969332002292351,0.7580417950591779,0.7535507194521196,0.6987779447354432,0.6072318784973019,0.5010540145649809,0.3998592003492777,0.30119907465846224,0.17374493041770162,0.008608057482939392,-0.16848674218808232,-0.29843146772212686,-0.34002954509932976,-0.3002472748240956,-0.20440921757437655,-0.09371279166155541,-0.012556790067955272,0.021600277179009395,0.018806203983977556,0.0070662459240581075,0.010090921728212094,0.037339346671393964,0.09138671520867259,0.17292552564132835,0.2887745564657814,0.42146465845752684,0.5491056156861206,0.6480936759503376,0.7117591295155873,0.7505326418897225,0.7715505017703594,0.7745271171972983,0.7521068231671042,0.6974968225381954,0.6219718260069232,0.5438428101138129,0.4700957283367797,0.39712753491070213,0.3092874212124747,0.18256273273324583,0.033788772293667106,-0.10812120670097634,-0.21597389662537161,-0.2676995449860916,-0.25742763445997413,-0.2122396834305521,-0.16896092743584637,-0.14311093777739192,-0.14568110913111965,-0.17146549272672534,-0.19507186242912503,-0.19227865031704533,-0.14951160907264696,-0.07993213930666829,-0.00278203765997709,0.05961289602387509,0.09045173407878118,0.0875094723035778,0.05234719893271845,-0.006870521457495198,-0.06280011613693012,-0.10105396693933558,-0.11090008872869321,-0.07832616960899294,0.009792068184539999,0.11865438379506292,0.169426505808238,0.15677890459519342,0.12220966646182514,0.09124821819303407,0.06548663991485382,0.044523035625863384,0.01853104958799929,-0.01843670515243718,-0.05952103033790027,-0.08479423743110721,-0.08783621866313451,-0.08034548914711144,-0.09406552453248293,-0.14339168740795882,-0.22186470446253712,-0.3140087016985482,-0.4060212401112911,-0.4793207666907844,-0.5237585823033185,-0.5484079736915525,-0.5801255870926457,-0.6238826183041734,-0.6587962749935393,-0.6856568015956792,-0.7202792070108665,-0.7646591117810756,-0.8051197335174375,-0.8309680220007406,-0.8353222373421618,-0.8119028202676326,-0.7457180645060913,-0.6109975187673354,-0.3768350840568856,-0.05786373749848557,0.22844310949447053,0.41250645217678544,0.5197374154279332,0.5822623388157987,0.6144554343428237,0.6224518965400364,0.6196820503700172,0.6322134649360983,0.6845578851618582,0.7681706019627699,0.8448845138488391,0.8947782948917132,0.9197808437290624,0.9289277719455157,0.9254987492691218,0.9066016202548484,0.860481216248932,0.75083609468562,0.5089692386083888,0.16312813257080927,-0.07286408420790937,-0.1343089295726332,-0.10197831378214776,-0.1176004951933071,-0.24461782780856545,-0.409773620070806,-0.5505127942755733,-0.6510616153966112,-0.7208809721060202,-0.7492328575805093,-0.7237477847819395,-0.6700977309836382,-0.6442538301849307,-0.6688287597356942,-0.7304865458864666,-0.788834220744564,-0.8229002869759796,-0.8338685134951714,-0.8323393904386621,-0.82595124864695,-0.8141559964791875,-0.7964267751635731,-0.7735288555901885,-0.7400715967907587,-0.6949648417296158,-0.637899745764735,-0.5721526519053373,-0.5009674506632614,-0.4143785286262968,-0.28332173997081,-0.07038308091010263,0.2751504213331804,0.6571602720520816,0.8661661795397325,0.927713285838004,0.9433680042312944,0.9483189649427248,0.94763213005405,0.9367727764236695,0.9079519680511761,0.8438941695390705,0.7053287863857916,0.4736171296966883,0.2946246923407347,0.21336350325685008,0.1798543468075642,0.15268864113907488,0.13003536163536272,0.12181513275115627,0.1418099105248475,0.18282580466437937,0.2372973958903893,0.30059803717891775,0.35985614466637095,0.4096466876615094,0.43428217177694173,0.43125048351429246,0.407368018408332,0.37050623914263886,0.3290048892128449,0.2782330447370862,0.21615281775549813,0.15992038385266713,0.1273753401618885,0.14804956310986422,0.212890890270546,0.28905372891104986,0.3439667071221386,0.3656560360448177,0.3554706123917764,0.3086832926706969,0.21301376993414328,0.07077401875661846,-0.09653614999589596,-0.2609839646691826,-0.40466214602857675,-0.5200347057414764,-0.6039717411280902,-0.6593133620570638,-0.6781887678914816,-0.6316956782711068,-0.4888402794360334,-0.26901591561153254,-0.06002467588463066,0.09061835739219033,0.17097686506737986,0.18568050127515817,0.12768084013332096,-0.007629710364256802,-0.19378561438721525,-0.3773168826207661,-0.5050384091280131,-0.580048665656822,-0.6201791657372286,-0.6395666942810264,-0.639885796608041,-0.6245192454257024,-0.5995402253015278,-0.5727385261568951,-0.5486817857785438,-0.5310252598696104,-0.5079204984125486,-0.46330765841743343,-0.39066260957796584,-0.2833019055567363,-0.14673408628905002,0.004067930607017545,0.1359055633355039,0.21515567886502845,0.27001311239250814,0.35745751698135136,0.4932645577630286,0.6357443405293972,0.736569391423459,0.7889013934865619,0.8045069211884472,0.7931342811132902,0.7555075461585512,0.6823485569357054,0.5716055517461398,0.4329650509468997,0.2982556637365352,0.2087526125456171,0.18160266072377979,0.21360404580068842,0.276230785407666,0.34621480098451346,0.3943126144441895,0.39830777531884975,0.34679932352399945,0.2599152448638347,0.1674220379252777,0.09581698533788519,0.056614361655519446,0.03994549115691022,0.035560360655784176,0.02328839855616693,0.003536938102738275,-0.017237574777458377,-0.018697925910755094,0.006564167742462569,0.0454372314682826,0.10421162138202776,0.20400295812351585,0.3463413763505886,0.4865930133355003,0.5803508638923645,0.62197460234922,0.6237260217391966,0.5948903183139087,0.5485928504009167,0.51398337996332,0.5177681193988601,0.5787669316042529,0.6648671083459067,0.738683962822452,0.7919333278847153,0.8257486967959796,0.8437953700106388,0.8391422839099402,0.7757294605087521,0.45238198777422106,-0.5008287621889267,-0.868597348753769,-0.9321373805124579,-0.9409917588034343,-0.9262177743378025,-0.8764123106923779,-0.7679010699062411,-0.5981326441597443,-0.40872168199831554,-0.24304306547065174,-0.10927209890122046,-0.012141606538641948,0.04776549870573522,0.08085989123153602,0.10960396918221871,0.15988001837700322,0.25320535229886076,0.39247182496552957,0.5481810670928823,0.670713817050682,0.7409366820343208,0.769715117991801,0.7633625997289685,0.7229275975475541,0.6474933318043159,0.5447724577209826,0.4350427524052564,0.3425880587824988,0.2788581958272908,0.22695342252268488,0.15040608499935132,0.040878201806733606,-0.09005638328851762,-0.22803768933684465,-0.3612013322503907,-0.5160518789012244,-0.7024294029334966,-0.829924632284214,-0.7971598375301787,-0.7020210138434598,-0.6462560721211867,-0.6339798624800473,-0.6485301522165483,-0.6759257606285823,-0.702872744477192,-0.7171076415463845,-0.7257879587172333,-0.736927186593233,-0.7540441438812168,-0.7697179219625505,-0.7775318774800548,-0.7735306915378141,-0.7483726899922076,-0.6960711400985083,-0.62003089286654,-0.5332412138327306,-0.4529438830740449,-0.39300837187024834,-0.35728843529944604,-0.3382906416847755,-0.3122973511078064,-0.2528907225912018,-0.1310928441576472,0.0290170659774392,0.17968720083738063,0.2880982058093249,0.3455864748484663,0.3852852906828227,0.45396296415887794,0.5927841772294569,0.7615544897755033,0.8362266174513228,0.8192310282287183,0.7625709279262636,0.6830572752809426,0.5796130810086825,0.46059526396995065,0.3457687056007264,0.25892517149307687,0.20628016244629688,0.19075888008696404,0.2098086132136265,0.2597445439543597,0.31871462559248964,0.34905356958531913,0.34342792791946325,0.3129195197701151,0.2642217801429925,0.19039777868058608,0.10772577131982283,0.03538925145611176,-0.010903381735638172,-0.03362471528719064,-0.04243870652773471,-0.0484351695252987,-0.056568971040278845,-0.0715759350275259,-0.09040125424731346,-0.11327699213397653,-0.1602328630408734,-0.22565083082115608,-0.29509212617531705,-0.3448564203418697,-0.37828651517044015,-0.4113665130428026,-0.4643329684755159,-0.5497037642965366,-0.6367792451074383,-0.6864076999400263,-0.6811082787066689,-0.6357607020085093,-0.5708337245350603,-0.48791972883198825,-0.3712026397322239,-0.15990113612143206,0.15794226704313266,0.40264974427216194,0.5559248545063298,0.6662279068226424,0.7454547549887012,0.78495587832165,0.7768738620002799,0.7333068394304944,0.6584466513587884,0.5620054509724224,0.4639338640685102,0.3725691035354653,0.28890137611934563,0.22016751690439454,0.18064529218150682,0.17477646463842986,0.19629802567258783,0.23686340852874851,0.28605374030475206,0.33789283241053136,0.3885796592983158,0.42194757571493025,0.42433229718819204,0.3926839027399328,0.3304623857224667,0.2481229736555016,0.1601307246298712,0.08595672671704689,0.041266332410237215,0.032977322880851784,0.05544192310204221,0.10764154040248204,0.1942126905783632,0.31735691263790455,0.45669778215746104,0.5791640709190294,0.661719692516127,0.6932946239221223,0.6760449225557887,0.5992221606478626,0.4523965837565291,0.2436745458860906,0.033176007424091256,-0.11343252443315154,-0.21646702400587817,-0.3214591640379341,-0.4590766107904631,-0.610190753805298,-0.7238540109386579,-0.7653927135233511,-0.7394878894494402,-0.6688338153665256,-0.575683039867509,-0.48203778892966204,-0.4057222191472271,-0.3481963717866224,-0.2961342503332594,-0.23239072328818647,-0.1372767035210686,-0.00991329990168476,0.14588052052132983,0.3289920555832605,0.5121857764207942,0.6545436342274805,0.7391899773160774,0.7796704077239323,0.7901310448198378,0.7759329203546992,0.7350630798753534,0.6558223001866251,0.5216360957955162,0.334150477760744,0.14693757233750032,0.01284827875768989,-0.06190614513175153,-0.08716491225640055,-0.07755205690728162,-0.04692791947587891,-0.015070128899595359,-0.003169735242400121,-0.01931255867132205,-0.05555519747590803,-0.10775763262994925,-0.18476532561897507,-0.2895361893567466,-0.4433853300495488,-0.6339390240254321,-0.756026477284216,-0.7554780579346644,-0.701725957253641,-0.6138270279725683,-0.4700200305537706,-0.28499740721847294,-0.1345023043349665,-0.0472465051657255,-0.014824834332528066,-0.024456571766340186,-0.05515970149160583,-0.08462765837587234,-0.10163911101558121,-0.09945907725106952,-0.07263701667197549,-0.02088513532882296,0.05377322142139943,0.1453941008750601,0.25658565057736676,0.3855795361338212,0.5059829675262287,0.5853453527324252,0.615943581600958,0.6091395671238478,0.582276037871018,0.5531335343574767,0.5359200863828165,0.5339066045647543,0.5404141909001866,0.540115160255244,0.5028782052245265,0.40151661361960406,0.19373460627163422,-0.12553010171420473,-0.4499407953703062,-0.665263336187375,-0.7853528558555897,-0.8507181447245217,-0.8793036601753643,-0.8801641217854929,-0.8554445676594093,-0.8035941534666253,-0.7249848064446228,-0.6335650671861602,-0.5474820445574766,-0.47038434281129715,-0.40534254135154035,-0.3652265201198963,-0.3641125305014567,-0.4031382274655919,-0.4796366002729385,-0.5750616429789907,-0.6599033069951209,-0.688803602170879,-0.6449476768207317,-0.5597190936818098,-0.47921027569846053,-0.42230688291319474,-0.3922064005881936,-0.386578261051722
-0.36148097175502203,-0.4464815847504808,-0.5820431946412447,-0.6690544960870504,-0.633699645892839,-0.5472232191219787,-0.4576637860169659,-0.3820014272360318,-0.33083380569491405,-0.2978019508200729,-0.2715345072504795,-0.2526321948246134,-0.2256836084544874,-0.1827085060045131,-0.14783158494507495,-0.12963916407018714,-0.11553675935038933,-0.10528200144753229,-0.09080022986985768,-0.07001200663479225,-0.0463272438099255,-0.01739388661514504,0.01911917194849602,0.055656059213253485,0.08156487130424588,0.08576593010790928,0.07540064502089822,0.07117388185838991,0.0827146166409501,0.10645136140456503,0.1479894453745625,0.21321168128167906,0.292693506187529,0.3659758300336749,0.42986781663821066,0.48799310410637814,0.5300845969949362,0.5564804373489955,0.5831059235217696,0.6140879316702563,0.6476702079999918,0.6812098442076936,0.7085116394552262,0.7238765308307551,0.7189923261545441,0.679760168296401,0.6110231000431543,0.5274882640257241,0.44282443972332697,0.361313233301688,0.27320419347135483,0.161141501849721,0.020195160477292976,-0.1294815015275578,-0.2348237137570031,-0.2704495805810435,-0.24217877104391747,-0.18107805678370822,-0.1041295836205125,-0.030360988761039057,0.019438834385403198,0.02225856806765394,-0.021854244545681127,-0.08027165591447277,-0.11017031938488567,-0.11028261627872712,-0.11868702175693036,-0.16357932056901314,-0.24717292014283662,-0.33388014880900274,-0.3950321483865963,-0.42790317840157766,-0.42933811807170436,-0.4101394333777971,-0.3919313514313376,-0.39334315485465016,-0.41449176871145693,-0.43453991032253375,-0.44124272197668885,-0.41845179736129917,-0.37163853490667054,-0.31946549269182867,-0.2724861124751269,-0.22942347937543175,-0.1833406790769539,-0.1366675887682377,-0.1048373458944581,-0.0980143323384962,-0.10267947277622959,-0.11096039835286214,-0.11144945257556073,-0.0970111852586881,-0.05921559491390249,0.0013002726349982973,0.0781339030222652,0.15490041513292854,0.20089035789540066,0.23242471229183911,0.26389120822017226,0.27212143526605576,0.24895214055539294,0.23265115820395663,0.22965055339641818,0.24972684420094726,0.2918013040485881,0.348751740062349,0.3998207826330413,0.43892152963636344,0.46156020128606046,0.4860324166428928,0.510789389596926,0.5304636724331239,0.54212104341344,0.5453083560816226,0.5436651602683015,0.5443865110312623,0.5484879455537772,0.5488789334251648,0.5369440976491733,0.5014619016567088,0.450852588534409,0.3967226299987156,0.35336430218534115,0.32722223607766976,0.31459463859731107,0.3105781421799783,0.3136535752294221,0.3248958033953587,0.3273683152626338,0.31685969338875647,0.29865573086005737,0.2764233668165957,0.2481270080478778,0.2123779980134148,0.1633482780381851,0.09643986842948311,0.020220810128942203,-0.055415051841804154,-0.11038110123679006,-0.16333725637557361,-0.2270084582705522,-0.3055581280877386,-0.37353160387984335,-0.39603852679990886,-0.37651350244131065,-0.3320905056602295,-0.2765382371530378,-0.2278636459584368,-0.19716465686801796,-0.1937793523988941,-0.22838350554790884,-0.30652145516572255,-0.3958623955410552,-0.4349747595972133,-0.4304998268231527,-0.40981031615660135,-0.3808530009107182,-0.3527920643053579,-0.3533503200768774,-0.3977900346239581,-0.48667273786021553,-0.6047834319177045,-0.7173921496093381,-0.8079885879672006,-0.8750300284533725,-0.9125425245459052,-0.9216178068028898,-0.9000867346236571,-0.824756343151226,-0.6759358937557067,-0.4870675795216604,-0.3443493477990326,-0.2742426225288453,-0.2595250744812609,-0.2766066838557442,-0.3084300118201746,-0.3502768040551824,-0.38561597355100524,-0.37643505060402577,-0.31774827491051316,-0.24477954085818646,-0.18812119611704456,-0.14332010677254808,-0.10421834940668019,-0.05225082344831624,0.025393340598412275,0.16211141801718884,0.3641565993365379,0.5639221852298532,0.6724084498286355,0.6994255370454051,0.6962907321635811,0.6914689884368618,0.6915993961555644,0.7037821575078226,0.7245001342123631,0.7410511538328487,0.7381788573647345,0.7137995693567593,0.6769287235605177,0.6406334903731604,0.6160249737287161,0.5970119313443863,0.5762490796889698,0.5594260971928462,0.5591601971137913,0.5775499505283113,0.5917344693323304,0.571643387235518,0.5125378045480844,0.4463637191484399,0.4097500282880208,0.4035726460383743,0.4246938775890052,0.46381323969783433,0.5169762932312689,0.5658599911105813,0.5982134983917262,0.6008315065938551,0.521964679713908,0.3702521613682533,0.20655961559166097,0.07856752952842763,0.0014827952210324541,-0.03184435986896516,-0.039933218653401846,-0.04594808219501303,-0.060903079100044596,-0.08491363018786516,-0.1211344852831273,-0.1731123673741171,-0.2396602361006022,-0.3217198409005065,-0.4023474160308701,-0.4656372413848024,-0.5135047528296091,-0.5492066432208829,-0.566067427993253,-0.5397996150242701,-0.43760525214547363,-0.30046152877569676,-0.219133740724363,-0.20145716671462363,-0.2101086910186583,-0.21712173474234941,-0.20748025178173612,-0.18739266082402578,-0.1638755874065773,-0.14279741895976458,-0.12082678709158244,-0.08890535655706161,-0.03735713161124271,0.03144161342027906,0.10045213681124174,0.15816735555644842,0.21808678758382571,0.2838826874551964,0.34727058416510803,0.39585288097299115,0.42571585498524195,0.4409816410143973,0.45155385330719877,0.4609876393510764,0.4660833957951097,0.45885487465830144,0.4371300677650846,0.40579970254996717,0.3754259382892167,0.33947211437523805,0.2909354323534028,0.22808438053608807,0.1694530990182759,0.121969814078946,0.07513484052550666,0.017868616850997117,-0.05466972619452823,-0.13048570276671273,-0.1979454213097951,-0.2378664499737995,-0.24866693845166443,-0.2397302874110352,-0.21365083869622245,-0.15387920711627595,-0.03679787827217836,0.11515283713847144,0.25087695479293376,0.3263969629817176,0.3158205952898534,0.2449698589577538,0.1707048549991744,0.11242847443115365,0.09144425218630663,0.11457155132228244,0.17766851666644695,0.2610829814015611,0.36411016636164956,0.41956497678922666,0.4243303558572544,0.43129988938839353,0.4405796397467183,0.4397106225416836,0.41649206827252094,0.34859311823198025,0.2291526867610024,0.11394661886981947,0.01728861548573512,-0.07524917190581103,-0.16800209190609736,-0.2593456969269817,-0.3402339843562009,-0.40431992384367105,-0.46616106201658497,-0.5357500244970853,-0.6162532043655177,-0.700497995665619,-0.7644165652732849,-0.7771239839002031,-0.717345497520873,-0.5983055375393985,-0.4552879857242583,-0.3307102714227147,-0.24655965528953544,-0.20271836970617096,-0.19191417392731527,-0.20522360099572787,-0.22562662326282995,-0.23025641064306596,-0.198254781019933,-0.12662171234184905,-0.03962563935253858,0.04157572227276638,0.10781044021578481,0.16591103223863252,0.22497740537092906,0.3112294043534523,0.47837699128733224,0.6719011973895654,0.5254242568175731,0.38403828991293937,0.3469601068195891,0.36042658354172286,0.39805530468962647,0.43828802525198374,0.4725392414104106,0.49319621242157136,0.49817416343781123,0.4929305134595536,0.4838000782791578,0.47323760004587906,0.45668275902976196,0.437607382379013,0.42252688693468254,0.41840167907103937,0.426377722379893,0.44717391349132835,0.4775498370163586,0.5113926411133002,0.5463239179617063,0.6008395887136581,0.6814932143905481,0.7715421238521367,0.8357771075895587,0.8589835806483151,0.8366530317339163,0.7800298321318256,0.7227813221824656,0.6897059138792972,0.6745241968878746,0.6518095347716534,0.6162037091749575,0.5892613208494529,0.573433365485372,0.53764758434236,0.4738425724287548,0.42169466548893886,0.3781851150164835,0.31536554459737764,0.21763191528870637,0.08502318732713535,-0.0843021741008718,-0.26991561031073974,-0.43865793102748485,-0.545921518855272,-0.5964543088071824,-0.6207880137417596,-0.6362194725386442,-0.6483775137076547,-0.6496411726655369,-0.6336185485537537,-0.6066090687449979,-0.5748665340650215,-0.5487772514477859,-0.5395311620380653,-0.5474020237094912,-0.5608401348441121,-0.5674840887702146,-0.5675313004590259,-0.566088275021432,-0.5721245143594236,-0.5711420177959968,-0.5571159946436774,-0.5369393671202185,-0.5235791237448182,-0.5173051886294555,-0.5096919198477426,-0.4907360477085443,-0.4657304952907231,-0.44220904389540666,-0.42078582916412444,-0.38494323683456777,-0.3305205955440081,-0.26276776013450615,-0.18866148515325715,-0.12291543283354996,-0.07154727648771184,-0.023219455806779137,0.023147137881672265,0.0439327268348975,0.045990908026228294,0.0569228891493179,0.07736614690455221,0.10166091837756597,0.13517254041887636,0.17262782691852058,0.20940504132833584,0.24760665826115327,0.287318597840226,0.3461205404219136,0.41067891945191515,0.4508706360824824,0.45009177410573553,0.4128342416776317,0.35967698304932605,0.31249515955682444,0.28030319366169104,0.26700575604239546,0.2686504692113017,0.2795482380711736,0.29549693545951194,0.3219735127369555,0.35434476194553644,0.3854731300170261,0.4197054623507479,0.4614469763311039,0.4879753926465081,0.4902192330766489,0.48535524997214935,0.48175900182453546,0.4921491427096298,0.5179039773543305,0.5568116176411204,0.607673664323543,0.6506139941605806,0.6670845401280945,0.6461408364405538,0.5900094403808155,0.5056803993515843,0.40382958340369124,0.28690785747870695,0.14210770248395307,-0.048699631683346976,-0.2741248606286803,-0.4940009943679715,-0.6671317490316947,-0.7792115295747953,-0.8251817561995421,-0.8091830464513932,-0.7518751870010324,-0.6891399915993089,-0.6483615905677184,-0.634793347393305,-0.6460648797657346,-0.6754884357644443,-0.7100800354844108,-0.7395459315613135,-0.7600823790962749,-0.7703710331441498,-0.776819910296429,-0.7843984262531887,-0.7921391973520873,-0.7860348014052075,-0.7511059544913335,-0.6751832167310449,-0.5784007628387512,-0.49472512944248886,-0.4153575851913134,-0.21184188112128907,0.06634634496979654,0.19878176078313495,0.26342983590287306,0.32062760386388117,0.38952718106925904,0.471328611925294,0.5444769820062657,0.5947114751563816,0.62685829198784,0.658000805269746,0.6900421247519772,0.6992663010152578,0.6754676089428469,0.6170287468698537,0.5379033863748558,0.45700086593077677,0.3887199342744768,0.33923893641183894,0.29353674903531346,0.2452809915331755,0.20305044920982962,0.19408146859733894,0.2302300885326759,0.28734504013606527,0.33612441609475613,0.37773686644767324,0.4298644074708354,0.5059882265525841,0.600426922147243,0.6915489715674393,0.7512047785929856,0.7684801739291836,0.7398833720639097,0.6858881043206919,0.6396811916260334,0.6192417967276461,0.6285658083161876,0.6575638123619632,0.6950136956610986,0.7287427715163873,0.7455232414788455,0.7415207332352829,0.7116923861267177,0.6382412584349146,0.5189308062906217,0.3658794159037558,0.19950063213038016,0.03950672433800093,-0.10562967652490103,-0.2079654065838732,-0.25623188847905715,-0.2563095093163711,-0.2125670734086697,-0.13813334783869516,-0.07442339247041795,-0.05523580652981374,-0.0724814946761717,-0.11155092010551916,-0.14592171294065912,-0.16760821770778123,-0.17933775562314777,-0.1975876707192505,-0.2384383322567652,-0.28859572350113094,-0.32380379593113506,-0.331283163785354,-0.3185264917965981,-0.3015170696164475,-0.2805846715263341,-0.24188052371913643,-0.18540822241488322,-0.14207238010340412,-0.15186844567806382,-0.21999186280263328,-0.291081079046018,-0.3398861385360936,-0.37439658885153676,-0.4072598034832043,-0.43666427795946927,-0.4637473972983542,-0.48795768645421433,-0.5076603456977626,-0.5155477453815956,-0.5072571930601102,-0.4874492365004999,-0.46032340669803096,-0.4280594792789966,-0.3950381214555559,-0.35455532668002865,-0.2895975393949147,-0.19280040101428464,-0.076730151124259,0.04657684333563309,0.16491897159900215,0.2547960833030677,0.3105802332392316,0.33781240355705267,0.33318910407038027,0.3029390879833848,0.25998656669508374,0.22133958404699478,0.20446117643493097,0.22405703630069662,0.2796299602842735,0.3536956607499964,0.4206770203431053,0.4542324467560945,0.4458897006881183,0.4139317647459941,0.3906217856515042,0.39266361011462175,0.4216793431718904,0.47136450940706887,0.528930273604891,0.5732150311479093,0.5991723467813657,0.5928493138827151,0.5481595795576195,0.47742572805323347,0.40464964068929415,0.3479897580806437,0.3132144510813546,0.29452568321997635,0.2877313197550174,0.2902662486190933,0.2999450121232295,0.30643072854717657,0.29595885516698806,0.25488700706563255,0.17096402193570634,0.04620982717135725,-0.08637807227650716,-0.1924782173486701,-0.2733575852966432,-0.3505060043396754,-0.4325018801232199,-0.49631004971667947,-0.5274757123918465,-0.5453986940397714,-0.5688431017373549,-0.6030819956065865,-0.6399336824749463,-0.6635084770489844,-0.6579373954294011,-0.6183935943370659,-0.5698203524605654,-0.5515533419607748,-0.5742631514107863,-0.6098178311024358,-0.6321157563711456,-0.6357742590077048,-0.6253548800161335,-0.6044340081040713,-0.5613519133975506,-0.5075914014986942,-0.4536909908844421,-0.3995379666682571,-0.33619076317620245,-0.2579748237691505,-0.17538123883093112,-0.11047802491631466,-0.07222083719855685,-0.05552504236749192,-0.03412437398941826,-0.0019401352884434592,0.03923417456425967,0.07559382395894773,0.11581971370082352,0.16440185986896894,0.21364474317057738,0.2405106153766109,0.24082972326238736,0.2282519721723113,0.22276129303371756,0.2399609097035785,0.280059796021013,0.32791299691829806,0.37043317425216354,0.40358428539552094,0.4286989883455367,0.4441562374983675,0.43789976303297357,0.41381956524707375,0.4058986916497628,0.4237018890560901,0.46246071336162725,0.5028140097906645,0.5274046444321984,0.5253881194587389,0.4916156425613583,0.44156445677293943,0.40240278256721884,0.38933976810257237,0.40042110300313655,0.43362970855280647,0.4844684278331069,0.5387725560972795,0.5549414062945389,0.4645789230054948,0.3301384549684825,0.2439883636403943,0.2111314437256813,0.20816722603961518,0.21353803970991178,0.21916340309471874,0.24459169851595866,0.3301343425896002,0.44937494623491525,0.48206255973575396,0.41179194556047105,0.28673128066889997,0.14800107182859437,0.026524645107419708,-0.06066382857316284,-0.12376913913330863,-0.1676089190488038,-0.1961411971770705,-0.2141112414704048,-0.22741006435011063,-0.24248898299092497,-0.2617904067332546,-0.28779628988823175,-0.3133157685860387,-0.3310114767447078,-0.33838974101205194,-0.336948464147951,-0.32644702064977676,-0.31335716643706746,-0.3122239956996249,-0.31868809160997236,-0.31911402449708404,-0.31587868291924287,-0.32420669927887696,-0.34447564391931923,-0.35968385216335835,-0.3499973420441741,-0.3133309346016988,-0.2664546496033422,-0.22725747152963444,-0.20318991272375508,-0.19111198752814773,-0.18304879322830053,-0.1636504008865723,-0.1214106548155643,-0.05094782176426143,0.04458764520679185,0.1542555010418981,0.2493226510999554,0.30130392419238655,0.29652561980849856,0.23442798416303134,0.17757830548219075,0.1720297221452835,0.21761458880061071,0.2991750581410443,0.38632867688677547,0.4567159492273139,0.49722522291449656,0.5156571919052728,0.5200635990882891,0.5151811343009688,0.5110484142454854,0.5114916298420483,0.5098368335702235,0.49721574329699053,0.47119013545213245,0.44057296262298906,0.4078111060824574,0.36838789498694574,0.3053439546228303,0.20377570724616992,0.07739924623873218,-0.042307815045374994,-0.13271574867140254,-0.18697140342015361,-0.21923072887642472,-0.23202178547061766,-0.22601120488760718,-0.2124852119929779,-0.20600553404094699,-0.22745823237085858,-0.2809508924304892,-0.3514798088350679,-0.39112180160932325,-0.39391602873880965,-0.37981208681134354,-0.33892333747133974,-0.26658168012808237,-0.17300144623240052,-0.0894289437487878,-0.03517960750106374,-0.008234529619631916,-0.0026087503106378735,-0.006662086589189942,-0.006585952965622947,0.003959840746625866,0.022946515494231122,0.045298849392783676,0.05720111795607741,0.05609143801331995,0.041722382758441354,0.027996063774230685,0.02364611756314359,0.02231066729892629,0.009969059219673214,-0.029989109682595393,-0.10185999930302458,-0.20080111118506902,-0.31355530418542393,-0.40700704963743584,-0.45749403277625467,-0.47701779839708586,-0.48174573557761957,-0.4721466308436822,-0.44899141355826633,-0.4266088007193466,-0.4096134214758143,-0.3889066435340328,-0.3563601403851602,-0.31460447638316796,-0.27063258120978556,-0.22889639871037543,-0.18643251097737068,-0.1230482495493344,-0.029957498289489903,0.08764579135455251,0.19470765740874352,0.26111451760949705,0.2818430859314488,0.26447335857632925,0.21949889880162604,0.1736811939868787,0.14596519933300328,0.13888885681871346,0.14659914512572797,0.15250268028717265,0.14238260532268018,0.1293178356253296,0.13798617357442058,0.18139033022577866,0.24192126367452926,0.28094975885447465,0.2827695210873048,0.25338905940124923,0.21341656772906462,0.2186865401069323,0.28857679396968366,0.37299177677125095,0.4230690815850154,0.42488166969657615,0.39127078276968047,0.3484290385374072,0.3116858709502247,0.28893460588110786,0.28064358480998663,0.289742183396081,0.33148907319782545,0.40848110729803766,0.5024537562361281,0.5975973477630347,0.6685754170489543,0.7201041695703367,0.7658067994553408,0.8018109459524558,0.8310147415742931,0.8520854782660808,0.8533435272884298,0.8071899740357261,0.7180301795273668,0.6103783009786637,0.5041428274968303,0.4141053430826307,0.340772796830806,0.2638114715739749,0.16213674738832612,0.03192728958311528,-0.07258918546046017,-0.12021905271110135,-0.13080516505671713,-0.1344262860120814,-0.159302746899612,-0.21138698855399413,-0.2723440458588324,-0.3270425989159963,-0.3653263790105565,-0.3995376547062064,-0.4455901255101036,-0.5055883293256116,-0.565712327158971,-0.5995673524642263,-0.6030010618753755,-0.5907454470240496,-0.5783178682688601,-0.5770446797288117,-0.5751678952548326,-0.5513269195032494,-0.5074226375901127,-0.46396022188580627,-0.4302876958429615,-0.3991971974026544,-0.36186939252563016,-0.31442225856914735,-0.26542537554038415,-0.23042741758379406,-0.22120143385844718,-0.2405079948968359,-0.2735708806734009,-0.29637038037695124,-0.29214440958664883,-0.2622649511941562,-0.20697157910710157,-0.13454567069090934,-0.0562097412419193,0.032900211776184234,0.15668694762494767,0.29231682897696476,0.3714428450012668,0.4151027086443668,0.4500721755902711,0.4713926250029011,0.47548295355879067,0.4698213520880444,0.45938957040228345,0.4430364805777203,0.4347098058141389,0.4434340500319321,0.4586258726872213,0.4635621309843923,0.45478558290414317,0.43760489662284385,0.4274714284074482,0.4314067375973329,0.460626236793908,0.5160057791460916,0.5755160275791793,0.616355480277578,0.6337100834993441,0.6267538441308536,0.5755361602621386,0.5019593471143342,0.4513583088473877,0.44535321548385687,0.4782538475815449,0.5301096688257576,0.5664556587322329,0.5120510147526682,0.32050746350236226,0.10959242276600994,-0.024480277984910318,-0.08879329231430536,-0.12121975463723837,-0.13421161782150318,-0.13298699250154006,-0.118249137373797,-0.10960673775527346,-0.11275834069064768,-0.1287946290446116,-0.15114561912510058,-0.1808115522528747,-0.21963199806310507,-0.26565725327903045,-0.31996228427103895,-0.37904757709704245,-0.4229929422737185,-0.4365698950209681,-0.41945710161841915,-0.3786492798007696,-0.3318804243457571,-0.29493022372110506,-0.2739165305255957,-0.2668786798861572,-0.2744816022405996,-0.2968087056243706,-0.3397039328878517,-0.4190854722116664,-0.518055300816147,-0.5000137348292827,-0.4248430820017331,-0.39356248270708005,-0.392024249397221,-0.3919285437825986,-0.3675674054894466,-0.2977602779398099,-0.16749335311175287,-0.0013483377167125467,0.1339144162564886,0.20179554950423334,0.21720453155704025,0.20822478081727247,0.19604808573007873,0.1898010013319383,0.1926636162582591,0.20857695989505246,0.23365407665053423,0.25923662691257726,0.27335775183235045,0.26327193318073266,0.2213305565268829,0.15506916067301912,0.0839505526423473,0.03366365095450256,0.009846099295391089,-0.0031555837054410433,-0.017525907858883055,-0.03744963464730574,-0.05826649423855466,-0.05789656842415563,-0.025798669559150878,0.015233036967638548,0.045282770309516246,0.060666056536093166,0.0573919204370949,0.037387133523273226,-0.0021527056495156565,-0.05478159156278321,-0.10080447207735108,-0.12142944317201951,-0.11337704243300668,-0.08275301465840577,-0.025351929086582237,0.058995036461721995,0.16525040738732297,0.2815798872736638,0.39736363580824313,0.4879593152541166,0.5083150404656612,0.4391005367806957,0.32834792110462,0.2508085603561651,0.23701921058569939,0.25810734902131083,0.26767513019324923,0.242160143935084,0.18728814232998056,0.11516795584801465,0.046088763132807006,-0.001423897381828567,-0.031149161285908916,-0.05393587143096996,-0.08716071503466916,-0.1333977415540528,-0.18697630197893983,-0.23153829992737812,-0.2599155739081868,-0.26551323325602144,-0.2566620803272418,-0.24064373669112735,-0.22706977319174437,-0.22219241138117413,-0.22881425933500774,-0.2446822495903874,-0.24562168283827615,-0.21976121088228595,-0.17767747285070437,-0.12774965115557788,-0.0758601786973329,-0.029994043899050343,0.0043591070303499345,0.027552716355396314,0.04182462576664238,0.051992342562665265,0.05733730294429887,0.07046751874544041,0.09601299456604682,0.1301827834463322,0.1768471632737469,0.24074282523632265,0.27911461572453666,0.27785207523689953,0.24937784459089826,0.21393803630695266,0.1841671378882374,0.18165046965126647,0.2098736614714583,0.26134747075938375,0.3387806949883023,0.41892071433720685,0.4628650312134232,0.46451892758420793,0.4474079409452553,0.4287527061936059,0.4110046285068538,0.3854890362230492,0.35577687989271667,0.32310103688934005,0.29182565679929207,0.26890563401542933,0.26385859859578653,0.28198794841200303,0.3333681227330802,0.41882314064675175,0.5191856310654066,0.560692322251631,0.4957817097819884,0.38490348975634375,0.2823408381560654,0.19486961083313264,0.11697019888703272,0.049784074468014985,0.0026281516373967847,-0.01593728074134397,0.0016486730117633078,0.04238912163986171,0.08654637274278577,0.1225160003840836,0.149509962015966,0.1636010835856738,0.16710901179823176,0.15701748147566583,0.12211099075090717,0.06565311571208676,-0.006376685829321263,-0.08089062246687596,-0.1459600800951518,-0.19060258879965097,-0.20575388443878304,-0.16863828854391213,-0.07036660701426393,0.043229774349093614,0.11597591134633276,0.12729550570522913,0.08064693201612201,-0.009980505910907175,-0.11423642968947909,-0.18771733441746027,-0.21164373128422817,-0.18791323423764303,-0.14338844803905634,-0.1284669210725563,-0.16872145941647598,-0.24459409359265985,-0.3284802398636367,-0.4069318334014102,-0.47090402692305894,-0.5212049559008911,-0.5624280490506823,-0.6006161057559325,-0.639062341650458,-0.6769619541437356,-0.7091211930172004,-0.733669477757802,-0.7516577825876986,-0.7682545538824231,-0.7873319697203682,-0.8093282566732561,-0.8233312812246609,-0.8026905246588588,-0.7040713574980062,-0.49905986542062825,-0.21273110876449083,0.08510407146017897,0.34822662931595644,0.5296238505654213,0.6058322358382874,0.597927655391417,0.54995384408889,0.5022669241591151,0.46907279427876475,0.4417894587480046,0.42017057190296947,0.4093611084907831,0.412836252872846,0.4239530123051702,0.4262922767357676,0.3881573162728802,0.32135620571824,0.2518273071838987,0.19007467711486625,0.14175545598996384,0.10666228527721966,0.08759057103616548,0.0830281390245079,0.08748572709934781,0.09885232963823458,0.11866725877937088,0.15501204656626366,0.22406212778715798,0.3301390875324902,0.4624099348491835,0.5959927667376549,0.7092906364903144,0.7943772117124808,0.8517719267252045,0.8678479667715439,0.7938110515988809,0.6136915739048318,0.4173276638444702,0.27110397078333087,0.17376579010006377,0.10612738166205056,0.05406612759342835,0.009373881969508264,-0.03239121285096606,-0.0710192520031557,-0.10625445778753022,-0.14513559092504325,-0.19861461559943366,-0.25537521061767826,-0.2940493498364044,-0.30737553741835166,-0.297815441349324,-0.2661258366502378,-0.2129580109586167,-0.1587662652443798,-0.13775953934181287,-0.16792238314625277,-0.2294271025224733,-0.2835787765516142,-0.30983840508158594,-0.3081591884281363,-0.27229552372173355,-0.21320892040457984,-0.15719476884021616,-0.11496535400102653,-0.07311430498779506,-0.005108814976932481,0.1081834595767657,0.2508491789564088,0.3100064214880139,0.24859037137461856,0.1022402114339977,-0.05243152744119451,-0.15687426820738892,-0.1942982236147508,-0.1735984490640885,-0.11278193381323214,-0.03981995566906042,0.011626613985281723,0.03176214546608882,0.02676753560296881,0.012832822495971837,0.0013991851803386646,0.0011738137939125226,0.006905919014617493,0.01709278105171998,0.027126851380932775,0.028078046156600443,0.006297638393784118,-0.05059608042838612,-0.09890978451002601,-0.06134564055169319,0.035217712193037966,0.14281890473584424,0.22304260898027217,0.2587777120194403,0.2542338992051579,0.223753027284676,0.2052814046772658,0.22605518014585274,0.29628875897850854,0.3998364484382244,0.5076936795244308,0.5713176010198819,0.5895870224691625,0.5848034977156292,0.5697301332459076,0.5419910166426898,0.5046687628621536,0.46163372985588935,0.4155476850860262,0.3688152070672014,0.32457296279559456,0.28848131456930703,0.2701087009408503,0.2655285998044124,0.23940206429284147,0.1539060231527897,0.010766410252961536,-0.16393494594042593,-0.3406742584377427,-0.48888609251910176,-0.5923904824144943,-0.6545719001701235,-0.6827094590430423,-0.6685048881656733,-0.6046856164893596,-0.489576720945302,-0.35859924840487756,-0.2722611320560814,-0.2424875588111383,-0.22652397968572233,-0.2109182211696217,-0.20159839162710924,-0.19649703142110872,-0.1942482318618062,-0.19814046635193266,-0.20584625560045655,-0.22001167059950294,-0.23586458362041351,-0.2393901961595816,-0.22488554397636074,-0.19323383427425264,-0.16416848445970095,-0.15528922367935893,-0.17797403206517837,-0.22953596716959115,-0.2874030674523091,-0.32005230292512926,-0.3392113842185128,-0.3714411767206236,-0.44004834338801374,-0.5461840434532013,-0.649076465190703,-0.6614173037869524,-0.6128124373738421,-0.5870253535421762,-0.601687868536762,-0.6438882851614961,-0.6771809079671294,-0.6113419487526464,-0.3694788376149209,-0.11173275042692675,0.04737753919717988,0.118440049467833,0.13333717820616026,0.11945419258662272,0.0967552542257786,0.08256265502570889,0.09744368998457575,0.13668350688051875,0.1862732683513138,0.24059443711765302,0.2895716016039634,0.3229922603238685,0.33927531488604734,0.3501178984869703,0.3819984667790009,0.4348783421071477,0.48880901781170766,0.5374412546324416,0.5707671667004771,0.5912636101289059,0.6067053594808425,0.6298571063704546,0.6602065791642597,0.6807639208768729,0.6715258013802677,0.6347207681985819,0.5909780294883572,0.5555228420402802,0.53135379719031,0.5112727405667484,0.4762642919689863,0.4100628576856168,0.30439128740537896,0.16812171056104566,0.02154102020178273,-0.10553340965767212,-0.19671063524688864,-0.2602940622094613,-0.3080598533300888,-0.3450539805897273,-0.3589335849981158,-0.34386244271075495,-0.2973469150527584,-0.2272512855430113,-0.1477413682003219,-0.07747978001283025,-0.02692244563398301,0.005503664081432012,0.029229001674559694,0.05454088414028099,0.07466872070481367,0.09064983867363449,0.09778922045703357,0.0924353165912066,0.07318540221245086,0.04293421981177188,-0.0018638690417784576,-0.06323927980719322,-0.12703929862455468,-0.18832774578010347,-0.2518644678228414,-0.3242936580420264,-0.40116527010582864,-0.46877545056668685,-0.5043228030127586,-0.5039923728455447,-0.4716273093973934,-0.4171640361197472,-0.34924452285739577,-0.2729885024115973,-0.19632179506333255,-0.11838811190805948,-0.04606239288053442,0.018063564553162215,0.06812317230106459,0.1004816519915564,0.11326053664451832,0.11446349167224519,0.10069092712292,0.07249743671127082,0.036295663933658205,0.001954578083925439,-0.020214756283910642,-0.024894183223344114,-0.012761280264754987,0.013573036973001487,0.058427493426812895,0.12215369288235049,0.20534260708846053,0.2973992347282489,0.3822784368892514,0.44501190161178805,0.48073924617637953,0.49931781126669267,0.5152385421422633,0.5255400682806757,0.5271230753242029,0.5223516572568101,0.5172756814323244,0.5098894927009566,0.494853533255618,0.47153774496663964,0.4397689825277195,0.4063272393616976,0.38102876502544775,0.3753932960405712,0.3894503746521646,0.41705406613325235,0.44863560231986993,0.4743524308259878,0.4802447703133923,0.4593494073634197,0.4115902441020441,0.3340027061160559,0.2229616100133325,0.06104250871370376,-0.1481110037569189,-0.3628607371414931,-0.4938514384428091,-0.5320030294472884,-0.5351699320185568,-0.5337670197869603,-0.5317743787123738,-0.5249009272329087,-0.5164438284803162,-0.5269414258289888,-0.5750844221213142,-0.662419082268163,-0.7551571717004755,-0.7605747229318436,-0.6909491381190263,-0.6470732187863932,-0.6379422417384468,-0.6351056805916874,-0.6189807870392584,-0.5812347380211772,-0.524482459183418,-0.45797866315395996,-0.3837275754246314,-0.3043720264455293,-0.228930921517447,-0.15857295215194706,-0.0817750811111693,0.0031986948308913594,0.09134550682989806,0.16820238140588673,0.20921203147179887,0.17685792864449654,0.09573610592056134,0.05516189729566346,0.07056010639541965,0.10537609957717978,0.1419662361932261,0.18325376186126205,0.22651733304234486,0.25913028223809614,0.26987973970561185,0.24268196389984067,0.16691418062832666,0.06013017344894518,-0.04380704339395902,-0.13470260418565655,-0.17620671475147692,-0.15174711562870502,-0.08722370807151339,-0.0001318456803004334,0.10590243413108658,0.22913866481266965,0.35355093370132146,0.4451786379875003,0.48178201366901385,0.46992620805012475,0.43144079907143784,0.3928837464972725,0.37627831020719876,0.3957786244479053,0.46278989070929955,0.56890158472992,0.6604495988682308,0.6645278213500792,0.5700881832315773,0.43348873757306294,0.32147061354382084,0.2688491715103283,0.2606333481295043,0.26925387632354075,0.2746016971476504,0.265726710563167,0.24857318089062594,0.22034686373847825,0.19677221722406138,0.1950273376278094,0.2329470767787108,0.30362660950476555,0.37365785042662386,0.380495276061189,0.26692769809251826,0.08536291268824618,-0.05931352747212227,-0.14174538461065372,-0.1805310619341744,-0.1938163341462928,-0.1880096334563183,-0.15930104913882268,-0.10970619840262266,-0.07227576802767968,-0.06127011495456729,-0.0669298099362827,-0.08884080489185257,-0.12244586071242435,-0.15688029579051616,-0.18476041425355916,-0.19912649217250097,-0.20255829486404336,-0.19906162441837225,-0.19382070966620488,-0.1877614492990805,-0.19277739232475732,-0.2123892467579222,-0.2420473903949154,-0.2608172285250442,-0.24021915472988475,-0.19737794531533182,-0.15517337719771518,-0.13024417002061536,-0.13053436283340192,-0.15211646038248028,-0.18827602019479556,-0.21941562772561818,-0.23474316698086747,-0.2155936220273504,-0.1541375269923582,-0.06404853205961852,0.021099418870317854,0.08117726294798529,0.12696788859508737,0.18098484079725333,0.25225397107751757,0.35153805483233763,0.48260000788759505,0.49821308948192305,0.3505838347690606,0.2501283022302373,0.19794200668611947,0.1700133074931304,0.15503061952386504,0.1525380450151482,0.16047200289340788,0.17969293895014762,0.20546857571851218,0.22519097404788224,0.22568480068038146,0.20764765165616536,0.18083192066207776,0.1513506055720243,0.1314147722017028,0.11867828322893931,0.11698799219043272,0.12705929908323793,0.13571838997049188,0.14320498270665488,0.15137193633512835,0.15482701655354697,0.1509435236448712,0.14676637575868495,0.1492373054399331,0.15678095351878918,0.17873762103285057,0.21950703263983729,0.2722328392156991,0.3046727246733194,0.2803825390712687,0.1963903877513592,0.09310673912760173,0.02312779839806442,-0.015018707674195522,-0.05190757483393534,-0.10190065150365613,-0.15641299680091017,-0.20328501431996657,-0.2314971186112736,-0.23834349611835706,-0.2301526179124882,-0.21420811946850604,-0.20121944908857886,-0.19608694711067073,-0.2042782325118848,-0.22562738908665578,-0.255336195281351,-0.2909582463627262,-0.3331927001199987,-0.38047976027375363,-0.41035621201480627,-0.3981609245767184,-0.35615950768582694,-0.32119270672343475,-0.3031755535022131,-0.2895534375004739,-0.26203899290108656,-0.2203563467583951,-0.19065869864973387,-0.19454814286576347,-0.21371489721921116,-0.2330078672268329,-0.23741480205924612,-0.22554924851004854,-0.19741110712947846,-0.15584829602320555,-0.10413636350767559,-0.051955502943648174,-0.01834521671535271,-0.011388393162405084,-0.023903170443916415,-0.041009328152025334,-0.04571799247926392,-0.03211892922277862,-0.007841313909668104,0.030666714837437305,0.07977588198158946,0.12914783080048658,0.18223030475466395,0.22424177028321363,0.25228814987626874,0.26497127614244653,0.2833991984309184,0.3218118214230668,0.37434274822008945,0.4250296714559872,0.45678806323882565,0.4616665015442231,0.4574649229820339,0.4564992877629027,0.45292009051889703,0.45409014420302507,0.4678621915587105,0.49296711847287783,0.5186436139044384,0.5438098223156523,0.5657549370286815,0.5843908932451914,0.6070857919000066,0.6404452997009484,0.6817927012683282,0.72108525803078,0.7475117238962395,0.7537624948606373,0.73866015462603,0.7090414918378526,0.6670038487361291,0.6181078986751369,0.5869906058752142,0.5758858938638419,0.5585372328614706,0.5223211118221456,0.47255143142834044,0.39910810443179645,0.31298700288876885,0.21793446097365488,0.10226015801528354,-0.0459864350886059,-0.20112384918285192,-0.328124210925517,-0.40533310619147506,-0.45081502006126994,-0.4785202390024786,-0.493172629478613,-0.4877746697934305,-0.44734362808870304,-0.3816992453925288,-0.32460892319329393,-0.29791501526290787,-0.3002920142402596,-0.3195246506481125,-0.34495556162392266,-0.35713574811321597,-0.3455317885353457,-0.3174065024213401,-0.27732094646551625,-0.23235680209652862,-0.19953635005508744,-0.18106716671759354,-0.17007925847387914,-0.1531014102302239,-0.13325465699999064,-0.1114519672164169,-0.08149874041964734,-0.03770203195045366,0.021907093533360008,0.07236450179545116,0.09823701931497926,0.08896135811967337,0.03986375909599022,-0.06923527164111123,-0.24497768800505498,-0.42918883644627076,-0.575937343443611,-0.6764570289613854,-0.638448945104522,-0.3361762256219125,-0.07930424594232259,0.04552324955714717,0.09375423397017117,0.08968003531304325,0.032882590062575115,-0.04632552750540509,-0.10658709535134964,-0.12820115924212713,-0.11326542426989747,-0.07795397317413716,-0.03769469684642933,-0.01375655894682891,-0.01083244652115513,-0.02217698367367704,-0.030782534609169396,-0.010537054373836938,0.058628545862544276,0.1776049103301693,0.33922097402076407,0.5010025590220961,0.6100545035634932,0.659756800861577,0.671362446036601,0.6659452188083679,0.6613441861221411,0.6560757763447845,0.6491926686148936,0.6446807264418996,0.6625898573465722,0.7131254797966863,0.7843589584545037,0.8355752889266337,0.8409888137103653,0.8159736491672519,0.7827613612437427,0.7435374414351584,0.6675550676520912,0.5163247236234914,0.3301146826414923,0.1971825464832366,0.13931303934858782,0.1178965708352759,0.08721874029069632,0.04446914563403171,-0.0022316854090861983,-0.048847735211613355,-0.09674321019298453,-0.14520080133946442,-0.19540478885705034,-0.2551122911153846,-0.3249261945517041,-0.3837952434041028,-0.41707846140942156,-0.42920054330020535,-0.41999322236372405,-0.36557006321713564,-0.23632973476201924,-0.06240130580749236,0.07591306216179174,0.15630992338204,0.18483091968067084,0.15948186413595591,0.07962541047329724,-0.032694849672781266,-0.15605378324374125,-0.2706908517343867,-0.3684648543659671,-0.44421062278429163,-0.48311896301203255,-0.4779824691723589,-0.4586064983244761,-0.448750092766582,-0.4524464867478213,-0.47013537572103575,-0.4979253794144339,-0.5282558499080406,-0.5506539582983229,-0.5510477431674755,-0.5234341100193651,-0.4893729164156713,-0.475935767092794,-0.4764544423771359,-0.4726229068539883,-0.4435105209139129,-0.36830761918062555,-0.19171953661713337,0.09543691058912282,0.2746574593109358,0.36304712874943823,0.43396773377557596,0.5019782341357297,0.5560028186358796,0.5917824407885767,0.6100202895548458,0.6210593329107811,0.6345744463149348,0.6518074043696178,0.6736215052196185,0.7085708994380264,0.7623717528429531,0.8285517781535896,0.8745527487147938,0.8710568831470309,0.8281938118498398,0.7665649296896216,0.6918515530804029,0.5983326213178453,0.4844349556784044,0.3487207313999632,0.18857688685455967,0.007557857492650211,-0.1756442855476976,-0.3389983257895376,-0.4763532055329871,-0.5961006592830528,-0.6550608521222807,-0.5075193455736423,-0.2874481129255094,-0.15968640648604437,-0.09508726647982241,-0.06532778480687014,-0.05143172532280256,-0.04540801752398221,-0.0483160953436298,-0.06949838141146485,-0.11360430860972909,-0.1722576755151444,-0.21756597079522536,-0.24584871799777988,-0.2667853487251193,-0.2928368245836724,-0.33322521783034675,-0.3982415187043942,-0.4849202207507737,-0.5536914097061486,-0.574169647690564,-0.5481989630809512,-0.49424608900559786,-0.4323672096957657,-0.3810264689173088,-0.3440507986011786,-0.3142680738141415,-0.2824939645376205,-0.25733703810831615,-0.25326194832685633,-0.2721711157585866,-0.3072896568890404,-0.3413324197442117,-0.35549867318828876,-0.3498259930147998,-0.3376313938207552,-0.31814779741693133,-0.2819758438572727,-0.22015302166317358,-0.12769104859263516,-0.005545511219556868,0.12548164766705316,0.22432474238018088,0.27374721750708614,0.29660037563851244,0.31668609336477194,0.3303947008651439,0.32662257639158315,0.3114778332529992,0.30381562564763614,0.3086351274558756,0.3226135844476659,0.33688860236974344,0.34738048061584886,0.3609847089510279,0.3746382695428429,0.38828758204090746,0.4008432978394434,0.4118266108718175,0.4322912366888891,0.4730580607351843,0.5187926282998875,0.5563106426382913,0.5796533340942723,0.5899259441599569,0.5859930659985159,0.5769065379786075,0.577440573154266,0.5660621732563496,0.527589034623123,0.47057798814610674,0.4125126452588601,0.3712442486706975,0.3455054376176268,0.3317813264270521,0.32663456461831286,0.31925857072530384,0.2881019764024387,0.22161657428893025,0.15952697154822665,0.11421110095410542,0.06335072783949651,-0.007929903359613393,-0.09428957361297066,-0.18782126601430948,-0.2753772265680327,-0.3343517763363633,-0.3724638912505866,-0.3984255210026707,-0.42222468188125356,-0.47106416933013523,-0.5385034991758243,-0.5858456523425029,-0.5772109936282249,-0.5081733306739975,-0.4091543156016878,-0.3174500736901533,-0.24761633791094426,-0.2012549467253536,-0.17665954412128487,-0.17155013962484003,-0.19245438359163355,-0.24887070957619,-0.33781943419896704,-0.41715392210745095,-0.45209669791590146,-0.449579550687867,-0.4363579873928884,-0.4262976440050491,-0.42010330014226666,-0.4082930327799862,-0.3868332242054508,-0.3557999183233154,-0.3234899207969439,-0.30672995512254075,-0.32549609287489123,-0.3714606330848604,-0.4023714354217369,-0.41102258199429453,-0.4060684268618133,-0.39619578838380315,-0.3765351631632527,-0.3509623174849749,-0.3141088523722466,-0.2565061909759534,-0.16398154828473707,-0.015278839423817359,0.17896998836126432,0.37249737718194703,0.5091367647659132,0.5751295891580572,0.5750645855130964,0.5327944187032327,0.4772717523757448,0.43505962787721225,0.4096180995806969,0.3926496840565211,0.38202323779032477,0.3817555888787335,0.4012683818657829,0.43454772861129065,0.4821621368926654,0.5372729135757401,0.5782812580561,0.5816830553589485,0.5676190471066827,0.5488771542999312,0.5254565204261514,0.5047310821679267,0.4850828358646678,0.46705218604275434,0.4577950744517802,0.47067834762938104,0.4999040909736003,0.5432860768219084,0.5987989001035675,0.6679805146706583,0.7507852387855639,0.8313432405285713,0.8706143946444358,0.8287940442433273,0.7188182703741054,0.6071729625347666,0.5312544043318216,0.4944958161637819,0.4847491407445704,0.4490498256233625,0.3472765869696431,0.22266484585775534,0.10935138086661265,0.020237128623033816,-0.041778187816031195,-0.08650365296546768,-0.11645420799972768,-0.13430462804069654,-0.14209899495362951,-0.1461186279334579,-0.15975912747128115,-0.18822764986860707,-0.21928794971510085,-0.24269332232709798,-0.2644823915167945,-0.293938576511456,-0.3345554516538225,-0.34538868785443533,-0.3106328720505142,-0.25973873460293134,-0.22055519006527824,-0.19782121081713458,-0.17135078946783155,-0.1486672721828014,-0.14619672360047753,-0.16205852803279486,-0.18524756741050954,-0.20558189659441428,-0.21380419691082445,-0.18211874358557134,-0.11733741379310043,-0.0574420494385252,-0.03494851057789019,-0.05529798276498033,-0.07980444230676029,-0.07841929323207794,-0.05868553891744024,-0.04013000791077627,-0.02722093934604074,0.0025827966055756487,0.0421430736858307,0.08666798393690844,0.13630788568266008,0.18236861869166537,0.19621897117246703,0.16285936091288825,0.11861668103994252,0.09466690491551329,0.09798210250166997,0.11412381356245344,0.1301360013357102,0.13037894859161392,0.1140498590814469,0.08868057204796116,0.06834124087147204,0.058553024613928334,0.07042028739688286,0.11265102574277475,0.1724249044571993,0.21460670310147759,0.2094679066032376,0.15912381371091322,0.08544901101319674,0.027778188145844884,0.008122012073037676,0.008430417378802856,0.005696625098992861,-0.010320686957140193,-0.029245517843399453,-0.0372476842147555,-0.03271438964609702,-0.0234747565848914,-0.03712883718087378,-0.11033690167504759,-0.2817992567771094,-0.36568379724061895,-0.333632087249831,-0.3088668423162553,-0.29324845704881125,-0.28748159234819376,-0.28657576991628325,-0.2913493944576364,-0.3055905254179856,-0.328175940985769,-0.34111745154176115,-0.3346028084198386,-0.3180162832014773,-0.30281572201369883,-0.29281954169444957,-0.29317927285274537,-0.30681161832281534,-0.33279743813954166,-0.36742939672780206,-0.40449912075199984,-0.4362102581020107,-0.4485157558674894,-0.43415018282344003,-0.3950630624613877,-0.3477787822475683,-0.3090298371104075,-0.2853856342334679,-0.2487284570394645,-0.15250909359863296,-0.05070626064338406,0.013734168138076729,0.0548004904443497,0.08640657597625077,0.1157080423004629,0.13677538791070307,0.14427198923929335,0.1516003359993854,0.1726447203360878,0.21223964363501485,0.25749368778854287,0.3000268974952576,0.3328978417581399,0.352993011980125,0.36216411521991865,0.3634544050356358,0.3627721169942212,0.36798824876366587,0.3823860379337565,0.40424762847995765,0.4318460175971308,0.4682864828373653,0.5068208137605936,0.5400454394415826,0.5583846573051107,0.5612728393720579,0.5578625104296042,0.5419065233272874,0.5158363589524595,0.4889885861359455,0.4700957653356826,0.4629478799847454,0.4644187417232551,0.47526892237584817,0.4972420139623169,0.5254345753254566,0.5562370885163667,0.5839319787380715,0.5947185874772947,0.5709690906131014,0.5133847951209367,0.4302109307172019,0.32320098231598143,0.18496709489720894,0.021894885016183144,-0.14525702810188348,-0.28241073485275736,-0.37753063004116194,-0.42787953100756126,-0.4423164582011512,-0.45109631576723164,-0.48537091467866583,-0.5543540177669558,-0.6357965738536626,-0.7221111674108653,-0.7931232965518193,-0.836798244655405,-0.8322424896516771,-0.7760545554151262,-0.6998337088631342,-0.6465432210687967,-0.6231507725722504,-0.6158720385244489,-0.6101491664335558,-0.5943815014786935,-0.561738219593832,-0.511860181050129,-0.45667876248737854,-0.4003084909233399,-0.35409226220028717,-0.3074200672736074,-0.24711905031230122,-0.17655617170779261,-0.10299984553306438,-0.04753416143226173,-0.018645163078851678,-0.014318275413578878,-0.03122358423757468,-0.06024654050961679,-0.07839291029867529,-0.07881145406043753,-0.0701939261852054,-0.06537372775105477,-0.061703926523583336,-0.04733700750289449,-0.01261459070677217,0.03845746154350062,0.10944913029406922,0.1942785051387437,0.2798693492592309,0.3388393789888902,0.38526310281529663,0.38730543585344585,0.3060271734425505,0.18413405706769514,0.10284232118903364,0.06724791316312452,0.06082673365588163,0.08477865573351664,0.13765941805122514,0.216069204503974,0.30408428419391936,0.3667591414252407,0.3842605735035205,0.3643453471354696,0.3195228764689367,0.2649320595618069,0.2126141044125969,0.16754296101499097,0.12915069341112112,0.09827726863940853,0.0837235103642725,0.0914945494953192,0.11516298974272672,0.14601061428542914,0.18017693545641678,0.21640227113517388,0.2538562996608627,0.29094389816847643,0.32119693304248975,0.33917133501857605,0.3534949105868011,0.3839448761033074,0.44210377358996467,0.5133598995728418,0.5673803102404165,0.5720978132679528,0.5205192594307364,0.4451552640419725,0.36282550835229616,0.27512118041946193,0.19540941960113817,0.1374926970263613,0.08809302991149695,0.008479027462065383,-0.1373427054061014,-0.296280061043173,-0.4372525671764116,-0.5879765654605797,-0.7248778864384822,-0.7968203810567986,-0.7917528558442578,-0.7553801351828235,-0.7194302063882952,-0.6841022218351731,-0.6401298660051783,-0.5855031321499539,-0.5249454284988678,-0.46835934288436837,-0.41727438342966383,-0.36841798350267,-0.32775366752466084,-0.3013481752485103,-0.2841144780160394,-0.25950206055487923,-0.21316041899591323,-0.14020044053748273,-0.05702658273241903,0.01195872905414336,0.060749296416645664,0.08354034677529543,0.08449716853622356,0.07628339679052971,0.06568936293906506,0.049514498237567095,0.018218169785765646,-0.025620573908819357,-0.07297441058628609,-0.11376139383993326,-0.14683389074618328,-0.18135552870390506,-0.22454631805287148,-0.2799180460961635,-0.33404708217451734,-0.36886760142810515,-0.37667039308541933,-0.35882142184045435,-0.30190707151358065,-0.17930857211094814,0.0338374892365211,0.25093199736825555,0.3564723383586804,0.36472915433268127,0.332169229132081,0.3078352969933764,0.31801768981498396,0.3643169230526633,0.4341983991586396,0.5061396620380854,0.5666176240046072,0.6022955599818086,0.5993564506806739,0.5583112815247209,0.5034349347871131,0.46020454057921834,0.4500179262794275,0.472662265544128,0.5099930464906967,0.546870724166784,0.5857764670904758,0.6136672477167663,0.6130893352384719,0.5768302795199503,0.4981372122033317,0.3949673799283047,0.3175230137361239,0.27455924551661676,0.25193935951357416,0.22917546315621978,0.1940284367145135,0.14144481168653064,0.0763787030735682,-0.0019063187011143768,-0.09745036149522672,-0.21872097701554796,-0.28156967102355085,-0.2843604971818582,-0.25922992697543024,-0.22589153319693872,-0.1821500767827238,-0.12592327307917003,-0.07843436052861477,-0.053167771927738805,-0.05413032735035296,-0.06280628702981039,-0.062319408720449804,-0.05221362207262432,-0.04623332273137914,-0.05257962898162513,-0.062218286436756066,-0.06974756567377813,-0.06720708484813145,-0.05704629788318898,-0.045064072340225754,-0.04049183562783831,-0.056269535789623834,-0.10328583793999675,-0.19011830150335188,-0.3076852598159947,-0.4267600175637992,-0.5347706925722434,-0.6166184738973625,-0.6661272818405581,-0.6984676951255206,-0.7181685227717386,-0.7341859210391606,-0.7520668848860227,-0.7721883469019256,-0.7836243091718863,-0.7682310724792646,-0.6906024544661634,-0.5112275457100555,-0.2431125625081624,-0.024183611869728526,0.08124535194201851,0.1124185735799571,0.12682311313648664,0.1623741321008942,0.22466512964158045,0.3072730731404248,0.3878469010782815,0.4486966523044734,0.49559424199685503,0.5399331046295646,0.5740804755867532,0.5868767915851156,0.573085474353453,0.5436374624706455,0.5117680153150864,0.48500068966383364,0.47027394873618844,0.4692986870140945,0.4807466787444979,0.4948861729125651,0.5020170361950005,0.5021153181727679,0.49374786594652537,0.4840631007670776,0.4747941327008853,0.4776498981583973,0.4960450175585309,0.518578457781575,0.5250092455852964,0.5191110489348529,0.5069460399564523,0.46905897379110856,0.40300614240268035,0.33534925259715337,0.2839680785967147,0.24672118242391286,0.21949185259853643,0.19339653391128228,0.16475342605911558,0.12210190001761759,0.07414567528690609,0.04198170126075396,0.03606000005968023,0.044438790039783314,0.05143750363119244,0.01800433541904826,-0.08879067600989021,-0.29282029986065383,-0.5374570810919189,-0.6615110301566081,-0.6561468708683744,-0.6025434906841459,-0.5487740648557159,-0.5068295788032204,-0.47358870267251607,-0.4474222328187018,-0.4304085376082276,-0.4288848677750495,-0.4395254730725408,-0.4584947769692986,-0.47660809563197204,-0.4868143428924568,-0.4800354520218796,-0.46368780953691563,-0.4376533230330449,-0.3959242048097324,-0.33581460344283415,-0.27898154826271365,-0.23396413961420875,-0.19448715526721125,-0.16513366007107672,-0.15484144051895257,-0.16371720747744747,-0.18378136878828558,-0.19734300948260652,-0.18100169655078088,-0.1167053804850379,-0.03075324275332499,0.02492306944447885,0.04345397913761386,0.04696766326941635,0.043748594391263045,0.04191309718043318,0.05021858226065513,0.08630970205787354,0.1533224310716039,0.2469894630823263,0.34309733744070636,0.41143767770855144,0.43886725886326333,0.4255590792759923,0.38867097851273374,0.34963751649973623,0.3158169306731524,0.2933721370016913,0.2832601257340777,0.28302496523793974,0.2841530368737846,0.29241688239707403,0.3158062921491619,0.3491913820752211,0.38058629715412434,0.3962394873263927,0.3939733929788927,0.3825591819363181,0.36721511744991925,0.3503895942765481,0.3353452134384351,0.3312681290851736,0.3449138895500331,0.37594808584901607,0.420440923857606,0.46290043245230017,0.49680376265667714,0.5216209018082006,0.5345149432448091,0.5287255309396441,0.4900577726319661,0.4481360141038284,0.4351278817127894,0.4584120844003731,0.4912267039227064,0.528779450661286,0.5885603524442614,0.6495067546909845,0.6159311611369387,0.47936850018158855,0.3345026705581402,0.20093453590558688,0.025522448001154448,-0.22294466787004533,-0.47598436753364526,-0.6364855516628463,-0.7076366566719293,-0.7235995462795011,-0.7006760615594635,-0.6602434892168066,-0.6188638746017321,-0.5805169624330014,-0.5386897594386097,-0.4937603683444975,-0.45424695528868037,-0.4274406610779867,-0.4214927714976733,-0.43483610855756727,-0.46379419236989894,-0.5025249910022137,-0.537661704865093,-0.5576348139846635,-0.5571064721399046,-0.5412930979459876,-0.5201776591553487,-0.5113966306599559,-0.518294876544115,-0.530871946324461,-0.5423369190821229,-0.5203581151735586,-0.344239708353128,-0.09404190776171419,0.11911391957735863,0.284815870222658,0.39195002651672767,0.4618910461696812,0.5207798943966464,0.57869947733908,0.6276989875465616,0.6602319372592061,0.6765329065948141,0.6788764895163912,0.6703929980009528,0.650770224839568,0.626794210185614,0.6021394758681885,0.5773583025253097,0.5426782789243471,0.48058563925683107,0.37759015248163835,0.24730661037647167,0.11623445390123135,0.009598385237745246,-0.05704284576961508,-0.08686274668685048,-0.08891879241443423,-0.06676442716542987,-0.014391921095712995,0.05772053407577112,0.10770178628945248,0.10068086917662275,0.04316081012441256,-0.023489873522149873,-0.031558233414786155,0.039242196824853685,0.14126796772832817,0.2134532984828848,0.2473435322560528,0.2574910761426419,0.26273712941514127,0.28029103299095487,0.31694225977165547,0.3673414325795313,0.41287294520133294,0.4335388329761698,0.42592251059098074,0.4028713153926656,0.37401843368316584,0.34423528648106,0.3158391740712101,0.28072136197653214,0.23901614620022169,0.18824859228053575,0.12750134922068065,0.05670438721923154,-0.02769791391186971,-0.11613637702392184,-0.18883690267249406,-0.23534895966709185,-0.2417039484575134,-0.22527227469534586,-0.21493185524929478,-0.22625738023320177,-0.24759077053982378,-0.27549840517500174,-0.30792811543954773,-0.33804192675690264,-0.35636660682880644,-0.36838712738151597,-0.37828174567850803,-0.4044495645523609,-0.45775096163611556,-0.526792515066788,-0.5806687875827079,-0.5924230408496373,-0.535421359352808,-0.39667716102330247,-0.20242911681760345,0.005791393974067577,0.19887744676985528,0.3630159650492082,0.45329932139259466,0.470427587812692,0.4751287155085669,0.48412305611407047,0.4963813270900515,0.4940077863495994,0.4741493532282672,0.4717569101060741,0.503705761276285,0.5634329432547392,0.6087483603030666,0.6088990749688619,0.5680724882662234,0.49997113781362507,0.4027550178591277,0.30216325354188533,0.22154550667316125,0.16696070181191053,0.12655857393066106,0.08399370792800287,0.031282131163109926,-0.0197074261567305,-0.043249640108183135,-0.01759477270540182,0.04918715585629327,0.13286222514471974,0.20538176291383184,0.24229515608264726,0.24631525317271968,0.2285999436423367,0.1921665603806021,0.13255910576037952,0.04180322664788046,-0.06342893689231209,-0.15902739541985172,-0.22109619794309812,-0.2448482518841528,-0.24407119482046216,-0.2421941538794059,-0.25283677505394486,-0.2875234456494796,-0.3399485294653947,-0.40576246488416556,-0.46361895773004197,-0.48264945511992996,-0.44883594966314816,-0.39357697852835366,-0.3514601558015535,-0.32635978932870646,-0.31017003585868097,-0.30713154502705303,-0.3227284087158908,-0.3489909751763035,-0.3756212607386249,-0.3966668648445502,-0.39880955267542023,-0.3553457073989151,-0.26965190071527045,-0.19601475866563875,-0.15887596254717884,-0.14787847401752155,-0.16052019080079263,-0.1889611194062281,-0.21256776182324907,-0.20688132732051379,-0.17375013092950276,-0.13588311474406992,-0.11111909382240331,-0.1082279708558886,-0.12694557421512823,-0.1572608667427336,-0.18473747406478566,-0.19839248457510475,-0.1959531261818864,-0.17401761920057188,-0.13252752183440905,-0.07800088071701557,-0.027972049479753625,0.00048236655665387287,-0.005269002001706597,-0.05197214893854159,-0.13418707847718012,-0.2554489835742821,-0.3678357111486929,-0.36917389115543614,-0.2878007205968771,-0.18714210428082956,-0.07644080542779147,0.03635392151455078,0.14384212755343204,0.2483932488874488,0.3551147830467486,0.45402211177844176,0.5263137437931092,0.5581839750977848,0.5553841722145186,0.5286754448507248,0.48576416725281496,0.4309353931153757,0.37449806840600275,0.33327206658372566,0.3191517287108896,0.3319044499840922,0.3739264774916264,0.4363503951584419,0.49222836737745745,0.5187469549550583,0.5096489580318165,0.47124811469017885,0.4172575503177785,0.363203802985766,0.3235976240141183,0.3146096120576766,0.32930926540844535,0.33388335301941996,0.28031173614910854,0.16947869271349927,0.04485045614075635,-0.04116223748560209,-0.07359119809733664,-0.07580799423106402,-0.09246201357466458,-0.16073713348695642,-0.25345748535954,-0.2994672018493279,-0.26411019206561565,-0.18679566882397827,-0.11688215194877363,-0.07986535458184942,-0.07313558795432357,-0.08473009191626628,-0.10747424188223414,-0.1258081761847144,-0.13014266737832217,-0.1259849914406058,-0.11946406306417273,-0.11362039087295492,-0.10520039908237379,-0.10044313525341778,-0.10843869325427774,-0.13090707445168176,-0.16619029454390186,-0.20532755811858894,-0.2273418897628849,-0.23093131323784638,-0.2303022536607388,-0.23877435010784873,-0.2667067825204107,-0.31035052008097386,-0.33882310637757307,-0.3327374761057567,-0.2956545664159561,-0.24437673575533644,-0.19634587302938294,-0.14355491929337524,-0.0889134798774472,-0.03082683011465996,0.02810667942321728,0.07057281528790563,0.06088055009953082,-0.0027214979190210696,-0.06602563255421745,-0.09918712974434656,-0.10519556405437988,-0.08196606678076203,-0.015494978830968384,0.11613716062226655,0.27621160406594997,0.360079176722264,0.39310073652666866,0.4248427470180234,0.4722327200918059,0.5137672205654827,0.5300805718584461,0.5129873141868502,0.4796036285547634,0.4367205271282103,0.39668063496764994,0.3615279906624148,0.33126042310380943,0.3037960399929104,0.28544471474108873,0.2847096481956137,0.3056284814755471,0.3396065101747181,0.36757119546333733,0.37369897606920005,0.35031093688636283,0.28827709950079267,0.1815747015636218,0.037323106621185057,-0.10764276680153573,-0.22247405006345383,-0.3126909718711051,-0.37951028771169537,-0.40975605066958354,-0.3714245374770624,-0.22576330627136323,0.022173635280153547,0.25991292588940357,0.3960638790829856,0.4428587193116995,0.4186548853055221,0.3092550898091436,0.09111080113762204,-0.15176882745593148,-0.3114315026350266,-0.3897802067272028,-0.4249204825108968,-0.4515798768182101,-0.4747507077989898,-0.48287669768827907,-0.4822353764529502,-0.47371898910178195,-0.47120274208293084,-0.4822489960796458,-0.5105575101243719,-0.5413547310869787,-0.5602067077673263,-0.5563672015292013,-0.534045800935008,-0.4979445897988334,-0.4512877610069006,-0.39353122137720337,-0.3270028598824501,-0.24639922153492444,-0.15632305353263676,-0.08063119786573228,-0.035324846947964214,-0.015477096584634798,-0.007547429984055781,0.009012166239372305,0.036861862266817334,0.06579236462267264,0.08792196071721495,0.10127380789521699,0.10139065504791696,0.09886458814590547,0.10073101115053693,0.11645756258403188,0.15189878502894422,0.22196064956752637,0.32697284310901586,0.2491086317311847,0.17838149404695375,0.1994134151593482,0.25816662912422755,0.326536827058349,0.3653466312967305,0.3491531051169664,0.2963877235615339,0.2440510199962994,0.21042697935748614,0.19692190762134434,0.19929327132754146,0.21415117492129013,0.23765263003819462,0.2628484712026747,0.28112284270573146,0.29160976251994036,0.30333560709222107,0.3210311058688902,0.337287912498614,0.3537005209529237,0.3801946956973559,0.42018844816790085,0.47520130981950476,0.5340121074593134,0.5835242179580264,0.6179158989134702,0.6163392023164408,0.5793804127198882,0.5496926432880405,0.5477737562946081,0.5630497129566984,0.585091298100004,0.599103033316584,0.5937024252541108,0.5674285919136518,0.5175005040427415,0.448256230508992,0.367207776269193,0.2846031007113016,0.22336212233898067,0.17821573743687064,0.12037458750313716,0.028618648467150006,-0.10069127441332186,-0.23637476815895883,-0.3477801185580878,-0.4243672280713586,-0.47380495055275795,-0.5078814265559216,-0.539073052783659,-0.5678615133164568,-0.5907279761086682,-0.6032062440064303,-0.6009859302514281,-0.5924726111267048,-0.5894591494173572,-0.5960140678411049,-0.6048231013914815,-0.6130006357383995,-0.6349920098329149,-0.66935154390962,-0.7028719647205595,-0.7230027430169621,-0.7246738903049565,-0.7093956479905438,-0.6981462228689209,-0.6991916296315117,-0.7129995273839939,-0.7326030737003028,-0.7384503959761477,-0.702994004037487,-0.6127272878391443,-0.47487758415418474,-0.3223099396619266,-0.1864582412743553,-0.09253881692785691,-0.03288053280454044,0.0034681532536016313,0.0262533696097851,0.060311558383180704,0.12363206381755144,0.20945441720382826,0.3034441231902729,0.38593451523959654,0.4447803573006783,0.4783358213647514,0.48906010636042513,0.48504296210320674,0.487583595565714,0.5035905069570248,0.531807517463508,0.5622648032348015,0.5773417663327041,0.5744970139415878,0.5477497206060686,0.4827094886501843,0.38686170843099515,0.29860968184174885,0.24493833401863085,0.23332883912587998,0.2462305359307093,0.26360087074841065,0.28902111620296095,0.3279957721559503,0.3644925483031747,0.3878020529254406,0.39629992297256805,0.3852724105014208,0.3461558278054141,0.2991887473497231,0.26257504138605076,0.239122157300206,0.22883032942774434,0.22726411754566858,0.2282727269016067,0.22714728226756434,0.22412044256414357,0.2155037918364489,0.181628465932181,0.07326079298649887,-0.1609484380971168,-0.43403868109567123,-0.6013374967814572,-0.6725258118321913,-0.7027670229576183,-0.7203712644073466,-0.7403872923724357,-0.7680029686354374,-0.7996711004463485,-0.8276019277746733,-0.8427244499563998,-0.8403593472516221,-0.8198388690579584,-0.7729600778100415,-0.6817994012889075,-0.5272816403705226,-0.34016286129352685,-0.19635787783670616,-0.12187172530545326,-0.10051511602483026,-0.10176431506534492,-0.09536185877065856,-0.07779193631270226,-0.05816838144487103,-0.048040291106687116,-0.05399229099852297,-0.060230466527050386,-0.056028708593301,-0.028116361624180554,0.0334482235202866,0.12415887318262425,0.21989320461587591,0.2816308140953157,0.28877651964594286,0.24548173027223377,0.1944195149919005,0.18528209573768029,0.2486460145645703,0.37440002657782306,0.5134384834069726,0.6040893387836204,0.64345199164839,0.66683243347441,0.6855483972892366,0.6871038975962451,0.6527083529266964,0.6029707104213039,0.5636666754708288,0.5453055217159227,0.549130072417232,0.5671939314575533,0.5927313050684211,0.6153896969940182,0.6333518462036631,0.6461815645549011,0.6642706605691157,0.6908950666791418,0.7183204845195765,0.7365662309706187,0.7391504070669214,0.7284189338287991,0.7025133517418637,0.6531438687978326,0.5859282090708249,0.5125596189275851,0.44753774548838726,0.40916455773111665,0.40079870314346927,0.41652449881567205,0.4319853708581463,0.42338434107428025,0.3820735913286905,0.30374928663136413,0.19202948398154782,0.05831476297065994,-0.07471454970669018,-0.18665783362412,-0.25608332890541297,-0.30862553028879497,-0.3383976251259503,-0.32974328967902833,-0.2995324437471299,-0.2910018751853372,-0.3051061849474609,-0.32264159183477964,-0.348083061324719,-0.36872114447668786,-0.3802196170514719,-0.39069517405536935,-0.40201256683054915,-0.41229330667423036,-0.42236097398717787,-0.4419102979842691,-0.4686257041990738,-0.4961118422623989,-0.5095697144560828,-0.5042430820929322,-0.4773991752443837,-0.43489191632094043,-0.3945561853525063,-0.3676876297659046,-0.3587282550642504,-0.36307993583095455,-0.37128967411792035,-0.38137793396546954,-0.39217289970006963,-0.40182333296484435,-0.419408668942336,-0.4438340332580671,-0.46895335022140633,-0.4802014491644804,-0.46720857854744535,-0.42344675523610653,-0.35092743595439746,-0.25565846090993727,-0.1574063067381223,-0.09322233238151992,-0.0659592341250366,-0.05840816665162075,-0.05770410342815719,-0.06181965949138447,-0.07983519404499981,-0.10243909142238718,-0.11440623376811582,-0.11514009290144174,-0.10533600558685122,-0.0855588178987123,-0.051424897150376986,-0.0036681000579686022,0.04743740742644225,0.0879587844312331,0.11541336776406982,0.13612787889328368,0.1609537909574279,0.1850668386754592,0.20865851818334233,0.23172168160905743,0.257165311903332,0.2802816820167139,0.30483689998064706,0.3294629756766083,0.36037844754607357,0.40176386376094636,0.4504507974749513,0.48619556540224795,0.4897830302530399,0.4488365379448272,0.375269349990981,0.2927996608270563,0.21320704219367503,0.15000781822979234,0.1053488157404671,0.07582305863848271,0.05826988965768199,0.05149163973047849,0.05040443116647331,0.0483130066993199,0.044627426083113424,0.04201837299468405,0.048655745110991966,0.07062069403721713,0.11103801936291159,0.1648660493228502,0.22236219232139404,0.27626692002463427,0.326048449158363,0.37943533880181907,0.4281515675765117,0.44761262653198985,0.4118510944272128,0.321719484489481,0.19230776544836262,0.04194237758244151,-0.13492499390773743,-0.3311012606159364,-0.5075159364746434,-0.6218150235354715,-0.6700145630092879,-0.6777171349630146,-0.6710261031466459,-0.6644469159542996,-0.6531278215738903,-0.633475741842613,-0.6005558881233174,-0.5560681994686365,-0.5100967790603131,-0.4655343164530943,-0.43074587129186803,-0.41050216762376585,-0.39834557074792765,-0.3786790360134405,-0.33249272986631667,-0.25638582982776914,-0.172700630827225,-0.10736053595580572,-0.07309765601470324,-0.07082129021190041,-0.10387714280531637,-0.16187011195955575,-0.22373424291564423,-0.25200937531437023,-0.2093650603573406,-0.11562708650994401,-0.011889549171449517,0.07903691109992364,0.15209288990591047,0.21407412046242094,0.27845889807446256,0.34938762488858405,0.43094534224597864,0.5131174864314471,0.5828339477891132,0.6362345777546005,0.6778877349537122,0.7106389171559029,0.7345461560802113,0.7520627340622567,0.7561279028752206,0.7342444462892631,0.6854298469567405,0.6229639193619751,0.5640109385888586,0.5259478567318082,0.5137367074363691,0.5192707443110975,0.5350412218483354,0.5611413104900328,0.6091861466787822,0.6858847602112622,0.77633735131608,0.8565797420330624,0.9076642594965496,0.9298318694968315,0.9275227927763817,0.9006224768205912,0.8349547226653089,0.682094982756883,0.3889797452639401,0.05926527812838147,-0.1972224661741444,-0.4115137512685584,-0.6000152936574585,-0.6976021781939769,-0.7056256925638279,-0.7092353670115943,-0.7230167435872823,-0.7283826029539776,-0.7229810964767968,-0.7204973606947173,-0.7305702162514023,-0.7454207554939792,-0.7485479788914368,-0.7285436228806011,-0.6826687366925128,-0.6279629945289615,-0.5817685362605106,-0.5364967691495993,-0.4873774305830265,-0.43467048177149326,-0.39413074566903616,-0.3661249015796003,-0.3446347909059338,-0.31696877504454646,-0.2773661118428262,-0.23556263663673382,-0.20985772206156858,-0.20365572834822418,-0.2055975555677469,-0.2143051179405279,-0.2433651873876945,-0.3054897678305724,-0.4006785614984252,-0.4922883098090131,-0.5532606166384089,-0.5821564864931658,-0.5885257181195841,-0.5350650395931953,-0.30906076320995063,0.06766369619294599,0.3437377724650722,0.5046005290872763,0.561963167560813,0.5463411395138634,0.5165895134936342,0.5082597007352482,0.5146881573776161,0.527780480537858,0.5386923130431852,0.5300467286520136,0.49852614655425864,0.45969823546941313,0.42888109833698274,0.40721899753709073,0.39383625542474376,0.378128329468592,0.35775509097133934,0.33553637037971357,0.3181193689625845,0.30992900426036835,0.3152687549409558,0.33923293994972126,0.37871920448448276,0.43110628190814804,0.4869400975386756,0.5179160131722834,0.4970840523337576,0.43335076149814056,0.35369469032746254,0.2796688506498078,0.23181618720708416,0.23078502293517306,0.31464369525486435,0.4304678681603601,0.49358750312800054,0.5073407900909251,0.4710678078639045,0.3812868134987733,0.27426503116024825,0.19164912680145765,0.1403657625875733,0.11016145174628224,0.09009379032072243,0.061635816161148146,0.020745912136477477,-0.029722910260949306,-0.0829724887753294,-0.1533632811576082,-0.25222149598723137,-0.38582061710714227,-0.5144727093339367,-0.5638768510176195,-0.5314743522040429,-0.4792104551789337,-0.439556093502794,-0.4188044776060015,-0.41031775575018575,-0.41582888632948556,-0.43080006346257677,-0.4551581290924491,-0.475003286439437,-0.47175305304944487,-0.4155763872498076,-0.3086563772608122,-0.1992123005037717,-0.13512403590889357,-0.1241373392316141,-0.1459082095358927,-0.1738233109665371,-0.18081840100966168,-0.16343506465514313,-0.12075998610338028,-0.07216674673409718,-0.026912410145715313,-0.003162254709243508,-0.019569217226376088,-0.07269565259049737,-0.1421753286651868,-0.171473331484757,-0.1677533975624882,-0.16964979365623908,-0.17413007038485195,-0.16546584121155955,-0.1350240463176688,-0.09280005472713006,-0.062117274535095295,-0.06549711268529641,-0.11813157448761599,-0.20272284689674652,-0.2816129329299693,-0.3005412269879815,-0.25943063735178284,-0.1907741252098853,-0.10662518672917917,-0.0009198545573660387,0.11084570329575107,0.19152558795953795,0.23778237861641222,0.28467227788571,0.3536522350306914,0.4400149284051047,0.5283643977999094,0.5973286927526726,0.63618001447643,0.6497398883421849,0.6604063595427222,0.6832892620249171,0.7173434264365038,0.747075382255358,0.7672913991363082,0.7693518791503662,0.7377927254047725,0.6792125996966907,0.6118752555348914,0.5528108195602562,0.5136157335510204,0.48421593365155613,0.4413066670902453,0.3663630031352778,0.2678163325914244,0.16348676455988384,0.06559525423906144,-0.014806848507963799,-0.0763430692506124,-0.13497054889286103,-0.2084231869941406,-0.3187822955926372,-0.465442721707511,-0.5802499744049772,-0.6182914933015483,-0.6162488188413531,-0.6034864523873754,-0.5781632623629248,-0.5328411560498715,-0.45505332331400905,-0.3392222661563187,-0.21213040059633623,-0.11729124618203325,-0.0737625566971109,-0.06237676808216474,-0.05927612035306973,-0.04468064724562799,-0.002211503808972888,0.07529370479061293,0.18484049607722783,0.30540876267936734,0.3950430134079311,0.4080751935475161,0.3357753724624621,0.2081752186819432,0.07064088406013493,-0.06011742095719173,-0.18517721253644023,-0.2808575291204422,-0.3255146952085327,-0.31855249471434444,-0.27114589279634405,-0.21252670333550122,-0.1646567780786631,-0.12626836132105165,-0.08108675048658068,-0.020177855668822353,0.06143380548170342,0.1550648611664696,0.24914648668992434,0.33174608744110456,0.39189713591216613,0.432057592235414,0.4608773665975499,0.47760298789140193,0.48225412764415104,0.47440745176346155,0.4579494377110685,0.44439739592941363,0.4437470249185988,0.4419751622669166,0.43085406399566695,0.4133023241660164,0.4026900346778391,0.4052280463390166,0.42268668804571063,0.44453265613356485,0.453889163784619,0.4347812298603955,0.3917679336730654,0.3371283282828415,0.27810572709631365,0.21302342972337837,0.12731795746716143,-0.010896900586807952,-0.1413852205883058,-0.20123690522892365,-0.21557698173268466,-0.20413645344289844,-0.1755765642137481,-0.1374819756032196,-0.10012873988352419,-0.07739176316610719,-0.07405963004133992,-0.08730994421132783,-0.104570521121119,-0.12402150638006448,-0.14494700964246307,-0.16289878316989156,-0.17532552646533736,-0.1830686869218024,-0.19396015346331058,-0.20546884163158408,-0.21068122058717062,-0.21426328129005517,-0.21199932893584722,-0.19647295653107652,-0.16893595789811822,-0.13240997831605428,-0.10340614939432408,-0.0931188648142841,-0.11009722631987591,-0.1456252857800076,-0.1838410072724121,-0.20726997043020456,-0.20905032700839968,-0.1928129040703441,-0.17134051281306933,-0.15301996579686444,-0.13260569253638282,-0.10337834784849595,-0.07144620909065727,-0.04873238106282837,-0.0465920664471023,-0.0662622362241843,-0.10065822188516944,-0.13210092437877463,-0.13133866272501543,-0.08522086676045855,-0.00660180124902197,0.061463483115387456,0.11008151395956953,0.1412427816930046,0.17729911142145338,0.21768427781426747,0.25392558183237396,0.2704315059773236,0.27021428865579666,0.25816916223606795,0.24983177957722585,0.2543622030010567,0.2700858814816717,0.28364969747707236,0.2948279906456998,0.3064022781444224,0.3237837368374841,0.3489305954277824,0.37758305055689423,0.39877668172589353,0.40078596402332123,0.3817469356567793,0.3479833034689753,0.31748782383075713,0.2992036190947778,0.2893114570983306,0.2852219169164561,0.2880476101818957,0.294836047230513,0.30434745904388477,0.3090318573277736,0.30888871776029614,0.3116417509334511,0.3199031444825575,0.33057870752752333,0.3398562348163182,0.3366192944920545,0.3112356012258046,0.26707081193193105,0.22047162870417303,0.17910898927255167,0.1419988262751426,0.10595438985769375,0.07000828134697172,0.03963101524456491,0.013421487328450757,-0.01663677145109096,-0.05532584859534547,-0.09692770361453772,-0.13734009213290896,-0.1844361773322665,-0.22680125166902992,-0.2527242263395344,-0.26362591790518136,-0.26904510489887223,-0.28321900830853813,-0.30430858734097166,-0.32625831781269016,-0.3476198078633388,-0.36702953684036177,-0.3754089329306421,-0.37601886804604784,-0.38631860935240775,-0.4155591818467236,-0.45711299566584146,-0.4897200461716492,-0.5095261798888923,-0.5162459164021419,-0.5082788192581467,-0.4655243371818392,-0.4082322103332029,-0.361339958583185,-0.33131875406673417,-0.3100469350595228,-0.2973159390940191,-0.29125456272075756,-0.2906976750801367,-0.2911628491589253,-0.2872139695325902,-0.260043228370211,-0.19966528193419225,-0.1185520939037322,-0.03435342540825705,0.03772983071947482,0.09012937715365991,0.12205077956885871,0.13348680467670618,0.1564789125254861,0.229525518020006,0.3451599038833746,0.43561196784451134,0.44501613999444106,0.3731319751479561,0.2834218568462809,0.21920802770381917,0.1875758777043093,0.1780049137576639,0.18187540273661007,0.19862837096642083,0.229682466706422,0.2863908548538481,0.36783648332750074,0.4725114581286805,0.5658448448319169,0.6065430699781571,0.604238393610878,0.5765563639305269,0.5345118316537657,0.47995699636360967,0.41445658592281215,0.34153872372843175,0.2783836408566349,0.2432415476881096,0.22694732659095468,0.20916900740002858,0.1891997670371336,0.17362568882918517,0.15935254541608493,0.1449992366765297,0.12497431787990373,0.08924569795331838,0.014782468472287862,-0.14028278852867632,-0.35181577925836727,-0.5208333462644262,-0.6182723537668299,-0.6648321620425283,-0.6877281406726594,-0.6931918166432391,-0.6884858759659196,-0.6687958409912,-0.627872965376774,-0.5517871927008831,-0.4313116605149143,-0.2817384984528401,-0.15693397350340357,-0.09303377294145201,-0.09479246332671798,-0.1496804210476528,-0.2154105561102258,-0.25253015694009,-0.26156541147179346,-0.26526727105877473,-0.28263484693915936,-0.31997743605882434,-0.37254598208594436,-0.43221671242828635,-0.4941662574944736,-0.5545884884913661,-0.6116945343682585,-0.6640079336811507,-0.7136098168279574,-0.7713497747793643,-0.839039171826401,-0.8952803568685364,-0.8721780350294046,-0.6653169975771673,-0.38971706509810705,-0.22503104757507186,-0.15838202872560922,-0.1406567311323526,-0.1407830541722437,-0.13895873849579365,-0.12163034620039571,-0.06040235985554848,0.08667208035369224,0.27602545883992685,0.4161281867930127,0.5035367675612609,0.5649246694489155,0.6169844670054523,0.658954421701468,0.6833413240565354,0.6854795113661455,0.6734457841337181,0.6591651756135563,0.6475855087842457,0.6379819152215157,0.618400616659472,0.5874003520891012,0.5575440206437215,0.5435200880069812,0.557924545236097,0.5888627573227179,0.6180926634276951,0.6377438609831194,0.6540446269578242,0.6858933474990008,0.732203451292021,0.7751213489552856,0.7965424421777285,0.8047601386476619,0.8098675633444214,0.8178386535913478,0.828911378014133,0.8384891690068942,0.8333670908457351,0.7991645684881377,0.737737668311546,0.6621280626736699,0.5900462725385601,0.5330416543951353,0.5011598785762077,0.5051216001658789,0.551095184757678,0.5944647483029802,0.5705892678306145,0.46482324745304654,0.31845191414561685,0.16961132044657523,0.03606838630305339,-0.09452866963185566,-0.23212699459703434,-0.36777930585631313,-0.4747952331361784,-0.5255177728763165,-0.5369593184828998,-0.534533947081515,-0.5295965572338626,-0.5274467019922288,-0.5311415471223363,-0.5386560695074145,-0.5520267244552748,-0.5703029773551981,-0.5935571526221718,-0.6174946954424759,-0.635880677572443,-0.6382132348243789,-0.6175944902255901,-0.5669680230929949,-0.49996104684490483,-0.4500501390531981,-0.4390903378711258,-0.4424194153858108,-0.42544049810541257,-0.37184049670450364,-0.2944053652417867,-0.23130659220561264,-0.2032295256793348,-0.20614026908459754,-0.22910434455578418,-0.2581515697855424,-0.29300282461782756,-0.3242210032586728,-0.3423825849181135,-0.3359020339663982,-0.3111201140773544,-0.2782416909875811,-0.23618820446113523,-0.16865387906480203,-0.06980909075047856,0.043980941921149146,0.14269666194910255,0.2121281860798224,0.25618632179641,0.2906268642997553,0.3296149481255066,0.37620748064921306,0.4245447741677297,0.46667634828209453,0.4991840972850311,0.5222468248575528,0.5430306920845449,0.5597244003118974,0.5669414768826269,0.5611619271392017,0.5471684315974121,0.5324841348083097,0.515645872822936,0.49894045551311234,0.48241047155115063,0.4642264738613096,0.4386722501848824,0.401436108699326,0.3581720459275821,0.31987722531351215,0.2891252797852553,0.25977707629468116,0.2375582933849169,0.22288225196776557,0.2072587219536518,0.19568464873496705,0.19720382050733368,0.22267615458078918,0.2808921023491558,0.3761313914217067,0.24816415607888967,0.010503630442675846,-0.10279822213659535,-0.17152772175019068,-0.2160399195581727,-0.24167837064058673,-0.2545922403302372,-0.2500991681644197,-0.23611715795030105,-0.2262491306422255,-0.22378087364930402,-0.22113572558667194,-0.21270931402307305,-0.20106921968597724,-0.18501156093789606,-0.16385615550721444,-0.13605774827012887,-0.10153204087247931,-0.06525346857391907,-0.0329128445767239,-0.012008299219082239,-0.0005813571578384061,0.008013832195037925,0.025627771223019447,0.05217569078323167,0.08716355143852673,0.11894903209599252,0.13998719294326845,0.16083945076037903,0.18884527606858376,0.23217696585519082,0.2989380643477709,0.37090915289287074,0.4359746425731651,0.4810948349974677,0.510593145928152,0.5047459797493437,0.403572446925118,0.22549413075802352,0.09139942228349614,0.026816044492319193,0.004328988218341329,0.007923145263150222,0.02466462060200843,0.038032043944314003,0.030379041672843884,-0.007583975281229126,-0.06247242922890079,-0.1244914572141353,-0.17623534047214715,-0.19954135302802634,-0.1819761899294482,-0.12956535162385402,-0.05727218146816976,0.019518051795804278,0.08534715989426263,0.12390246356540367,0.13421754424880944,0.12989648699050182,0.1248410088177653,0.12789142391147448,0.13140877219190614,0.1163050685656826,0.08332836406946442,0.046088077529323396,0.0073500460230825964,-0.024050297015143884,-0.05012316111766308,-0.04192402157757327,0.043799664769501805,0.20562731412333352,0.3542952537566282,0.429349990597083,0.4549192077216919,0.45258267027191557,0.4368648345769844,0.4182074076133994,0.3887258252458791,0.33441792941875365,0.2508136014433266,0.14843898254241664,0.04705185656528011,-0.03933060756956534,-0.11597989609028762,-0.17482033881077141,-0.2140456132424058,-0.24016735574412734,-0.2601820759575439,-0.29217484003243044,-0.34936032047053284,-0.42813754774852647,-0.5054489412688822,-0.5646559739286066,-0.5915987688474378,-0.5734090746293536,-0.5079994552130287,-0.41413809025565246,-0.33346354191911437,-0.317809222596412,-0.36106907256003845,-0.4195371053068301,-0.44854137472101585,-0.4319635994715799,-0.3917663803779456,-0.3489077589538275,-0.3142027779340481,-0.29182181673254237,-0.2987878288372194,-0.3320933744722117,-0.38233900965234924,-0.4255378833215939,-0.44723804029808223,-0.4415493936327474,-0.37612080057217623,-0.1896171665653635,0.06251711093037571,0.18628615254213052,0.2124005262871162,0.22449706915559572,0.2345817541241651,0.23207466883223896,0.23256350687836427,0.23357636253885514,0.23250764712751884,0.22548744724756375,0.2107996765152557,0.2035702190712588,0.20286635230289454,0.2125871360279511,0.23769887646531307,0.27007739607915315,0.30303856934439,0.3215198979050335,0.3237147507082422,0.3194923381493658,0.3202214273591423,0.33737081883662123,0.3652424653092846,0.3905392797898053,0.39997008631235714,0.39211614827900126,0.3802761967097858,0.37581300489776615,0.38005544520312273,0.39389759557549003,0.4213242190024376,0.4618718377483572,0.5039221330792416,0.5380651961589502,0.5653386081449735,0.5859744818733059,0.6040612274223961,0.6244944627425368,0.6507099472196379,0.6955207254335213,0.7550345610456906,0.8069197487213702,0.8235233703392764,0.8128666766658823,0.7846120410299366,0.7308744807561356,0.632482057120614,0.47639023886571674,0.28193754830373496,0.08421189135353803,-0.08090168467572682,-0.19929187115546448,-0.2675808604771638,-0.2984054628723367,-0.32505215301897494,-0.3660559484930888,-0.4171887500734713,-0.4662752834810501,-0.49756001663873284,-0.5132216742075429,-0.5224909829105444,-0.5303059950504547,-0.5301986701007001,-0.525719831802088,-0.5216132610069526,-0.5184016921443514,-0.5240431988268375,-0.5432224609963549,-0.5760298473531295,-0.6221174285683747,-0.664969050153838,-0.6755647196924951,-0.6419028895163781,-0.600542116809941,-0.5829021774406122,-0.5957975903624623,-0.6306814684183595,-0.6737738461408114,-0.7061195483910663,-0.697108749692106,-0.6357857935305203,-0.5540074937042159,-0.480793666744927,-0.4151547268254462,-0.34459884113853284,-0.254770749146245,-0.13560202260699974,-0.007394527381725376,0.095517660990909,0.18773448707123494,0.31356143803933106,0.48710465470395353,0.6550593789149529,0.7638723500565814,0.8214511075840764,0.8530534962290078,0.8707438258937752,0.8758661130477345,0.8696527278271512,0.8579722819858483,0.8469013190022322,0.8381457641569492,0.8304652967892724,0.8157166172982442,0.790948922405787,0.7516612484293121,0.6926759938852521,0.6192845188008193,0.5554730523711882,0.5101226003369808,0.47156747719845005,0.41318852246416693,0.30726369677149934,0.16013047132494426,0.03195972091572832,-0.02305939296027217,-0.010870321825884979,0.018511473334034148,0.026492281027101647,0.004652448681285252,-0.04009663326159221,-0.07732519526257411,-0.09226687785566784,-0.08633950579641948,-0.07008285158693299,-0.044431938295553974,-0.0165300329228658,0.017809233089387803,0.04795385982855888,0.05272956694792184,0.03011102249892511,-0.006321230436324225,-0.037920769051707666,-0.06799334530343185,-0.09611932585619185,-0.13409239631796038,-0.1857729031252568,-0.25364312119057575,-0.3424737082472193,-0.44263928939677905,-0.530746297314017,-0.5837111700751421,-0.603595358831669,-0.614133162283495,-0.6308729330337143,-0.6456077172458793,-0.6333595966058141
0.007572693729278351,0.02105617138856766,0.03310411369675107,0.03684835255910373,0.03565387248352532,0.04051521625303639,0.05944267414781169,0.09095523738760965,0.13963564838719006,0.1976079593171652,0.23825477429465783,0.24256568582507398,0.2177560095570377,0.17927455894615113,0.1400820981635689,0.09810869548178455,0.06192003093417325,0.036412735371890256,0.024321182618594908,0.02591126860727921,0.0333052777298093,0.03718958717169593,0.02296395087016277,-0.020317737174152528,-0.09091981069300793,-0.16051356870196362,-0.2035093665275674,-0.22407567477689677,-0.23145943870488075,-0.23995298015549066,-0.26763305313562,-0.322407122230127,-0.376685059996022,-0.39517622829011456,-0.36705784507576394,-0.30966120149134774,-0.23446588437619592,-0.16484084742480978,-0.11532921391033207,-0.08286876535469591,-0.05911384602831112,-0.03192412578240384,0.009998908292920007,0.0723409454199812,0.15458359335562624,0.23681851499513543,0.29533998598138334,0.3247709756587191,0.3281315330047574,0.31369999449848834,0.28969319698855833,0.25802804375481747,0.20862895401042741,0.12255806536847166,0.023000193601954832,-0.045563287584707464,-0.06407848250343959,-0.04180947198933575,0.008383028803617609,0.07351002039473939,0.14343800614100272,0.2008504890927108,0.22697383681777777,0.22019196960936996,0.2131626255306766,0.2350400435566728,0.27600959451975604,0.3219722302195214,0.35060758158489763,0.3495550086076627,0.32446640636274604,0.2887275434161812,0.25112217232242295,0.21880312902232987,0.19431609263047378,0.17864330013484817,0.1709319351069005,0.1690685360985346,0.16763473977693497,0.1638760253016284,0.16130403913275937,0.16686369212674054,0.18167411071728556,0.19959096131196316,0.20852389089696233,0.21519236818344153,0.2173642971755663,0.20161127274746948,0.15568242411810718,0.09024948042236357,0.03336500301517788,0.0025931975423057673,-0.00249083329316923,0.0021034741527245692,0.005010606052379883,-0.013067444435119872,-0.06714580815235353,-0.1545395023333315,-0.26239711368001095,-0.3315445152889469,-0.3459362501475479,-0.32822282328170166,-0.3012286669729497,-0.2609784606420444,-0.2153484568381779,-0.17036326714916605,-0.1311216380031272,-0.1031027788345569,-0.09458208220712291,-0.0980520343373038,-0.10218401093138767,-0.09426492771430689,-0.07516445901716241,-0.057907155741807666,-0.05227255982660691,-0.054125508802548065,-0.06199328520647491,-0.08220987087988108,-0.10820786595185347,-0.14029234055627843,-0.17904125131500623,-0.21789992782504627,-0.24921368370234062,-0.258510785240097,-0.24215667569283456,-0.20413489605493465,-0.16307078546378728,-0.12866066473599735,-0.10455734075341917,-0.08559960743940917,-0.06271398979127701,-0.03999403005976331,-0.02425484142786354,-0.009952378466342619,0.010909504751757237,0.052166457230566184,0.12808748516075036,0.23342616015963394,0.2912342781923251,0.27315002419374795,0.22062237859458658,0.18730638158827903,0.19551808925670022,0.2453355822272568,0.28144304854502245,0.27433541256352556,0.2288763587941666,0.17329196268324895,0.13094104516842386,0.09971443644550211,0.07808061724745252,0.060770545610010156,0.040359618169558915,0.03506327228313657,0.04171763437469223,0.05350436387741861,0.06878559408998887,0.08014679612015485,0.08336906182140419,0.07443906616185746,0.06308456239020889,0.06556417598547248,0.07752959832944901,0.07916522449751316,0.06750437539689383,0.04669950817171847,0.02371236114193556,0.005811594649839736,-0.0011086598005514287,0.012220099622233986,0.039062767051149826,0.05883589164324036,0.07258949132259072,0.07956186378165234,0.08127954629948259,0.0734966369321119,0.05965178322027057,0.039028491036435665,0.004336390995900363,-0.0397657037425664,-0.0803048488194094,-0.11733544934589908,-0.1465945716897692,-0.16664593005427714,-0.17944327509413432,-0.19232610161288768,-0.2072897888598975,-0.21460293737125943,-0.19521258618332796,-0.15305138875888638,-0.10871338102790945,-0.06862616636029123,-0.042443308043555006,-0.029784100066562107,-0.02099692646399682,-0.015217855012257926,-0.0208667060196108,-0.042651861235946546,-0.06899967945352133,-0.08712220532024785,-0.09331862546116657,-0.08340826250376596,-0.06454955552813306,-0.04125021196989168,-0.01929771117038781,0.008404889341619053,0.04535146477709398,0.07467793413612839,0.08101795264826694,0.06611217171526355,0.04876908225984782,0.04426434836226071,0.050407815644503154,0.06478333674543729,0.08417309269615321,0.11831540701553657,0.15956246837015486,0.1880588494715263,0.20389731353513063,0.20280323376855253,0.1838297191959316,0.15933025794890288,0.13646755855755716,0.11170305378993943,0.08345393839654595,0.0640223937212624,0.05163958109961798,0.04407485177531739,0.04433196178509369,0.052436779754577986,0.06719242628940966,0.08395029020726873,0.08970223917763563,0.07689140671095226,0.05847049552501228,0.0458003231218777,0.04145795640602079,0.03968079731939628,0.031168819041290714,0.015505239678610368,-0.005398953174342759,-0.024685137962609106,-0.03576387350266213,-0.03605903014964811,-0.031164634206776683,-0.026910797867042268,-0.02696549386980065,-0.030277560042192547,-0.03545755590998429,-0.03801368046880287,-0.033637958843350635,-0.01312687901281144,0.023644699676838597,0.07077357826906025,0.1087117720095932,0.11797569818162286,0.10394865452437056,0.08280017747070856,0.0679544200102679,0.06417515041422878,0.06877300446317405,0.0750080922174922,0.08163279076002891,0.09094704143660218,0.11042362428449165,0.12910726247281412,0.13488634784966075,0.13067771811579126,0.12190936775957947,0.10436864961450207,0.07972857806869899,0.05312073083614136,0.029815185605341757,0.009594656574658121,-0.010649806466430727,-0.02836074199349919,-0.04711730127446045,-0.06581356339073051,-0.08299344968940281,-0.09214150469301971,-0.09712467020364697,-0.10665206840407498,-0.12952145305217808,-0.16535582861663686,-0.20274167112618835,-0.21466441881467183,-0.1988738856551231,-0.1706365367734691,-0.15810938150000542,-0.15387964954382422,-0.14466141140548563,-0.11523439053772172,-0.07151225178937175,-0.03174451097188482,-0.005069791618322366,-0.007756061704592917,-0.001763371746924687,0.022642960178952676,0.0523949170139606,0.0972997625891062,0.16025502360906102,0.24540636239872946,0.33362474033894357,0.37967934709903495,0.37667159478994783,0.3635167444227729,0.3404987177443187,0.2883928301460084,0.20286632327119009,0.11038406737252876,0.03414579665463312,-0.021013892133801768,-0.05340444015927099,-0.062043246009831306,-0.04495832128510015,-0.005150524973229674,0.05650796215705888,0.12460532432462003,0.16828840875153364,0.16883034329834504,0.1327882662486337,0.08399683033554382,0.03756412822553952,-0.002589816647294655,-0.03443709269707837,-0.059780920632508845,-0.07910779431506766,-0.08556745158785922,-0.07595910649562672,-0.05981072919994093,-0.04809162358145533,-0.040093141730464354,-0.030270918952553672,-0.007382035962611799,0.04497427013246448,0.1560599298531976,0.3300754727630431,0.30755408103148607,0.2044998816301208,0.12213989587117653,0.0694703384358779,0.035854539400665845,0.019388795816778357,0.013223613931459476,0.007365870343024687,-0.008079719601339354,-0.029390565407839964,-0.0468879647400032,-0.049939414124724156,-0.04044254058816845,-0.029156193733872234,-0.026548345378557967,-0.03483956699712942,-0.052277044113212455,-0.08035870650779986,-0.11394108108513142,-0.1435474812249999,-0.15757153414963582,-0.16252667655265457,-0.1755679739406414,-0.1894681748981316,-0.19126240322768395,-0.16966651860750354,-0.10956347587123115,-0.03075517619890689,0.03500025268663394,0.06679461044672541,0.07043489896243806,0.0579141811129291,0.04614087842092071,0.046042552463595544,0.055209386479162695,0.04153523208327422,-0.011994562577057211,-0.07200251448178657,-0.11511408119354417,-0.1396773185172459,-0.14219822015674505,-0.12076462163338467,-0.09490302972201368,-0.07952162292383526,-0.08309830222624937,-0.08727934458912372,-0.06030241600920589,-0.012439748771087979,0.03961676101609204,0.08028168267811442,0.10685515598122725,0.11772564430396276,0.11895115430086317,0.11965366555315636,0.12473802902464098,0.1314608411808116,0.14060322367517092,0.14718809375705558,0.1587951472006996,0.1809398655319156,0.21530686937176174,0.24875957341906227,0.25349333025787096,0.22981631507762706,0.18945654817725333,0.1533727534773275,0.13123377009545684,0.12691435396120465,0.1411052260058801,0.16931905143038206,0.1993387261258066,0.21702298127832284,0.21636294599915754,0.20936361560004926,0.1917009847274127,0.15878256930284687,0.10921930081091705,0.057619365990110666,0.011172789995435372,-0.024524357359975647,-0.04530014460039131,-0.05567352845374832,-0.07160499219859386,-0.09516747261742425,-0.11282641726902644,-0.11744930266205447,-0.12106987491216632,-0.1369075664925049,-0.16167284551972497,-0.17710113258918256,-0.17675340923632737,-0.1687260523546589,-0.16285148008524297,-0.15882019359857702,-0.14962548059160896,-0.13931175713592808,-0.1326138996326901,-0.11436749143128518,-0.07776737522925753,-0.029934462648402552,0.010923581867697131,0.03783937740710234,0.0542118898896815,0.062175114347283865,0.06416714769323195,0.056773836569746945,0.03592565568569747,0.005333111906950146,-0.029378433984816127,-0.06445310139486132,-0.09808133521374945,-0.12289505994820765,-0.12139891157520154,-0.10031888883348616,-0.07366949598699384,-0.0489497803603913,-0.030651117381173248,-0.01893464185350678,-0.011043937955563288,-0.005607428223395713,0.006811959157775145,0.032398427085189876,0.0669722532528275,0.0993162155817414,0.11708178192871527,0.12340788898188994,0.12962845412324414,0.1585541098496773,0.20796157220929293,0.26477918247537435,0.3112802233503153,0.33624482693144625,0.3414271857300521,0.33078524184641833,0.3016130776123751,0.25627107061229804,0.20619038651121127,0.1619635312398427,0.13184522408737884,0.11770157129408879,0.11572052058021814,0.11036309745644508,0.08974149348877579,0.05414768407814829,0.012659132262317739,-0.015173728684919046,-0.010162959768952423,0.026293085473908663,0.08147568726317424,0.14547681637565374,0.12312287142285426,0.085509893199887,0.06739873592229498,0.06717617092351436,0.07544841104944103,0.0769336043641674,0.05851635055906929,0.016249492912955178,-0.029173786794951837,-0.060957065758309795,-0.08714718770399091,-0.1209128390914895,-0.15713396535909294,-0.18395385135673287,-0.18811065383447886,-0.17808196182402058,-0.17191414837185148,-0.175317034237084,-0.18904465249650304,-0.21441986865384355,-0.24832892257022024,-0.27386929243894187,-0.27134613283589076,-0.23069522045327626,-0.1776286801104258,-0.14161699146045537,-0.12619789690337704,-0.13380403577464833,-0.1578224816962899,-0.18042381777575303,-0.1909936021319834,-0.18294704452942445,-0.16946491128676194,-0.14952366909154638,-0.11855757053386883,-0.08870818979546762,-0.07488035662846504,-0.07632288970105691,-0.07942813149177484,-0.08271762624342975,-0.08734886965123456,-0.09368619892002918,-0.10545875935756756,-0.10735079732889961,-0.1071031569135871,-0.11295309876206806,-0.12506503282115422,-0.12700624510312955,-0.10789663260847776,-0.06366240230123273,-0.003130967950093715,0.06965215245060001,0.15431953584581867,0.22714653987948266,0.2513343002129372,0.22711583815742614,0.1860800154662911,0.1532332285079243,0.14211283510332917,0.15976882175813828,0.18537265885003612,0.1976946106947579,0.18980035240938292,0.16462820433402456,0.13182002453698277,0.11204648312100059,0.1138273324157773,0.13950488002535158,0.19067732268292614,0.24500576366268786,0.2853509260382948,0.3101648999264421,0.3158550488726676,0.2821632408461948,0.20602769392489362,0.12198244408669481,0.06242420541570497,0.03649147507185101,0.049664693817592684,0.09716433993979919,0.16404167235022926,0.21709256821576767,0.2475744219443113,0.2538225598306774,0.2345322755272392,0.20137074577181419,0.16883903618199592,0.1390324646523875,0.10550609031225289,0.06886996611440185,0.04318068020580104,0.03328575051033949,0.023153161219058593,0.011936149315739284,0.0018151292544957435,-0.006778905049599099,-0.0218257417996449,-0.042263935541802626,-0.05874205526834722,-0.060927078435209635,-0.04723045285036205,-0.030139228408836618,-0.015173476791703312,0.0008162043069068578,0.014144805372655618,0.008582137505239068,-0.016260581281115686,-0.049123120310912115,-0.08040112476647894,-0.11214452023508378,-0.13828465676898113,-0.14481709677557614,-0.1348103660918948,-0.11158158815005062,-0.09237038632265435,-0.08101579971954505,-0.061711642199586435,-0.03668845117397709,-0.019337034903680266,-0.01624096366173688,-0.023996478234684135,-0.02986513261906062,-0.017370977834064247,0.01121502131485376,0.03884643090661111,0.04567471171481305,0.02963704644124947,-0.00034118177321884884,-0.028811601499994816,-0.02468736378911798,0.009830041549749891,0.06035389763082589,0.09586784163478619,0.11878442191721854,0.13697185615116225,0.15479539594620326,0.16572408631868782,0.15600592147135867,0.13612099270136724,0.11365374066348116,0.09521459663236322,0.08341246406645791,0.07997937342556698,0.08126247983548521,0.07854469738899154,0.06318445090234122,0.042155202942664914,0.029317963788479777,0.02487112036253579,0.03271477250336786,0.048200396063939464,0.07119604378605307,0.09568400376365543,0.11703591866750898,0.13598019715422596,0.16059717082707275,0.19946469097767625,0.2390769066181175,0.2501267420292343,0.21007710952532577,0.11845311166326124,0.012863058206333943,-0.07023269476655816,-0.10777267099491,-0.10924285595871126,-0.08895550070467859,-0.06664534986938353,-0.05517182113596045,-0.059679609699445725,-0.07285992638679852,-0.0785579331718456,-0.07048857562329028,-0.05783225834867185,-0.0508150950037081,-0.05509284116367762,-0.06898930929255204,-0.08222466217159388,-0.09062176699163635,-0.09825293698114865,-0.11722591152166222,-0.16365926643059608,-0.21872102817301217,-0.24416765799095863,-0.22123479803646806,-0.17040271587897657,-0.11848510538866841,-0.07872187026671021,-0.05915678403147089,-0.06222369794145075,-0.07407913049270248,-0.08248014052345712,-0.07502766346896143,-0.05746974549959796,-0.04305677425695183,-0.03267234387124025,-0.02215910428277467,-0.010051797317621597,0.008055686058295597,0.01780891687972619,0.016348843812437987,0.010410329063136364,-0.001441659065072072,-0.02661360681552323,-0.0723515800313771,-0.12569497397359936,-0.1690850337551366,-0.18840296331742892,-0.15514223941290284,-0.09214190410289454,-0.040048931421171816,0.013844265637619169,0.06543732319218754,0.09569360678712052,0.1019759846086921,0.0953560768513723,0.09402927003502172,0.09575388033152966,0.09429774812148506,0.08782624133970077,0.07658175185926083,0.06809992459368044,0.06550371928479853,0.07333893699463724,0.09611408884712566,0.13568979318982508,0.19561242153100167,0.27001804678637653,0.3452221397914298,0.3940060948261329,0.385590773860246,0.30399705650201925,0.20735873438316035,0.13972787480536888,0.09539012582932613,0.05884466302696212,0.02730870980917919,0.00040054250908298544,-0.020312186841550034,-0.0338526786743936,-0.04026779170082455,-0.04271419908381048,-0.0425844572164796,-0.039406017787367194,-0.028792439645356514,-0.004505802912741314,0.026778251497797254,0.05431963980050408,0.07513368022359432,0.08660573756670181,0.07248487224557872,0.030161339162703842,-0.008468651293723936,-0.02658856460567383,-0.025357474458963566,0.0003156191400642701,0.03709122360551754,0.06766560988626633,0.07837371785610252,0.07146148215461418,0.05558847980200715,0.03172279862471935,0.015454203620663095,0.008313868574734689,0.004058405389582887,-0.007745077330376664,-0.026496001309445075,-0.04876857396249671,-0.06582679782822058,-0.08700560124940589,-0.11895712626080998,-0.15927964026551011,-0.1974505395084579,-0.21617990078713004,-0.2070974595336837,-0.18449907683345154,-0.165325266758124,-0.15788572392537864,-0.15469506490404056,-0.15081299259021258,-0.14162612430850008,-0.12684912673531176,-0.11722537906824737,-0.11427929692337722,-0.10887481465701351,-0.10770817056914933,-0.10926845988341022,-0.10743005633437923,-0.0973416958000596,-0.08210104811183797,-0.06753912813573569,-0.05797394242552515,-0.05231837185252756,-0.04658575733095364,-0.03343050101854389,-0.006066988127823117,0.03185965569201622,0.08231661821914973,0.14017769586314505,0.19352216853394738,0.2237173683648264,0.22864845741021617,0.22872137721595198,0.2362352170161582,0.24703339942461347,0.25990033134896223,0.2792450930133063,0.29936109438288255,0.31940352426096347,0.3274419437821943,0.3118172029048169,0.2740706468893178,0.23778417871559446,0.2253255106437019,0.23000209612050282,0.23435195354316657,0.22380938698075434,0.19157851288873776,0.14028195919000774,0.07616626455247778,0.008509570043620289,-0.048662782338366496,-0.0854091643038724,-0.09826393166304964,-0.09169264653475563,-0.07565263955924476,-0.061430809964850897,-0.05515314174911398,-0.059823823807790055,-0.06765687380616107,-0.0556048781259499,-0.018289984955590588,0.018747717698231223,0.037803189489150395,0.03491837768689097,0.013004511207756878,-0.016879899197234104,-0.04565703018186776,-0.05965417011453469,-0.052172711611218,-0.040321571368023584,-0.03935445335589441,-0.06400555114551675,-0.10983628386259177,-0.1603457544218383,-0.19274980347098003,-0.18469654771329086,-0.14565765349353665,-0.09939881263115558,-0.05976088042429523,-0.0310370525374522,-0.01749718699960861,-0.016410580808602093,-0.02547268668958153,-0.03837466329426637,-0.0480994247862544,-0.04738024993971633,-0.03165553520250339,0.00383671614287632,0.045136817835090375,0.07071600704248726,0.06996514729434494,0.03918621962838504,-0.0014953048547150705,-0.03241489290711042,-0.04831825673012096,-0.046057014573470605,-0.0352420889207781,-0.02199100808067389,-0.001846740104652994,0.037434750408234,0.11093822663302111,0.23147862820910248,0.37584870615059846,0.4888512272758168,0.5406340701812574,0.5121540402653811,0.4336973709761309,0.3535660415703095,0.29843444911142003,0.2511993533995931,0.20331444406481375,0.16481787627977743,0.1494550533892921,0.15820181037643025,0.18226012358801397,0.20238673289852627,0.20691429938056138,0.18772922568262734,0.14709309548230254,0.09005374137540875,0.03499996425001772,-0.002306455658542144,-0.015336930242602097,-0.001706591424418843,0.02711426899327927,0.04697536343818953,0.04290910024123008,0.01706528694278174,-0.019472074250304016,-0.05393873245177764,-0.07913442774171121,-0.0918610095007623,-0.08999076562234135,-0.0807684216435599,-0.07286093739457525,-0.07764673700395555,-0.09435348329508277,-0.1141023184212414,-0.1275278427553671,-0.12492068384313913,-0.10699757770344742,-0.0640435359067301,-0.0002880255201344382,0.0600117967022366,0.08165434918064704,0.0421428126033495,-0.008653130236011768,-0.03558998411338862,-0.036374570352921944,-0.011948599552449618,0.015064364912741837,0.02906291781434223,0.003988091607089639,-0.04748283769532293,-0.10352356730149526,-0.13893333344821832,-0.14658455138562565,-0.1315288018196437,-0.11071793633695244,-0.10075233350590247,-0.10741588858552525,-0.1261493170497534,-0.1438494342848666,-0.1576900153906083,-0.16865991812799977,-0.18277341460990046,-0.19342128233489467,-0.19300419162107094,-0.1744466969924816,-0.1474601062355756,-0.1161445523008918,-0.07549429246345747,-0.02220964267618271,0.05739901698988015,0.1608817326687902,0.28591606234718786,0.3582545595537832,0.3537774023337368,0.3167915512821785,0.2836076220451959,0.2618910875041803,0.247516600874071,0.2261106839104446,0.19044093239817964,0.15306439531942634,0.1148723047839889,0.07868487576276818,0.05358161905960917,0.03687137398299254,0.032428379364284464,0.0406998444087231,0.05236292378628213,0.06580543027120292,0.07672941945683233,0.08284518473488148,0.09257805245027137,0.10362500791632151,0.10094286856878416,0.08367384070873128,0.05310775433585481,0.019376379122468222,0.0001969735302094302,0.003184986692291244,0.03293640229639242,0.08320746096289497,0.12844060210261862,0.10546198480638976,0.04565560120671497,-0.005920922704441004,-0.04256352073159807,-0.05481953831826184,-0.035172352497927856,0.011560734346743439,0.07213015437034481,0.11270338865319204,0.12043381483624317,0.1056578910985164,0.08336194677952112,0.06629029101996936,0.05828510638734554,0.06061053781153004,0.07273808902959158,0.08783839251793261,0.0967747407753535,0.09106643960220046,0.06691312565386552,0.026098504133572925,-0.03233771675820447,-0.10087236248089108,-0.161496875243186,-0.20105201124389027,-0.22195151754396406,-0.23326312159048695,-0.2453780447446526,-0.25608174612277607,-0.2715707136963834,-0.27839388443607643,-0.25879051107250156,-0.22527237209048837,-0.19735070081739392,-0.1806854620218857,-0.16530239697060825,-0.14542356701230916,-0.12494977102742014,-0.10843639708744914,-0.10048074928789656,-0.10016888117070354,-0.1063365375168149,-0.11611364401053391,-0.1275307911332837,-0.13135463702537212,-0.12076193196904596,-0.09470978481849082,-0.053055894469673875,-0.008969036854024849,0.022817168042151684,0.026077870042207137,0.008459260815956814,-0.013123655120734934,-0.011998248996247228,0.022516327920737097,0.09219066446318545,0.1616970151049158,0.1999303969724096,0.20529701539543047,0.1893455294746369,0.1724544810942024,0.16568565622452042,0.16641702058368646,0.1652003507113415,0.1627358379331308,0.15938923900626273,0.16129835524634462,0.17749047006548782,0.20623281108514555,0.23192255286984886,0.238330295045778,0.2208493072965602,0.1849534415225228,0.13929331912009402,0.09697702759137843,0.06967734075189105,0.0615722414931474,0.0662972523800709,0.06919643476468615,0.06330526406831531,0.049791885178577744,0.03686112750251058,0.027874512368797694,0.019001593402456485,0.0025050652392709137,-0.02984920322873556,-0.08429464058583248,-0.14892993361426027,-0.18400511277174936,-0.17323731444941162,-0.13453937572801442,-0.10192737946932705,-0.08183913050999592,-0.07028398749378509,-0.05514810294801512,-0.033629749386029015,-0.015633852601729253,-0.009021390153357253,-0.01625262375277905,-0.030159987259226195,-0.040289195908877896,-0.043546164579354014,-0.04635261361836189,-0.049871992946000865,-0.043364315018835,-0.01983523405861059,0.018944450376451913,0.05554135764029503,0.07446459604987381,0.06870268162502742,0.04555760057222989,0.016580616122180557,-0.007585922436682763,-0.024233135049952396,-0.042246719331326454,-0.06881357118129458,-0.09546261040300577,-0.111742457654858,-0.11623613895577073,-0.11611643152214988,-0.11933105727447822,-0.12291283541284181,-0.12740833425676765,-0.12574744284951406,-0.12043202008360285,-0.11777228205302011,-0.1214981238790201,-0.12570705209182007,-0.12545020652374858,-0.11392897877695547,-0.08373331367352642,-0.03871795628665682,0.011740770776936757,0.0691617334620251,0.12917762389302218,0.16868660470258828,0.18430224172306614,0.19925856419664417,0.21994079085634755,0.2522643384765546,0.28749740592697376,0.30200270572198556,0.29040361886667926,0.25962126871423025,0.22702825625222003,0.19987884045775892,0.17956414750895774,0.15988985314746262,0.14081922040586697,0.12698223589386295,0.11942684765923496,0.10825651534063743,0.09583392181313885,0.08118584566196847,0.06974842317213989,0.06684000923057086,0.07157582317589362,0.08291345841695436,0.09444637461767946,0.10608920598962092,0.11440987977555957,0.11972557698660617,0.12007766218495823,0.11207324478795999,0.0935406328218023,0.07426108136897275,0.061192603490993,0.05226973193364428,0.0415161280247398,0.028716905575539242,0.02084853347456138,0.028288961530365853,0.046133415442092936,0.07672573348195004,0.12099347386272487,0.15730667875100368,0.1644456856413747,0.13938067007078286,0.08909204937624773,0.029613304140071087,-0.0204536690206044,-0.05707846675039647,-0.07886001751805301,-0.08357115126008453,-0.07163744608464474,-0.04318313512556645,-0.00468171873247738,0.027708369035150823,0.043969985487816755,0.029180910192000375,-0.00423279379513929,-0.040508932849900266,-0.0690866245034774,-0.08467742937428743,-0.0931497427268189,-0.09561739411186265,-0.09558660142177408,-0.0982267982486218,-0.10731517461995255,-0.11724978568069762,-0.12506174558037586,-0.12494665147724447,-0.10983726843471209,-0.0771231573521431,-0.03457144185274863,0.003095254333917217,0.02401104060792915,0.02348706304582951,-0.002331479624421695,-0.03588254494115347,-0.05409930391204935,-0.05867865073811034,-0.0530628787692391,-0.04295421159703893,-0.03527113103178612,-0.03174934650550786,-0.03018748670668159,-0.020832879249344897,0.0034670100463219835,0.04976153341525083,0.11734184121090166,0.1760622952559239,0.2049398973378563,0.21781515355114225,0.22890661685211172,0.2454063283541256,0.26015955555819936,0.25111269032047456,0.20850881546659408,0.13135302743621402,0.05103325370488476,-0.0022249995939445286,-0.024001334119848422,-0.025648202772830475,-0.01138147080118554,0.005424384254357416,0.01921571947058586,0.02249369239779612,0.02160610384631378,0.021311379134967244,0.017711293588932576,0.02303811114697234,0.04839160430453866,0.06969484867186777,0.05277748959673888,0.016822357283263974,-0.0138383333102628,-0.03569012143293795,-0.05301296129471813,-0.06928195595392107,-0.07882518073335251,-0.08109240361198837,-0.08035406408217602,-0.0756536216101486,-0.07234941564545327,-0.07604471006259264,-0.08523203784064812,-0.09283270727037841,-0.09415192780301407,-0.09178051265837626,-0.09524821760297182,-0.10969428802860813,-0.11549914677356428,-0.06131139636208553,0.03769364583338858,0.1372279849721401,0.22191633421318804,0.29330106355360586,0.3457425232264622,0.3797160304120195,0.38728962456449334,0.35940051829491093,0.30281626627709085,0.2376831076077946,0.17231731867693215,0.11316707891732905,0.06101965621265423,0.03903920409045658,0.044198427297351475,0.05005568799107553,0.03645828460944473,0.014382943457412261,-0.006754159454783115,-0.02083950690264395,-0.03452729311506257,-0.05230169090233697,-0.07452669126886437,-0.1067454416252448,-0.1442271374153565,-0.17613925729016822,-0.20924329956436724,-0.25048625044605144,-0.2822194817537326,-0.30779730839451036,-0.32992833518144715,-0.34980185967668437,-0.3632678799253751,-0.3326371837241776,-0.2452491168636371,-0.13079811109177975,-0.0426595917021048,0.008636654497136445,0.032911673763325815,0.05108703203814186,0.07820985609468659,0.11042023838036635,0.135626936818448,0.1420354478753618,0.13316358254591368,0.12819404260076417,0.14139073427002466,0.16556806972686777,0.19623834865622033,0.23855213143265042,0.285887281934701,0.3214067322627433,0.3422546902506694,0.35850007193608785,0.376055039115722,0.3647503885411006,0.2773669540749677,0.14500167479264559,0.04127201648059415,-0.016245264586194318,-0.0417379862365281,-0.06257348509748838,-0.10043678227855153,-0.15016131037606462,-0.1853916130784678,-0.21127000284039588,-0.23875278507698505,-0.2697780686657907,-0.29325381116019505,-0.27790351098395366,-0.19970700711812428,-0.1124250808069213,-0.05140145731932427,-0.024036187269880365,-0.03137356512675219,-0.06476313336668175,-0.10651672818581014,-0.1370678021931073,-0.14924539693243083,-0.1380710165788522,-0.1111209613865183,-0.07678264592513281,-0.042746028235160535,-0.019812957546170844,-0.021242203101995306,-0.04443253811083758,-0.08058160593015348,-0.11659343187959588,-0.13161265827338187,-0.12048453936470982,-0.1023628268252916,-0.09111298075930066,-0.08931221974937296,-0.08544672077873212,-0.07074758234438751,-0.03437262736703205,0.009027087083154292,0.0400216275940574,0.04866549081283316,0.04928930701333294,0.04450568701472822,0.044590679265128275,0.054010491676837614,0.07228682641076832,0.08222979503436331,0.053190646195305745,-0.006516979439567816,-0.049616695413559495,-0.051568970814337055,-0.02291961596945483,0.014543606731206662,0.04688857373416821,0.06225766790100002,0.06335060830885403,0.055213586765096495,0.04633870092532459,0.03497333223792699,0.030725536108840032,0.049022750544037645,0.09397571968141977,0.1487007359942397,0.20067029055343025,0.23819938380013397,0.25147971785079015,0.24724758987341894,0.24133697372068122,0.24266239647979582,0.2517084647567347,0.2602012428644446,0.2646623242446235,0.27113675511140195,0.2756629193544716,0.27107703283370277,0.2377128143709524,0.18411476030605878,0.1346948084570721,0.10528694712306624,0.092772953704614,0.08449819162119551,0.07772448661572505,0.06814877241644521,0.05598791281671851,0.04512351321857351,0.04024088430052382,0.04168781791204864,0.044003964745316815,0.03911554490222112,0.02991155116222924,0.014794398189001107,-0.0004946199854487996,-0.011935201709779832,-0.023278622179852087,-0.03656527953746966,-0.04396295887963351,-0.04302315647724955,-0.037946870975099266,-0.03537047647712,-0.0358820553211766,-0.04327852912937434,-0.05412980728124901,-0.0671261294845481,-0.08166874476462156,-0.08867740626337446,-0.09262048833366492,-0.09210671725377108,-0.09526744527968554,-0.10163058534216206,-0.11160773347578166,-0.1217201008344465,-0.12405097055346868,-0.11862445580320838,-0.10396352179497557,-0.0903565743007654,-0.08741405909417403,-0.09880945217367419,-0.11086301314500982,-0.11947201245223961,-0.11944435117999203,-0.09964563591352033,-0.049452762308336264,0.026650304485599338,0.10624977262482913,0.14723214672786386,0.1476196793669034,0.12373522406264924,0.09221631521551171,0.06618167755994661,0.0431260457144415,0.02176549751675207,-0.00753315014162537,-0.04179305631791443,-0.06012316918453883,-0.06678266864299562,-0.06477411780505847,-0.056769138586150555,-0.03820654094416314,-0.0127721628151426,0.013193805583016551,0.04649980923618033,0.09408385803853228,0.14003611807923408,0.14479445304181895,0.10343845755395117,0.052820028913372674,0.017978811281465886,0.008407594302145875,0.02272391887852926,0.04895559356777181,0.08381237364528552,0.12181181455093482,0.1458438420509455,0.15892633690291272,0.16920442478337114,0.18414026140074127,0.19534412928667524,0.19561466766538946,0.18476917858980427,0.15561967244991484,0.10656513573701801,0.05269008552809547,0.02218261869246023,0.030883987679907552,0.04822582715109381,0.05835110323732319,0.06243292555495507,0.06640602191414,0.07760761910362533,0.09775076349879465,0.11740789466309395,0.12425207263344536,0.11376034590097646,0.08869590260056695,0.04611778556268761,-0.015053050174578827,-0.07220213393334163,-0.10258077869262892,-0.11611357148346212,-0.12397351779164993,-0.12989244291675658,-0.12713050261226852,-0.11155128607079147,-0.09257698708083531,-0.08526729139401101,-0.09087205538141158,-0.10071106908755649,-0.10274636905249147,-0.09230658621681644,-0.07489186981156462,-0.056866786139528586,-0.040714537130318466,-0.02580132412057426,-0.008894257083159838,-0.001829453324334839,-0.0040266355548509184,-0.018664397713986296,-0.03880443762518499,-0.0539429818423322,-0.06078129236201093,-0.06804514605387148,-0.07408026508814672,-0.07781848195482675,-0.08607260118629655,-0.09575359356893885,-0.0939713721286297,-0.07811160304370596,-0.053466816652453134,-0.03404117389945404,-0.030915015569737744,-0.03939798108637158,-0.04013009184576684,-0.027784723832236947,-0.010519259813386174,0.002961607588182372,0.01016823287544198,0.007279707800701709,-0.0036384771558643386,-0.008910108049330569,0.017233639585813806,0.06412411964367354,0.11771014636255753,0.16698921682080692,0.20450138541342264,0.23101874903210032,0.24277120392919863,0.24440283569496124,0.23814566409516175,0.2339946881139368,0.23495604759733796,0.242568277699882,0.25506171058361155,0.2730667171710432,0.2885991455191589,0.29876234045989436,0.3091038463613048,0.31902460772516555,0.319049701024153,0.29124846919258485,0.23807838195107106,0.17947699889048271,0.12997385008457132,0.0935094081561546,0.07473722559341663,0.0736820029992301,0.09179400599322116,0.1176979017768758,0.1256061681243953,0.10691589638005392,0.07372395800000961,0.040236813802504365,0.010353806430354297,-0.010078404800058503,-0.013434154055394394,0.01799034425070428,0.0336445979021105,0.029524122374723936,0.019611741597093287,0.006147326956896512,-0.007187363150191209,-0.023594458486170224,-0.0469953445289108,-0.07031773771441682,-0.07997592131052787,-0.07003961120029564,-0.052349718073577155,-0.04230995595476156,-0.048775990553730254,-0.07664929381117333,-0.12319666807277835,-0.17690859480431828,-0.20896784049167993,-0.20675662886131366,-0.18280282857927652,-0.15789532876871798,-0.13761099579156824,-0.12631920883337702,-0.1197373456934003,-0.10582752313347756,-0.08393481788394468,-0.06543942347350293,-0.0627322432146511,-0.06671601792323259,-0.06716512007617584,-0.0559615262460492,-0.03868621234004794,-0.018959925980923917,-0.011500581332378515,-0.01896056553364696,-0.03165062754518311,-0.04054691872998498,-0.03983641786302245,-0.03198654988979865,-0.028299927334895548,-0.03190121938305677,-0.03673905722622826,-0.038233483365171024,-0.03392237299229696,-0.028038803421373115,-0.025744959677599964,-0.02933196250452087,-0.0370900167553747,-0.04286319158933595,-0.04661396089761684,-0.047187188919358414,-0.040872669070753896,-0.011983498314724037,0.04967426045955641,0.12706652455663403,0.2038063383201669,0.26440175078086103,0.27871801951795866,0.2464470691986682,0.19169348457429,0.1408151779685966,0.11009991139464281,0.100558715164716,0.10194701326572916,0.09780547409620231,0.08355179361334167,0.06604319628173475,0.053743197454176946,0.05047975992206483,0.055523866790329106,0.06252048775677982,0.06430925824891558,0.06138026056566588,0.048666909319730944,0.03393731899284806,0.02222433889713539,0.014768256880381933,0.00028488126347132073,-0.026349199770909194,-0.06021329705399731,-0.09247901557971766,-0.12501539179825785,-0.16063806991285748,-0.1961129130144151,-0.22335894399459658,-0.22371888889569816,-0.20291413248202755,-0.17178620734432945,-0.13218036435834044,-0.09492283886540356,-0.06358480339661021,-0.04805264011844024,-0.04421927293149103,-0.04934416206274741,-0.04772193256063853,-0.03299581571542856,-0.006063555911402018,0.02276505110442406,0.04111892708745847,0.04307697342362857,0.02477985653696016,-0.0051514417927960516,-0.017953459084397373,-0.003325586686251796,0.024387730358497922,0.05063184086048644,0.06500498946026285,0.059448152656427944,0.04805568096260386,0.048612829233867706,0.05758811045791966,0.06407236431392715,0.0688564295711992,0.07114375472610865,0.089720918032009,0.1276053931109048,0.17684805600802123,0.2172568243232682,0.23957931748756603,0.2328857764999719,0.18683133405561927,0.12395012306915601,0.07288069738374287,0.04394251836511072,0.02147495693869712,0.00032318091414681554,-0.014551054250956303,-0.020355716766246833,-0.02318445598779578,-0.02220452935065388,-0.016471061468726712,-0.005609094425413182,0.01948234025383997,0.06236853953900432,0.12456864203320342,0.19448589794234092,0.2563451069800584,0.2946702805243361,0.2976718104346544,0.2731064589856857,0.23468338287452967,0.20124294999334724,0.1685246144543638,0.1388150480992472,0.11534924312593932,0.09715427873390532,0.08543118912480063,0.08090255635842394,0.07126489695237367,0.05343773795658545,0.03999785453987355,0.0315878245408493,0.022027720710187527,-0.004675013550167677,-0.0482749435043704,-0.10289735836907833,-0.16349909035638668,-0.22583941461117754,-0.23131350238144185,-0.2077790998059501,-0.18726251851567122,-0.16185387170575144,-0.14158995580294662,-0.12244301711491783,-0.11304109369750094,-0.12532036947424888,-0.15415752478383085,-0.17612986480839454,-0.17062737902011854,-0.13916527811677032,-0.1091484201017407,-0.09594721836612437,-0.09294267694638557,-0.09570392812247622,-0.11128841815095429,-0.13492497207646117,-0.160802486833874,-0.1623670296511076,-0.12585782709531856,-0.05233286780627195,0.01849447045261527,0.06949116992934558,0.09161410048161936,0.08135528557919008,0.05853384105603421,0.040381178030100454,0.03816668780846107,0.04416068497744406,0.06395391703248704,0.10412201296468286,0.16825766683192286,0.2252202267631643,0.25168645539580514,0.2677196372083581,0.287814735259261,0.30707005824002964,0.31351225571998426,0.3163871288678727,0.3456179850351984,0.3882579349317444,0.40574403582067364,0.38998810409406026,0.33863712831232734,0.25980410556339073,0.18915165804855166,0.13528547567303068,0.09769604496958638,0.08411374016416168,0.08538174711632865,0.09287112946548635,0.08946104228186039,0.08024623740726153,0.0749684244171533,0.080579682177813,0.08789217041815273,0.08809429703571663,0.07884211038017166,0.07358834725475157,0.07942326630262503,0.1033540931967367,0.12795949380178528,0.14066747114172687,0.1350908477458718,0.11465837738490318,0.09446344304033648,0.08276175610710368,0.07777590112261658,0.06843733150503394,0.04927737615863165,0.021315436443775548,-0.007990488543701551,-0.034071857058642165,-0.05017620131088861,-0.060938757736522846,-0.0646058772053355,-0.052845576444245757,-0.031163580275431684,-0.011503670780791028,-0.022028430701528195,-0.060701512841550044,-0.10892269888525884,-0.15601309100433286,-0.20292021976314864,-0.2489822459132408,-0.2673779584850425,-0.20976253715550972,-0.14509999250647077,-0.13541676702350214,-0.14954959495361117,-0.1478338386550474,-0.1201474059803315,-0.07475071831990891,-0.03323864238928114,-0.00729985366561996,0.0046051474133727436,0.0033886126173241094,-0.0008788355912835962,-0.0015132913447477969,0.003343018993461323,0.010152428600881525,0.017995369707081356,0.02479729725507928,0.019989732546935774,0.004318108015366509,-0.009802079106209846,-0.01583617951686373,-0.016674159132657598,-0.020285305332883946,-0.02974497607788989,-0.040460274680570875,-0.0462483270457853,-0.046110349564970364,-0.050195971230986715,-0.058026972815137294,-0.07049146758797051,-0.07800037453624561,-0.07154146462990277,-0.058385775658471174,-0.04086738591607542,-0.019588066461320008,-0.003627137275651736,0.005787873662040115,0.007350729859760857,0.011983119006754679,0.024790606038224902,0.047914255075488806,0.0697310295116228,0.09532989535542229,0.12563881549512018,0.15758908090828447,0.18434963592676631,0.21511089458902619,0.23725640358555558,0.2362433626834366,0.21502666181270783,0.18384262308599297,0.14866774747277703,0.12956926148784323,0.1409073451215044,0.17822572128507227,0.23429367627053663,0.288904154954648,0.32051007220951655,0.3157555906212731,0.2797488198585224,0.2231230343871617,0.15693814520546165,0.09446446010878033,0.041660004239223176,0.005286017997861141,-0.018951629521355456,-0.04859877220277111,-0.09277334840011175,-0.13997045013239903,-0.15849788877539112,-0.13271702815839714,-0.08284102552616082,-0.04114583942114801,-0.03023830890136859,-0.06656694421281413,-0.1128937926414142,-0.12317509425566588,-0.09536695280499234,-0.05528430428570133,-0.03029017631238325,-0.024177076917317585,-0.03161709799615353,-0.03929596057510465,-0.0318266970874145,-0.006758425038099957,0.026339590703513167,0.0591980740386742,0.07863319167878627,0.08549981637153171,0.07800009993335955,0.06054649361843687,0.03394189884872042,0.002661769950495387,-0.03334917996538881,-0.07340356847686587,-0.10995138370453857,-0.13630026154363326,-0.13518449760208973,-0.09851932141906783,-0.04570223707470852,0.008986073623147994,0.054324970924190315,0.08006552716222053,0.08350458935468257,0.061117479459542094,0.018969519324734604,-0.026074613727284063,-0.04282481742513709,-0.03343697388957705,-0.018187754613118726,-0.021802128145327337,-0.03611113838783333,-0.033035356186079584,0.0043720974106109395,0.049272245039959695,0.07793450684708642,0.07956562404734525,0.050642738070019205,0.011443569063157901,-0.02824741885445646,-0.06499714143623171,-0.08662176663866863,-0.08478665704285573,-0.07604880442044736,-0.07555564874596693,-0.07768853406185539,-0.07310349190199693,-0.0621065350521238,-0.04858176552719731,-0.03394181329957134,-0.024935805676299532,-0.02168706799540087,-0.020580911046142254,-0.006119199902024487,0.029132729556042913,0.06959658664884748,0.08904907610088733,0.08338470317996573,0.06599432576379333,0.05043103338290766,0.04718656350076127,0.05185040499560637,0.06064827919424296,0.06769067714711884,0.059425310415580974,0.020335107508685203,-0.043250550042486485,-0.10205320406055557,-0.1416216171782713,-0.16159315191600707,-0.16018805604152167,-0.14095204808715928,-0.10833148701781604,-0.07247849329380668,-0.03937586346662663,-0.010834880093537176,0.0037396505595849085,0.01073262785367744,0.02586759318971592,0.045755339473151066,0.05591049732597035,0.047911016743754045,0.02539908613841903,0.0019223844349817397,-0.009397837076983807,-0.006293276365731459,0.0005021382551398479,0.003161151436769477,0.004286688202834008,-0.0044681205999214345,-0.03911144354739098,-0.10533887047229501,-0.16637106488761078,-0.1781231560359751,-0.149099208923053,-0.1074238519822295,-0.07273350725746168,-0.04090060368930242,-0.010092228905455032,0.012435708172398481,0.03341414161752564,0.04836896166428034,0.06401735284407309,0.0918440382113436,0.1379074437080151,0.19321864135311514,0.22890027019488499,0.2487367324053957,0.25789265427337776,0.24777609789602076,0.2279982714332735,0.22610147799907343,0.2460660152998013,0.28016701513419484,0.33141171491204213,0.3568147848925622,0.31708587659869736,0.23663160529855637,0.1701507028954881,0.13095704186614376,0.11787715660476816,0.12789578061815784,0.1602590945243053,0.20168419627750075,0.24570439534744548,0.2845856895061797,0.3118116434780174,0.31988352564082234,0.30384655748134276,0.2783859807696519,0.2542638561566347,0.23200164170407792,0.21124176290419505,0.19466444584217601,0.17986070607851343,0.16378627572592888,0.14263971766986247,0.12392306877486822,0.11351350336702548,0.12290578950889249,0.15396904774091866,0.19268401066801052,0.22130419927801273,0.23466308621852236,0.22059443879442173,0.169974364977662,0.11065906105360619,0.08064530815884852,0.07274166837112296,0.07169227625575536,0.06008167414671538,0.0237960386999079,-0.03833168090118711,-0.11988342466670869,-0.20348142823869098,-0.273620712826338,-0.3264881090246959,-0.37253497009462994,-0.4029161976931499,-0.39476041198815,-0.3490444595228551,-0.29574829658821694,-0.25473570198414924,-0.2319405220840753,-0.2174846687981826,-0.2126545622269583,-0.2176203358313758,-0.23302329051956108,-0.253103013945297,-0.2676139502085107,-0.2672783393305855,-0.24935644239159718,-0.21689254823763318,-0.17917160660753867,-0.14737048337921013,-0.12835893524403286,-0.11685775754602339,-0.11408556271093476,-0.12493629706123505,-0.1473286165490346,-0.1653745009575747,-0.1690628819025919,-0.15241678055344343,-0.128467534262207,-0.11207805761664151,-0.11072816111904452,-0.11679052924090093,-0.12298440375672488,-0.12148860081470976,-0.09632639517272573,-0.021647745527607898,0.06533857154556584,0.0836757393441926,0.07439635125142334,0.06441984222272511,0.05895547490739609,0.060575047595350026,0.06449243346232493,0.0743190291196949,0.08626885489561073,0.10069541763147793,0.11106589300906326,0.11103361511504138,0.09764423065017476,0.07547509807108163,0.051352596946580675,0.036547339186753354,0.031057142715501824,0.03893183139615562,0.05454719333648331,0.06962960522131721,0.08615091678311568,0.1039287367727295,0.12075529663545322,0.13574935385435666,0.15807124446834667,0.19238505363912917,0.2288013409592622,0.2154415829848287,0.1614310471575334,0.11956663061632594,0.10354799684071796,0.10559971495395941,0.1240820970789497,0.1492941988176203,0.16848017099287138,0.18474628360225706,0.20246254647171452,0.22048021434417533,0.23372920420298648,0.23374979172455876,0.21279496877883938,0.17462473283282792,0.12904998844017643,0.0816268644065926,0.04239311733940809,0.01846068144549754,0.008424462336890173,0.007617107063660752,0.0053938287755562276,-0.001766353835474877,-0.017248343618069602,-0.028595600448955934,-0.0339396433175305,-0.037420669268406315,-0.044562039122267985,-0.0567748348635021,-0.06846832004536045,-0.07826917268955265,-0.08348386144270391,-0.08246740738312049,-0.07983134224267152,-0.07987305903021673,-0.08195042425316487,-0.07871976000212899,-0.06288593811866894,-0.027550975437963466,0.03063668101079883,0.098440963433707,0.1536991250720848,0.19067809156118595,0.20697181505418294,0.1946855408499236,0.1412647102210751,0.06035486855229204,-0.0062593134818332286,-0.022725713368603608,0.004974132883334112,0.04720177487403525,0.08976751633583152,0.12050128202199391,0.13302287247583894,0.12057869980526528,0.09206772698228427,0.0701402593356896,0.06921470142889022,0.07667509321569631,0.059872983704579864,0.030327428168355108,0.013265371177332225,0.007245081746561893,0.010553102600911272,0.018625542475796206,0.02465994975190517,0.030622126737980346,0.0381301654648882,0.046452236132847866,0.06202497840185412,0.08776796366681697,0.11635649861931402,0.1435101003796588,0.16127322344202077,0.16509235468068822,0.1619454320242793,0.1614405511098589,0.16600775014862673,0.17362823756616458,0.18007104293324638,0.1885664333791798,0.19387681747533964,0.1890516664160012,0.17737238732839636,0.17120547492545413,0.14779357980855068,0.09318268169217062,0.017102381243949194,-0.025752985356343086,0.0017128420050946543,0.09810889871757073,0.20489128161148168,0.27882104512097833,0.29175733868809983,0.2151980265921196,0.0919406298172527,0.005554239271426929,-0.031011782530892363,-0.0381153958709016,-0.030199161540910242,-0.02502725286012881,-0.038093296647682115,-0.06501133467878914,-0.08619311594117415,-0.08937391126218273,-0.08039395829636668,-0.07567574976075143,-0.08446563504429357,-0.1082087860663691,-0.14450180398505483,-0.18171777199921293,-0.20602066395366753,-0.20951496334598332,-0.1956710513058702,-0.17503030641724066,-0.15810146006920148,-0.1529095240671989,-0.158019757695914,-0.17261290544285696,-0.19433007974849834,-0.2199541820803091,-0.23204697927303725,-0.20727456629585816,-0.1586878765887327,-0.10042346868181774,-0.036556327431578946,0.018858789605758913,0.052326760080251375,0.06006507039253996,0.056684693739252674,0.049685754296532283,0.055682620318065444,0.07874487670492286,0.11692662992160253,0.1865178327922535,0.2984925697445478,0.3556260180578374,0.2931870043602866,0.2182167306440945,0.17280663596950938,0.15510501373352067,0.14167738611822328,0.13025961531538016,0.12908525396518372,0.1370818165509457,0.13927930488342474,0.12902149204606336,0.11614247477503775,0.10381941667285843,0.09542966540388957,0.08313754065627281,0.06678713989006524,0.050841684206111605,0.04044823704455035,0.04165168223390042,0.04938598941449593,0.06248281746217875,0.0662403968537143,0.07543441365408998,0.10252175831568187,0.1400758826724114,0.17864948730087146,0.20345903991502676,0.21399449959827133,0.2188177469862659,0.21359450061138474,0.1905385297515991,0.1468169611797416,0.0918200638540938,0.04261333795548248,0.005300416718640774,-0.025782049281260416,-0.054490997405366746,-0.074826932232383,-0.08245331945537471,-0.08018662875803706,-0.0793820607589783,-0.08731755392559935,-0.11057081263693284,-0.15451031185852904,-0.20346279565924627,-0.2132955531425482,-0.1837966970997797,-0.15896311224756215,-0.15408557507746132,-0.16179051449755968,-0.15770205982109986,-0.13015494695980664,-0.06836245342682057,0.00615535079293091,0.06717836876608253,0.1010175565468542,0.09456059620295328,0.05100592634379948,-0.01156274197563731,-0.07771011814583437,-0.1358743176963736,-0.17347950925106115,-0.17945895090827418,-0.1587731566829033,-0.1331384936493869,-0.1145019609333782,-0.11740476207159889,-0.13231883697124416,-0.14788091121631158,-0.1508984667873005,-0.1477092470234646,-0.14120466927952138,-0.12919321853172103,-0.10951104331371533,-0.07333713300078204,-0.03208324896895055,-0.0004064686938969169,0.027078971901507196,0.0927591911400034,0.2409557372657378,0.3725720253595176,0.40154011360670583,0.396295512562761,0.39961244997512724,0.4119523117847127,0.41975461004843295,0.4142392380776092,0.38214595829315223,0.32010783597264614,0.2527628933013385,0.20619253879474214,0.18590736037564531,0.1809293187020802,0.1794207200813769,0.17447634061856457,0.17061134493567645,0.17073444034771865,0.17249417543851375,0.1722810804530662,0.16833709175093337,0.15931641716331682,0.14312701374253564,0.11788640749124282,0.09433564680408543,0.08486947727877535,0.06892334441767778,0.015370838721398118,-0.05299339751766604,-0.10160438604095651,-0.1115163348900808,-0.08408660993687896,-0.048537203966953865,-0.0303407474854814,-0.037390313309455726,-0.06898979115404025,-0.11761874471141023,-0.14953371378126148,-0.1398017749191925,-0.13235435735790133,-0.15695428386953944,-0.1919219767974195,-0.22702207253748394,-0.24233737967000468,-0.21466219569152792,-0.15217253175961107,-0.09959752712107521,-0.07138794177191417,-0.05939363418668993,-0.06003609331504485,-0.06394861455644305,-0.04881728385755603,-0.022216688862902477,-0.0023946811459574064,0.002723761936081119,-0.004514784705053873,-0.006941037209700512,0.008150627754926792,0.03837622535353145,0.07100722712951098,0.09309895339223169,0.1045433463086129,0.10731875440894485,0.10058296259090496,0.08670651644411141,0.06908811891055085,0.060602955490601976,0.07806488973884898,0.10204935481444755,0.11044764043291541,0.10237409359704762,0.08861996357699445,0.09807965055040654,0.13426920386337526,0.17685489644389857,0.21190871362389066,0.2201108218975488,0.20451063958477014,0.1791462647559403,0.1460310540534232,0.11527362296220259,0.10959039116813021,0.1363859129294847,0.18508541922561983,0.23201443287897047,0.2578782077408208,0.252448969927525,0.19267001329085626,0.08293919841435071,-0.0021075573449681733,-0.024510590533299233,-0.004830775605290698,0.02560042378396045,0.049767279630549825,0.0612986488685546,0.061453264906924696,0.05491207613860934,0.04025416237402796,0.009086309219202246,-0.036052112027103095,-0.0810607846699028,-0.11153162061291699,-0.11407957033656607,-0.08418421726464552,-0.03133855527369824,0.024690419292768353,0.06573094060198371,0.07060489454970208,0.02415035204987874,-0.06278079704655096,-0.13872461979965606,-0.1811310787021942,-0.2033908256800942,-0.2114190702434304,-0.20160548598283942,-0.16754568345357923,-0.11858385294798623,-0.070798893750801,-0.03295144792416023,-0.00023789474525529766,0.020531429375837365,0.013340158113624498,-0.028367237319768104,-0.07802432537040811,-0.09773568425308868,-0.10601079649937299,-0.11829530350514555,-0.1269598459564844,-0.11917215954111268,-0.11078290156048896,-0.10712069050263996,-0.10247589589036042,-0.10199169579241771,-0.10920730285361185,-0.11165523037336693,-0.10812011018104285,-0.10182897691687691,-0.09796886288732853,-0.09674081854086408,-0.10069604972646011,-0.1034370621802832,-0.0966004289910143,-0.09496713909077667,-0.09713602088548995,-0.09074533322545746,-0.06692532990073775,-0.03323953561735792,-0.00016715878392583,0.02294696420176611,0.036318767069810756,0.041870007942776004,0.051982039119706086,0.07058573305943273,0.09215576424343282,0.11600625379898076,0.15989607925016935,0.23955091152152402,0.33089036307784514,0.4098636017671315,0.48361062450234243,0.5518656400839125,0.5830413980076584,0.5777216095350817,0.5729904840571366,0.5593789043239284,0.49602064167638626,0.38541003140307456,0.2841368013574849,0.20093453590558688,0.12254556489428843,0.04204917926572992,-0.012053686332846347,-0.030553221584160014,-0.04072291823465765,-0.06358418907190762,-0.08666580374325329,-0.10051821544079646,-0.10539113827327601,-0.09878111994668098,-0.0776046756804063,-0.04866601407906022,-0.023884428627519144,-0.00865677858603849,-0.007092831084652385,-0.014761953755810612,-0.029058077160111554,-0.04470982953962502,-0.052173744859753624,-0.04376156177862734,-0.012962968930104355,0.039436958618184935,0.10694480062511043,0.1784231377593466,0.24603000990471732,0.30750254166465674,0.3519691480976982,0.35544653874548066,0.26440623505178734,0.15829667411651407,0.11519631399724183,0.10373277333531278,0.1132670837835796,0.1336136183723592,0.1500411150543241,0.1586869507574475,0.16011703999909493,0.15359298689600534,0.14397006814535013,0.13991245976346986,0.1351219964129842,0.12048780437743717,0.09468181269500565,0.06731418119418278,0.0458050868157646,0.033872670272432535,0.030579639630911985,0.025420018368849582,0.009239475735483194,-0.014543176781602099,-0.03663031071018707,-0.05410982049594338,-0.06950937800111961,-0.08117183305969823,-0.09093774833464005,-0.10794859446074608,-0.14297035788947712,-0.18651752468857233,-0.23037089470339506,-0.27677706951660447,-0.31728433950013973,-0.33050674606314273,-0.2966874889131019,-0.22233178468464468,-0.15980881148581244,-0.12467886642069909,-0.11014496957016416,-0.10854982105628722,-0.11960413313667816,-0.13201025764776958,-0.1241556463564008,-0.08529972597123057,-0.02686577248154209,0.025073363729783592,0.06514646773225377,0.09606905633916195,0.12400961468739788,0.15998311037727944,0.19645702055117512,0.21674556697890426,0.21824695733525323,0.20124473844963767,0.1868486593433793,0.1764699663148366,0.18310320187715234,0.21522792184130204,0.272587842839985,0.3326454848735483,0.3713002455030108,0.3800744434194815,0.36807978915980666,0.3452789911996286,0.3229555231648576,0.3038641232821694,0.27914596095923633,0.23676146383301175,0.18224049292698832,0.1360591183304308,0.1070705818352085,0.09359117504978612,0.0817112540367993,0.06898454224701371,0.05387994704839144,0.026062325786107975,-0.003270528939849196,-0.004333257474130024,0.006666375575807563,0.025145802516870763,0.04068974902868488,0.0181255432413279,-0.043180001776470384,-0.126776792690568,-0.22227841899382486,-0.288656087063175,-0.28841669835254663,-0.2400901078322535,-0.1833138956060979,-0.11851915083137697,-0.02988388907067562,0.07696135372086632,0.16760182839356355,0.21529482404095013,0.20378541298883732,0.15241043526604264,0.1002806170281619,0.06847362637077595,0.06118469105373996,0.065041281158935,0.059403559355319914,0.01869546796143672,-0.04947759826714884,-0.12692911475944885,-0.18617689783324246,-0.2224205638435993,-0.23582135892620687,-0.22203922114286714,-0.2084804816653135,-0.20986151363969377,-0.21436587235008825,-0.20576393192776393,-0.18972598969009338,-0.17976319130440846,-0.18699704165334682,-0.20754545372265,-0.23817004021152513,-0.2690916686200003,-0.28124097229884165,-0.2678152309400087,-0.23433854504028578,-0.18111674970009461,-0.11962677877085208,-0.06563538735223888,-0.019730779423693785,0.012151293357702736,0.029754567919316473,0.038627362567178594,0.05155939238664324,0.08367096891060136,0.1190925170819232,0.14337777366770418,0.14928404249286759,0.13925207640939358,0.12815550495726283,0.11422393120940115,0.09910665970374741,0.08632730570458451,0.06620853736299688,0.0394832240830676,0.022019423119099733,0.02318583650137379,0.04499006863419952,0.0803860056954861,0.10734514876547958,0.10853837234180463,0.08486818974993578,0.05811056732105223,0.033226779776552716,0.008279619258728428,-0.0144304083158762,-0.026608099452156888,-0.03330952146083668,-0.03567396479120601,-0.03248618702303287,-0.024131895738473626,-0.015228009681250295,-0.006687329154322183,-0.004373215938402963,-0.01233018937531091,-0.03196600997281424,-0.06263262972605863,-0.10057096035135643,-0.1263999272410245,-0.11659175596180632,-0.06884365916731644,-0.03141372395052187,-0.015602905166730557,-0.008636992858173738,-0.0071377334408641155,-0.010875040415819362,-0.014802426794579602,-0.01050266681587862,0.008749447518547811,0.039518069949346424,0.06864706560713991,0.08582464398426724,0.08859278835998986,0.073758321432514,0.041551007030488314,0.0020371335592674145,-0.03433614296374884,-0.058308755267873845,-0.06361616049913303,-0.04772388549811544,-0.013570131207635188,0.028807239688444366,0.06651583459508092,0.0897094702436842,0.10165482221507877,0.11485175658684535,0.1219027076263536,0.12071350973609636,0.11886642083326328,0.10909782479613837,0.07785031428844762,0.029764761643586657,-0.032169416631337336,-0.09403196295282283,-0.1251498932926437,-0.10226893759251997,-0.017886462649641593,0.099706048197322,0.197485602676673,0.20633442085847845,0.1496659483775711,0.10053455742958581,0.07293491054620196,0.0641317408731583,0.06724414598867355,0.08283932608908581,0.11538578924223057,0.15333469006973924,0.19331974921176834,0.22382633062264196,0.24124553926682285,0.24776570693301128,0.25005081343274493,0.2539832258907278,0.2505211794881219,0.24146129446315676,0.23578432638914776,0.2399251667184421,0.251931470971661,0.2600619923029544,0.25512296081442865,0.22776568796246244,0.17429456695274603,0.12064966142836897,0.08210937559843427,0.06587559895408138,0.06724849069425051,0.0777681427446225,0.0911342892534082,0.10582517271971231,0.12940584964868657,0.1526429147337029,0.17013810761725434,0.16919810158171508,0.13330786488754703,0.06504954457074014,-0.005206239522700738,-0.04654147275128333,-0.07681564958003663,-0.10231847747285454,-0.12177077386216997,-0.1314696901940043,-0.12698612224302236,-0.09997615671492284,-0.07316027386508123,-0.07735578544600115,-0.10789786509453957,-0.11030987697424136,-0.06811300415649223,-0.01354706039337243,0.018175886049114347,0.01880169221223297,0.0018563566059087505,-0.019903468677287896,-0.04127173639462686,-0.061619147647177984,-0.08827652378070189,-0.11737788176143056,-0.1493096114777467,-0.1854562858337683,-0.22103143458036845,-0.2512735560085486,-0.27453711687012616,-0.28970403629993713,-0.299102805618424,-0.29322056871931657,-0.2595572291562154,-0.2028495773858503,-0.1502889621464863,-0.11509900088227601,-0.09027794817425887,-0.06923770833667331,-0.05380122754326243,-0.049015976660852036,-0.048332345813879955,-0.056802859790696894,-0.08035661719417861,-0.11546112712436807,-0.164680330042499,-0.21471411544064684,-0.24200006853434503,-0.2224834758793106,-0.16577720934083043,-0.09808537192303297,-0.02884591123258005,0.02987256150049403,0.06597804764153904,0.08259792077406741,0.07764305161335859,0.052791823551783135,0.01924592532454839,-0.013916851607563778,-0.031798403689901104,-0.01957496267050366,0.02054478862503616,0.07386390948086159,0.12720729711162757,0.1696325553960913,0.21329581843152587,0.2617987724301952,0.3191128931084195,0.37281199798767645,0.3937615191286542,0.36115791931092855,0.29425808107583074,0.23006870173387076,0.19293169790334985,0.1706132391211395,0.14859887470042182,0.11889278283469669,0.08841420721276418,0.06604713005309512,0.05420479277204334,0.04800899058971403,0.041510608051316795,0.03849437517370841,0.03346274683368966,0.010383331054886893,-0.09302999905161279,-0.1867117302823513,-0.17541391449704397,-0.15073214410995994,-0.12604396717565713,-0.09859124542958088,-0.08011974844455412,-0.07114000787331186,-0.0632219075153884,-0.05005172274733966,-0.03134402368009576,-0.01189502491451359,0.0063814561586039075,0.018680987491678833,0.018117636034627696,0.00452824633786507,-0.009051145626093396,-0.01377610236758842,-0.007787638035885249,-0.0010460976566267503,0.00515851707144975,0.013297516095078673,0.018765772054264655,0.025992139025040443,0.03556475850749794,0.04809597631299239,0.06696510817190848,0.08616932694298694,0.09442540818180188,0.09153420413347527,0.07495261375239338,0.051905826263005765,0.023486299742509584,-0.009478638504927694,-0.03720234020249811,-0.038986533530927445,-0.015445264647250902,0.015539018471352015,0.04448700661548313,0.05824203441533678,0.05519661040723429,0.04375271120759228,0.038614137969552195,0.04226333786703956,0.05581294421881479,0.05641235740413975,0.04503616338714425,0.029206506004270483,0.024757280102180784,0.03126621624346871,0.04316401353955746,0.05021170200804172,0.05742682498373407,0.0698075964058095,0.0868213225935908,0.10869142420431636,0.138046894380826,0.17696376049051596,0.23283319492432367,0.2995075185810873,0.36469656731143596,0.4046661856332912,0.40614279143967685,0.35657622022765867,0.2734335898142558,0.1981700858569054,0.16067706479624472,0.15730670761481524,0.17084380657404133,0.18915381944204107,0.19991214370907015,0.20240384597313865,0.21675747219594896,0.25473811472000085,0.285711060745765,0.2818597131497334,0.2515101195272218,0.21440563353953437,0.1718983039843401,0.12321154707840024,0.07320009614835064,0.022920574826149103,-0.031191712053553186,-0.07742041078432513,-0.10166849755676827,-0.09830805380765612,-0.08805280256245532,-0.08378948996274238,-0.0854331129266841,-0.08208393141064536,-0.07579259202148762,-0.07355750650220308,-0.0910931303269957,-0.12320862372625661,-0.15556449599251457,-0.17448093171708615,-0.17355822554767675,-0.16496617739664957,-0.15471082591665156,-0.15488363814706527,-0.16093230322132995,-0.1635546739590592,-0.1603597891937966,-0.15317732849199914,-0.14595031997844463,-0.14854687998429553,-0.1641587498791568,-0.18031186825045187,-0.1877135601047843,-0.1728478671927328,-0.14373856727893886,-0.11399196409161141,-0.0967645486370188,-0.08922848661140535,-0.08192669487289826,-0.06766727548107283,-0.04595967930076922,-0.02456090534315325,-0.0016003088296717588,0.01876984040609528,0.032968141560240194,0.031807915073236805,-0.00146062510739709,-0.0533349680413242,-0.0925592584020238,-0.1128981893815267,-0.12317068463604207,-0.12932242084651288,-0.12950136844058832,-0.12078084247627155,-0.10151573767736963,-0.07224424160805756,-0.036173086553846386,0.0027067211899965407,0.043998256140839694,0.08187504715204634,0.11153736879048691,0.1304321278104412,0.1421446379701221,0.14953327900634913,0.1561726428813372,0.166064495226331,0.18051590132818074,0.19964276277418377,0.21577608854653,0.2196823992998667,0.21436568836550884,0.2068862082195,0.20506394615806328,0.2090096512933985,0.22132837866278704,0.24878221854609495,0.2928202513418508,0.334072295712966,0.35739327035211377,0.35633569130120923,0.3193494901032857,0.2529593535956052,0.18149588907666545,0.12238623950438596,0.06766327055386465,0.01577065065505518,-0.022469958117413244,-0.05357540714249545,-0.08293205791038202,-0.11774284584323778,-0.15210687194651373,-0.16520854181885447,-0.1451132244070084,-0.10559293507979141,-0.06290673844905005,-0.031283097847079604,-0.011651858805194351,0.00022196225191098334,0.004931681244089338,0.00495671137202377,0.0025557906356870855,-0.0015688466275697065,-0.008373520154734915,-0.021131438222616972,-0.03632947377586521,-0.03667663276753288,-0.019272325993233468,0.005101762115183779,0.018886489977700063,0.01124803381570051,-0.023544867553737046,-0.07184167530906248,-0.11171610303913083,-0.1273946867626146,-0.1093887350704676,-0.06727547891727807,-0.014834745733547422,0.01930272513803648,0.032141521764961246,0.01789659859606747,-0.02217990438623595,-0.0685164468508577,-0.10386578430312889,-0.12769918526948315,-0.12897530816625136,-0.06728543104167303,0.03622839844518803,0.12083317786631582,0.1586838748776071,0.16820947266452266,0.17670665297227828,0.17532889480077007,0.1663563694822548,0.1545174333368003,0.15159156023443385,0.1640714924382193,0.1881435609686945,0.2037688013636185,0.20495447913083087,0.19591275628283025,0.17720863480198135,0.15399528660435674,0.12447726188094745,0.09866882513026251,0.08250789526401557,0.08228679212697836,0.08458961586840501,0.08140766264231719,0.06546315181689599,0.03377094223047646,-0.013953465650828287,-0.07200536405270255,-0.13643555655897327,-0.18907582981767576,-0.2229992546410124,-0.2286059297252816,-0.21185758037695812,-0.1748062008215043,-0.11497989643935326,-0.04140955997832918,0.013601180709290187,0.046047147700179945,0.06479238558232744,0.08204578244259643,0.10074541185753527,0.11973793065316368,0.13525214142922437,0.1442338618761491,0.14800134089838657,0.1366854905864179,0.11162068702152343,0.09056672030724444,0.07775309447771071,0.08026562941330205,0.10002471894977506,0.12874082000144235,0.1542250009701535,0.16827844750903292,0.16956441604736272,0.15592064752477558,0.13307681812733652,0.10255864678518135,0.06149945888892601,0.00549005509865825,-0.05947828556831887,-0.11219205405933742,-0.13693154417119383,-0.1411621889141656,-0.13864159615876734,-0.141378166381053,-0.14940773590674422,-0.15676177789361934,-0.15624771057131148,-0.15538103066523326,-0.15422351212137436,-0.1528492583141016,-0.1538092014919217,-0.149385038229491,-0.13830368450051336,-0.12223031179240618,-0.10624458412935575,-0.09469182706806724,-0.08907160832572333,-0.08614141870960176,-0.07965976316194794,-0.0654556694424756,-0.041045309864071816,-0.005829217932219233,0.042153338069940136,0.09453497278482445,0.1470409463906141,0.20090856058443707,0.2635396203732185,0.3380814571131034,0.40540863303042146,0.4471777168594437,0.46018580666602144,0.44905633601145445,0.41877562475817925,0.36747668716352705,0.29265574687118434,0.21036441881943105,0.14493936691796416,0.10932427509610157,0.0956597507608708,0.08988411046173496,0.08180921838537074,0.07240754098946678,0.064527598898987,0.0565308573514246,0.047623439582800006,0.0429626672376528,0.04114236862562337,0.039675246697171936,0.04012505254047305,0.03876240739793841,0.032950433487552,0.024804998090473453,0.013052157837071265,-0.0034026615099866956,-0.02454304701307615,-0.04922104845876263,-0.07397128856106631,-0.1090385714621659,-0.16087817493989454,-0.22106679848497027,-0.2716371127953953,-0.28406568811872956,-0.2580041236042584,-0.22405993827487897,-0.1946306842923977,-0.1710497177137681,-0.15607071336233427,-0.1539986112001023,-0.16386745409517936,-0.17497095889405548,-0.17874158204304266,-0.16079708443514062,-0.12342557695131737,-0.08748945880563043,-0.0710252297932404,-0.07505798784909047,-0.08953029974506932,-0.10026561587152291,-0.10185802552663421,-0.09908850990585871,-0.1012786750591633,-0.10492664439205657,-0.10228332046029663,-0.09728628832971668,-0.08775655253306307,-0.06720091091367636,-0.03669252119661026,0.0037513728767339985,0.047096082462870906,0.07570584365710509,0.08994034342907321,0.09419933540430327,0.08951198858759395,0.08346195013826799,0.08225843649179378,0.09041829785121552,0.11409042747917812,0.13345266927174732,0.15165741801363297,0.17245740294638232,0.1839726062454373,0.1763130474985957,0.13986373795687748,0.10034527531222688,0.07103859931797503,0.05957413626757178,0.06428193176625044,0.08059734344163835,0.10973764989446867,0.14617952203024528,0.18694805687765964,0.21766498805852455,0.2350954642691875,0.24051020294595488,0.24478158769026415,0.25887070315519883,0.2863810550992018,0.3205594911731676,0.348334402947099,0.36198676993452067,0.36008291164972855,0.34475266258080806,0.32699186677274666,0.3164703579073795,0.30602289484327894,0.28288659150847945,0.2434452822784645,0.19131213103841826,0.13559852087803242,0.0798596883082707,0.019548131017642127,-0.03980937862062252,-0.08914050152780059,-0.1331702138015784,-0.18381081779565261,-0.2513493162533882,-0.3537722293957721,-0.46679358204347116,-0.4649464694496,-0.3999752184715311,-0.3471953607026731,-0.2955182777019926,-0.24574830009615728,-0.21070424500837379,-0.18659890848210722,-0.16574457794053218,-0.13936892999774994,-0.11454473204831687,-0.09029745543953648,-0.06129504925843554,-0.03607223748714545,-0.021403276283164286,-0.016070193968903905,-0.013618614281185564,-0.009060725398062927,-0.007279728198890675,-0.010259842508560064,-0.018279997776211736,-0.028212601564136255,-0.03832355336058451,-0.04478685269184855,-0.05429037427848644,-0.07206980905309224,-0.08825071119960891,-0.09268264365910293,-0.0895794728276053,-0.08976677862818695,-0.10082546491882988,-0.11752248024012277,-0.13626437936052216,-0.1400670624952359,-0.09109878053008516,0.026662462168161805,0.15306544414645665,0.22788199465547818,0.25494063412850126,0.24295147659891964,0.21915967175455742,0.20164935309603174,0.20105455774413866,0.20682128875055264,0.20548855721894202,0.1886211933932091,0.16484546219442459,0.1448187354244021,0.13143645699521245,0.12007906542347734,0.11224704460527889,0.10511258100201835,0.09413266182137293,0.08187121579258635,0.07982835815724497,0.08830794826614773,0.0963774812488181,0.09886122966150208,0.0955607970353351,0.08666829615358819,0.08170191361376108,0.09444605868138208,0.12830076879408356,0.18717939945953677,0.24497379545832604,0.2683647567598803,0.24613377044002643,0.21074226136274385,0.1825546380593762,0.1631711098236449,0.15686819316167586,0.16102532571032935,0.1591005190280969,0.1446898202986598,0.1213124068709266,0.09462121266695889,0.05912921957359656,0.004408472434872959,-0.05968252263689778,-0.14116258087780248,-0.2044527118533135,-0.21630936256288702,-0.22321333010617359,-0.24792832524058944,-0.2738882398416841,-0.27602729676490495,-0.2543425202789162,-0.22047981605055741,-0.18863337515244133,-0.17484328466626162,-0.19481183681567155,-0.22366114324965505,-0.22362166887825172,-0.1902688109507781,-0.13707254358677795,-0.08671631151129107,-0.04354464093996949,-0.031248561998405484,-0.05540682709398633,-0.09037032205918576,-0.11440174670624872,-0.12404213339575139,-0.12984919563093017,-0.14184946280873997,-0.1516488736636273,-0.1519790035559975,-0.14071043402993103,-0.11966112433412208,-0.09328346463873383,-0.07142101999026876,-0.059334413479931285,-0.059721291754104316,-0.07115731323841505,-0.07634681005697654,-0.06683946021214969,-0.04929033067350701,-0.02924614101918184,-0.014700205347681225,-0.01678156138215622,-0.038570583605736494,-0.062196097503954495,-0.06890012313449448,-0.0552382639333137,-0.022937686387627387,0.013365729726559066,0.03885142628789338,0.051916659774625694,0.05644550712946595,0.05265494302609342,0.04825701096024646,0.05272267155068959,0.05217659488618492,0.04842648125539361,0.045097756051370314,0.04536666193961859,0.05452772144781827,0.08051744865638143,0.12244196839362877,0.16311709654440706,0.18107912851749938,0.17346239215213205,0.15949446930894232,0.16259943242296088,0.1898923217235013,0.2431108228231087,0.3215415851929717,0.41698922771881874,0.5056329347604784,0.566930561942869,0.5615237108180253,0.48138182262414914,0.3772700052141249,0.287433557493066,0.22257324230159942,0.16998133877319604,0.11079132569435815,0.036468066498677024,-0.05551245671680012,-0.12582310046489498,-0.16360791621987048,-0.17584860555974152,-0.16984415732507593,-0.15436012856900272,-0.1362265186419129,-0.11563138023262809,-0.09034365270264365,-0.05765706873414384,-0.025820078196551757,-0.00454533281985465,-0.009474484573831453,-0.027611800105991745,-0.03794536476623835,-0.037185118564073104,-0.04190275017317469,-0.05548250854158846,-0.07426712756254841,-0.08581568647051208,-0.0854581626927972,-0.07460732487172468,-0.060030633838758236,-0.047405066542988546,-0.046310265337239566,-0.04632115499167253,-0.044305796486743536,-0.04211096312687186,-0.04477217660175966,-0.04832952370500397,-0.04876794748281667,-0.04685463944309249,-0.046170414920117045,-0.0469039256098929,-0.04013352829740593,-0.024630570150730908,-0.01636588265521295,-0.01582324761913013,-0.017392571737385742,-0.01409884284105325,-0.004799622709991915,0.008656849354172358,0.017960775280488,0.016164737273002827,0.007968946923190416,-0.0023616632329614084,-0.00898855400221428,-0.00865771865377659,-0.0015897913872571427,0.014585023869669282,0.04560334873405197,0.08556346605309001,0.12888766334341273,0.17256614076231636,0.22019391535343089,0.2760633352495049,0.3282508200370547,0.3527495630697192,0.33444993350816304,0.2863962703018087,0.23321908448424608,0.1870880034410886,0.1518873070748155,0.11848818321647499,0.08455812444957883,0.052270408639363365,0.029979597007785935,0.026418353778401828,0.0426731495971655,0.06854704936393291,0.09238118579692059,0.10585194784505364,0.10748215383531966,0.09759010207231839,0.07941736619553662,0.05189497765331044,0.023834538583511453,0.006001636186209805,-0.0026787293127521657,-0.015504993124142889,-0.03624160875891882,-0.05508701674211905,-0.07423765526701892,-0.09324868408133455,-0.12195073458995118,-0.17858557909938064,-0.269683735835799,-0.3631664907052982,-0.42512352321081415,-0.4368111419343518,-0.404109054300114,-0.3507781354597445,-0.2990656298469187,-0.2358059614713621,-0.15647123709089422,-0.06856729194980306,0.004335552227485299,0.05301040106457171,0.06952137256162072,0.04506309834259766,-0.012641843429396183,-0.07276635680719107,-0.11285109078264804,-0.12501213138633796,-0.12072286073939009,-0.112063344615882,-0.10195791325797525,-0.0829937021565668,-0.05563309758194021,-0.022383094566005,0.007974935617262062,0.028303480146078513,0.03948462109509503,0.04630945784410878,0.052982008428824626,0.058748117870762326,0.05619216899908541,0.040528082329975575,0.014064604864931135,-0.018221039680885405,-0.038182610996089786,-0.03822720234371289,-0.02003530621921637,0.01785540089879793,0.054808867297042436,0.0729589269377691,0.06410056353390801,0.03965670220213895,0.03523258298363346,0.05929857585837777,0.09855655937805054,0.1360600899090711,0.16971432881929496,0.19471039619580524,0.2079562561004644,0.21184738106814957,0.20651724028537832,0.19419419162869217,0.17447821791541906,0.17128105439057945,0.20296709470423463,0.27021989615646885,0.3462799984243812,0.4029187768910805,0.4436306169610156,0.46595387459335325,0.4577646418521681,0.41652317277060624,0.35120252995236056,0.28894211234233635,0.24117838142145642,0.2043023486617079,0.1748005573368336,0.154044775845068,0.14890128955549378,0.1486165857312812,0.14098566778385613,0.1284442562938208,0.11557786853270045,0.10413701428578771,0.09035174457770548,0.07654045685256744,0.059514202584566966,0.031212037069100716,-0.014546175855613111,-0.06850914171633482,-0.10648107921866443,-0.12070263644886768,-0.11842040443314042,-0.11309946347804714,-0.10988521051880219,-0.10905989083118403,-0.10028424427561555,-0.08394170133818335,-0.06771412038129124,-0.0552687035854375,-0.04633415312341099,-0.041860512195835815,-0.0444012619658602,-0.04943199835369718,-0.052756254251606446,-0.05409440740576189,-0.05498152347445431,-0.06208032283230068,-0.08690991330294608,-0.12637360342148554,-0.1614422229189666,-0.18570155229394458,-0.19622331809090762,-0.1924273688351743,-0.17453181938389725,-0.14498873420385996,-0.10877054562937165,-0.08233228094634393,-0.0746230844137708,-0.07738799892432115,-0.08648391314574984,-0.09955556152027067,-0.10691501860203081,-0.09285153225058923,-0.034287773275267615,0.10128249764355123,0.25394715979661037,0.32275818891689934,0.2948263710315134,0.1861864050882036,0.040295493736192366,-0.07159648648383596,-0.11725710558975891,-0.11399174694211829,-0.08979303853276134,-0.057470930948231205,-0.008389117620051595,0.05594190302911504,0.11338230895941503,0.1439103870336471,0.14221727041474683,0.11514900051067387,0.08898719118797613,0.0824089353338569,0.09476047887665875,0.11182126788610129,0.12391057598588102,0.12893069032008636,0.12993885899416147,0.13102830459639747,0.14069131980635619,0.1570806673134312,0.1758185920005045,0.1854637624021801,0.1791507554834246,0.15884010014839323,0.13346629333172969,0.11104599180297602,0.07862373877769148,0.02470116826411221,-0.031148004687214726,-0.07480375144421965,-0.11330441805548166,-0.14518898335434913,-0.17614523737675633,-0.2138963361589291,-0.2669343102332301,-0.3464749266716104,-0.4221366571218624,-0.4309822563039459,-0.374327045390356,-0.30835028109542584,-0.2469771236890607,-0.188992099765169,-0.13191979100371395,-0.08069435667700735,-0.04127279452409067,-0.027366609867237584,-0.034413961982459634,-0.048900208055113845,-0.06493583430956885,-0.07936545538146035,-0.09035903667589201,-0.10157924179466891,-0.11165428216757076,-0.1197359397794146,-0.1223270918250758,-0.1120293841044357,-0.07823821459514105,-0.012093962527346992,0.07063251969859866,0.1475892237510094,0.1982124215661138,0.2315468747896207,0.2501523648665358,0.26173156704047174,0.2623344603354659,0.2612870929854224,0.26710674369950854,0.2758047091720255,0.2820259338878164,0.2866562311909628,0.29066936400662025,0.2982418772495507,0.2985885377202296,0.27726411238467946,0.23810734411755072,0.19892444363812115,0.17917099825882538,0.16823195863230522,0.1426144489021122,0.10531729967228308,0.06628383754442846,0.045445791165925536,0.04549375051982431,0.054782399513051125,0.06205890007378997,0.06322780041767359,0.06504031570354446,0.0698834730166016,0.074779609330116,0.07814827372497896,0.07747587333595111,0.07567263564571262,0.07518408132672677,0.07603052744422191,0.07493917007476793,0.074982815676843,0.08244434982732254,0.0993360078488329,0.12214464607860824,0.15249959356553483,0.18800557667796483,0.2080288369816796,0.1891742701927924,0.12639172894027825,0.04162867503467949,-0.032414336377855645,-0.07789597302863298,-0.09052249232713613,-0.07872169301741667,-0.06600317567618164,-0.05602246913097956,-0.04593082311970767,-0.03501909287677004,-0.028102578588252197,-0.033646454537331685,-0.05721994988485884,-0.09277277701645867,-0.11800838109227972,-0.1292615092123759,-0.1313143491973067,-0.13060086036810306,-0.1388787031990962,-0.15943745573326917,-0.18015445524862314,-0.20003283017158294,-0.20946385222021408,-0.20219216170678594,-0.17804790743180232,-0.1442604114884088,-0.10612619052349531,-0.07491828392795298,-0.05033765883954848,-0.029292807527029976,-0.006407110544366428,0.01362820729688604,0.01599359303798609,-0.012279244487356305,-0.06578801322588876,-0.12645098279528305,-0.17097841055405305,-0.18111846012428037,-0.17334641567942713,-0.17224971111617135,-0.17486177987653878,-0.166337539000821,-0.1434132052194705,-0.11167023469812178,-0.08136940639094382,-0.06424697023484412,-0.06114294854895707,-0.0637545086740685,-0.06731223505337039,-0.06947616564671427,-0.06863124105859023,-0.052843474519380845,0.003743888855866467,0.1586164150554938,0.3076635856903887,0.22412197194142508,0.16603008950788983,0.14220513774004387,0.1382446131697748,0.14099984725636863,0.1394053017491403,0.1378235528918877,0.13608109003862773,0.1313454611282955,0.11627548622652749,0.09063431100990492,0.06491981304540881,0.05095197641567649,0.04555709977381605,0.045596473896866906,0.04595191229304497,0.04801407379856422,0.053853066562029754,0.06411431797220352,0.07570417056415045,0.0856039371790379,0.09543119362962263,0.10869534551431181,0.12446661115125407,0.13984878132493958,0.1510165087334172,0.15840545095421632,0.16943999096713938,0.18683958903513842,0.2031949061590182,0.20624716672171564,0.19917695992840584,0.18811994831348489,0.1799895214840319,0.17668436038731236,0.1814913239085582,0.17411485656245337,0.11864186380447345,0.0640130928902519,0.03370650508930566,0.019018689561800906,0.012203200871788758,0.007789472376730392,0.004940917284771851,0.0021506788111813405,-0.007860952816709404,-0.024132716871648384,-0.045142677727420026,-0.06567225145579261,-0.08323996428114795,-0.09864776537673621,-0.11241469324775023,-0.12237467173939301,-0.1291906374691737,-0.13699240797020665,-0.15146290383965363,-0.17155772697847746,-0.19258322356278257,-0.2115478666758045,-0.22691602033598288,-0.24394128345866298,-0.2659849824757105,-0.30102839122575076,-0.3547094023086772,-0.40561753776296444,-0.4337891662596219,-0.43979296297287984,-0.4083950196424848,-0.3263538534771889,-0.20352455367850347,-0.08969310383256489,-0.02472446213905845,-0.00015739286463422114,0.00298124496455151,0.0034366688182311104,0.0197607758318272,0.05100891839209227,0.08748343173214097,0.11569518135435997,0.13037560464890177,0.12475508963513032,0.11395879954300278,0.10485137068297919,0.1081741961542706,0.14144468858215473,0.1918372349640556,0.23620621736065747,0.26148295921455506,0.26055623242497844,0.2363321842195924,0.2040696590809443,0.17763336284056885,0.15911932723098376,0.15132507811623097,0.16832548159491034,0.2088700415042634,0.2501531153345692,0.2625076715892796,0.24003013850558233,0.20271885372680898,0.1799970548408722,0.1796945599372678,0.19767745574968912,0.22413471646344008,0.24084313972126187,0.223293795677605,0.16479968262090938,0.0883339557282885,0.02322182273550564,-0.00023157189955381538,0.006800236237937227,0.025143738318125535,0.05077376381376582,0.09538712170673314,0.15486404263415743,0.19703711580477515,0.19943730258727152,0.1663049778697668,0.11191245811664055,0.04418931643526488,-0.0314627889119688,-0.11316161317308279,-0.18578794772319646,-0.2281416265705368,-0.23303356506869685,-0.21924359578294378,-0.20565358024112626,-0.1994633782066467,-0.19224053488646894,-0.17710386744833292,-0.1654860357241824,-0.1617079043905827,-0.15568615966959207,-0.14180428775236212,-0.1208135473545879,-0.10321568371959326,-0.09924898585373437,-0.10593674272498128,-0.12116521699542626,-0.13767007052119237,-0.14303704113560098,-0.13065438825365794,-0.11282689983714964,-0.09760882671192529,-0.0802819698587324,-0.05649254174160719,-0.02794969189194901,0.005711307652800317,0.03552845159032348,0.04408061751805902,0.04294784955143889,0.06088068823183733,0.10346859636659309,0.15801755694779676,0.2049809359284159,0.22671279744022732,0.21152604126732275,0.181969092734942,0.15886389393450043,0.14075861435108022,0.12105659547832834,0.10298682012103917,0.0843810971394956,0.07359815440754246,0.07626630366103473,0.09336142791118097,0.11293238484674285,0.11339109346391858,0.09183330927126133,0.06430592992218513,0.053579173911799144,0.06481393669866665,0.09839739015683836,0.1368849719924155,0.15719220475272497,0.151965072085481,0.1162518575924456,0.06133715499066294,0.010630101290988698,-0.017175335148436475,-0.01950453421155041,-0.0048835826496052516,0.014656806437932648,0.02816711908900934,0.024762620431194086,0.003270424125058575,-0.015243102639878192,-0.01887221849456519,-0.006964728314963868,0.010634260275742425,0.021322373119631487,0.02850533813627833,0.030071399395690934,0.029118052440864385,0.033295693463002686,0.044855686194157814,0.06376835729724228,0.07847063307107403,0.0803180491766168,0.055924436660983005,-0.006612400873707084,-0.09358336802878986,-0.14963042888938718,-0.16157246678195336,-0.1345276808295279,-0.07404379926582959,0.0018339274875379366,0.058739701090269866,0.09127016920242283,0.1114653961827818,0.1253991478712487,0.13343451571771703,0.13086695279409094,0.11737356577852666,0.09336810124721355,0.07156049216110003,0.06245017415186533,0.06901206763990177,0.08670731428030634,0.11178092767991879,0.13481683986635792,0.1382430649368104,0.1161509966402461,0.07178197552219569,0.012085846692358671,-0.058742074024283726,-0.1217481402297271,-0.15877633385271692,-0.16629350632101242,-0.1606001234277075,-0.15096193780740594,-0.13773587570588464,-0.11438642127508,-0.10781275891191594,-0.12625413505711683,-0.14635291219688543,-0.14692012812984348,-0.13284248789674014,-0.10760109857872674,-0.07716444925786474,-0.04530570206854532,-0.013057938764759998,0.015772211048259835,0.04179124768800648,0.05853868464925483,0.06787017475713776,0.07798974418164731,0.09234227720722651,0.10661078563582876,0.11633610698189824,0.1209888729437389,0.11546326587004745,0.09527924030966216,0.0662438399319934,0.0387866454616145,0.01600189279308241,-0.003010537499329458,-0.020383986129503887,-0.03652251486299387,-0.04597124940383115,-0.04031951035981435
-0.1070368653719451,-0.1609570402826453,-0.22680457332350518,-0.24870270455671278,-0.21887454367552853,-0.18236739234864482,-0.150914705649446,-0.11846333866604505,-0.0880108866067422,-0.05935034568657331,-0.03372982448648256,-0.011982132651433091,0.0004558604577359724,0.009099232239488608,0.018855291711766885,0.01867469395615046,0.001153188248297855,-0.0190929846015791,-0.032958740199816386,-0.03640206910364344,-0.0337168247289276,-0.02543519174703334,-0.009441967854194024,0.012059273702597673,0.037263542029887735,0.04796488242744929,0.0467847282128495,0.03781452137690197,0.02398296926833001,0.002485821641079855,-0.02150739462134923,-0.04500195321507065,-0.06505631610467451,-0.06748336886737223,-0.05771739581948137,-0.03648461868377597,-0.021876526393734306,-0.010884637113979002,-0.0051720282053276095,0.013473131690721377,0.04282941997060866,0.07274390074050945,0.0900062059160807,0.09649607824723376,0.09982505986362836,0.10536713108562296,0.11105128144836467,0.11198707943564523,0.10462741581570144,0.08872698822557447,0.0653565088682723,0.04450143456616106,0.03511076733580186,0.04256945212709533,0.04807299414618134,0.03929946004344198,0.024591118037975406,0.0144678556286095,0.007318238448838669,-0.005431939105667732,-0.021894220237190502,-0.0326160541677519,-0.022423644007679742,0.010524509847307208,0.050018391182061576,0.08130450027492228,0.09975413480877537,0.09507898513144439,0.06220946631495264,0.020883838698614685,0.002176335891438443,0.010162618356787171,0.028331866151953766,0.044050512022455385,0.04643746627918141,0.03904661117378287,0.027413905342880223,0.027067664663503486,0.042982680474455554,0.06599058841250417,0.08738886910166414,0.0882800176143003,0.06520915777335204,0.022108268184504756,-0.029887832135420556,-0.06774654550530729,-0.06661003149398137,-0.03369251999750435,-0.006809330457776117,-0.018868177994010586,-0.059521030664699714,-0.09056197196467596,-0.0945764462889379,-0.06938148570509538,-0.018174829813786472,0.042596315622911954,0.10806845913758796,0.181804389280957,0.2602699282330016,0.27212143526605576,0.2048529508304926,0.1426254855201674,0.11808008932043482,0.12219286791688594,0.1374994742451733,0.15050493928322714,0.1607414952012643,0.1782009229885896,0.19937877645054425,0.2133382696190333,0.2252513051541141,0.23785736109698527,0.24372471920094513,0.23702200533649878,0.22409627040238883,0.2187097017374834,0.23043468802680298,0.23519888168273895,0.2234081696491911,0.1906860411462802,0.15031781436564554,0.11898877932367842,0.10472775185664755,0.10741355982562723,0.11995093383693001,0.12632648602204763,0.12162623647701482,0.10639054693327128,0.0921660431130186,0.07794225974694657,0.07211285763950413,0.07446311193523496,0.08010166059825105,0.08258723643025584,0.08269754833480142,0.10183909010651299,0.1710976364076209,0.2868534345815126,0.38109347610013605,0.4080302349818434,0.3613333070058035,0.2564969910617123,0.11754068203925627,-0.01963704838474356,-0.11171627782368189,-0.1447277655236301,-0.13931880626930904,-0.12122037149337626,-0.10956612670528845,-0.10427413798632176,-0.1019950315586841,-0.08925888874841412,-0.05461364332254439,-0.011383182571696442,0.017015257995501222,0.02272863927389629,0.002612350893998946,-0.040396949817435135,-0.0860050308782065,-0.11633270473922684,-0.12454006156804512,-0.10869062201262901,-0.08635946147892087,-0.0807658571670819,-0.07983437558048494,-0.0795034505483847,-0.06997745699559396,-0.044848722807509823,-0.006695870246632368,0.032878543852470896,0.05739632049948602,0.06077615607564137,0.04993027150639885,0.03500236041636373,0.022957314412642624,0.014324884889679923,0.004963482652856409,-0.017166623748600562,-0.05144181676100398,-0.09965627696713152,-0.1529300238182603,-0.19609707180376437,-0.21161653466044456,-0.19152644589145534,-0.148106032010158,-0.10002108526615124,-0.06560953192947042,-0.03727259560788284,-0.002925131543633817,0.023087631108606073,0.044600869637751984,0.06825878280080501,0.09156764719338542,0.10945350959777712,0.11617238919910229,0.10650192280442322,0.08784128360862292,0.06544829412111024,0.04521831297503825,0.0310056585420883,0.02077925719321776,0.016379362849342854,0.019001678251751353,0.03489881645977701,0.060509802301161236,0.09387562697502252,0.13163941760451428,0.1495657768068121,0.12953536136966007,0.08490903266607466,0.041351270276137636,0.025351772682563233,0.04483886929570495,0.08707027948397102,0.12635530715196738,0.15279416659866363,0.15956246837015486,0.14428502107800253,0.11190946816988176,0.07272746500509181,0.04297712212554132,0.028137602147489105,0.020667471918208294,0.01951138877215435,0.018238336703224316,0.02073388395168187,0.027172363812356073,0.031602219022423265,0.030195722972677738,0.025396742253032872,0.02250987645145384,0.02310798392409741,0.019038125625825183,-0.003035654538479401,-0.03443802834079348,-0.06638872755314763,-0.09589776968046808,-0.12713658518467622,-0.166875889718265,-0.20761737361717292,-0.23072811394472986,-0.23419058461494374,-0.23475068816686068,-0.22999008786151878,-0.21085000845151897,-0.1747520063794454,-0.1305585789328655,-0.08643820883719612,-0.04523852962038124,-0.00843756456149112,0.020119412799260536,0.042356893208084015,0.06098780593917697,0.0819030162621656,0.1087117720095932,0.13294077714086303,0.14158531422067538,0.12879507641072152,0.09208547317759079,0.05542115650729318,0.042823793999667494,0.060747908579043074,0.094505108174,0.13245803448122817,0.16133595445104285,0.16878615869768535,0.16875051400192606,0.17442695691001606,0.19456865177707663,0.2143097678764647,0.21585727675862346,0.2011800997338631,0.17771766072577339,0.15640468147311445,0.1473272722912753,0.14360083607530164,0.14075518544721216,0.1344233292314382,0.12580471243649105,0.11222401771748217,0.10130523102930053,0.09782198956938946,0.10968409704515532,0.13531523336474613,0.17208915095499092,0.21143885290390052,0.230245705194832,0.21538511845850822,0.18937273625988224,0.17297469564457313,0.17159438132643265,0.17630573674107225,0.17926478073495028,0.18901172591950077,0.19975213390428426,0.22430002679263747,0.24592665157338697,0.2786108193713764,0.2933753803102444,0.28603238961443855,0.259848213349147,0.21186011309141006,0.13435860288937002,0.0609715485887303,0.038882345181863204,0.061207622513707316,0.09350696086848648,0.10457507822170399,0.07725984193325135,0.01840397899079278,-0.04416456374936829,-0.09011614921390111,-0.11587967242260182,-0.13019145801253906,-0.1362822403183391,-0.13014292733397403,-0.10331527224683544,-0.05972269659401224,-0.02936273123929143,-0.027966554799148256,-0.047911362598332556,-0.06678331995591548,-0.07904018180570906,-0.08974275024839495,-0.10526258628236743,-0.12302068327366304,-0.13644000649901356,-0.14205598973783853,-0.138921298454553,-0.12377755581123427,-0.1034824528545345,-0.08282083980153995,-0.0633583188586874,-0.04881314854737654,-0.02484791395206272,0.05528951973429431,0.2406575115588256,0.295934362222192,0.24271491492877845,0.18712700446782107,0.15296660447404478,0.14254934496925906,0.1423643629588415,0.13484292166218173,0.11286687114080603,0.08798754499020188,0.07320819207112478,0.07202770526282751,0.07640605515933054,0.082012206922602,0.09347559807686473,0.10351823655207687,0.10560580776491871,0.10118477737168283,0.10157379925739429,0.11131480213254273,0.12804388444109102,0.14244945114583527,0.15391581747130367,0.16471017880008432,0.18054996555921557,0.1963260720723005,0.20965264563791694,0.22405688003049912,0.23742750604770865,0.24120157598010603,0.2217087578339049,0.1888965865946226,0.15396557160653762,0.13679971342363578,0.12654951310827348,0.10074750724790323,0.06629321767736741,0.05881932894968962,0.05427318619160665,0.03370665704978279,-0.00027529214429675137,-0.03969681847245888,-0.07137551423763411,-0.09490302972201368,-0.11599898436946256,-0.11492591186444837,-0.06767198406652644,0.00048227363057388,0.04696366401695705,0.06124354501031418,0.052356227069463135,0.04210157212359755,0.025724320136148036,0.007583502395259263,-0.011190378023176307,-0.017470487076004147,-0.009651079870265849,0.0012248747325540896,0.011628319338543115,0.01624530185212484,0.019769052123003488,0.018407673735221057,0.0008556975776589788,-0.03381589665466627,-0.0726145754818772,-0.10664754490549476,-0.1369611036755517,-0.16093730573468873,-0.17732310264681028,-0.16479913429283755,-0.11688424176696928,-0.04871806403216256,0.018718569603678094,0.062045432126169385,0.07266464718037184,0.06720952223598502,0.06715701482507905,0.08585983104193008,0.11700629330041278,0.1288706868483057,0.08801162729652541,0.022206462527069003,-0.03746495890162789,-0.07234794939240553,-0.08007078978085966,-0.06286818946943548,-0.03421891320744659,-0.006368321401841924,0.004550728323397412,0.0007469752658868917,-0.004414169152497975,0.012007988236035235,0.0471795514807093,0.08463321261445486,0.11115051621783598,0.12797718252472667,0.13565079237566807,0.1404591703806187,0.14334985583585094,0.1516572828389608,0.16674578943774207,0.1946969178085349,0.2190394598741565,0.21644940060654344,0.18198922203563947,0.13631822384388195,0.10711952529129,0.10645079304087876,0.12413733443700048,0.14795441062266987,0.170235791675142,0.17345364643843547,0.14693414348335138,0.10122778403468947,0.058006361650496684,0.02847762280103878,0.013248524534668894,0.00782928787627416,0.006668912274428217,0.0029199233014118304,-0.007132750271966457,-0.02406717850696068,-0.04170772180267652,-0.059590851275687674,-0.07277689149917087,-0.07502492588249816,-0.06173318352294051,-0.036723773795226775,-0.0012836902723342345,0.04442657372636822,0.08816892251907694,0.11392591597596134,0.12074134858923259,0.11852484600094287,0.12120219617291597,0.12671435331800393,0.12901396036069535,0.12177636373236266,0.10290994640882259,0.07475436593690261,0.043984296459665985,0.014355310212652034,-0.02309774454397009,-0.06889943850346321,-0.11445080683232237,-0.13205424991573106,-0.11680564332765499,-0.08945197991337268,-0.114214745832398,-0.23337788068107315,-0.3761395226355844,-0.30945996218674804,-0.17495131023704077,-0.0735148508769016,-0.005515420938076133,0.0383801344684834,0.06498222729380569,0.07275696332437423,0.07143171459459491,0.05891065197124728,0.04695404256231257,0.035314805013052765,0.0017751540081507014,-0.04451465783293792,-0.08390679859912002,-0.11022618971011552,-0.12404254417249537,-0.13968405615732638,-0.15146601889632394,-0.15336743799670322,-0.14011720346821377,-0.11531932443265219,-0.09139275046387918,-0.06980901846672795,-0.04924370563415259,-0.03757963171833137,-0.03107998457937635,-0.02806927350548087,-0.024342145100343722,-0.01956280478228696,-0.01094543333279113,0.003486390141616597,0.02049391305368763,0.033588926696595446,0.04769552960068417,0.06865133448327922,0.07948819954186122,0.0723626727506736,0.06288669417406492,0.0713707554895346,0.11449663746721524,0.19090179886415626,0.27302409361446894,0.3258154809546336,0.3140042353431168,0.239743783353024,0.14633309029511118,0.056399455877805586,-0.014829087691490488,-0.050655869103658345,-0.027727024382510845,0.04516186701904271,0.13446323208896688,0.20561240139157239,0.224849210327229,0.19142487029476182,0.14634695752025023,0.11024324777583228,0.09036699425208106,0.0763604918808847,0.07044164378609125,0.07960664568528647,0.10415795452027998,0.13148697771350804,0.15278850670877353,0.16482197276483537,0.168423631845379,0.16787158962111565,0.16480472816600172,0.16486300259914224,0.1728081409434554,0.18266081374854817,0.16603909617316662,0.1177262046926609,0.051762658302801245,-0.014224564329809161,-0.05779872964265911,-0.07662524605008977,-0.07735726093697827,-0.061572519051856525,-0.029477947586542208,0.010138371559708013,0.03798414270727315,0.03859056323718199,0.02518167451941542,0.02164586510903806,0.034433558080477863,0.053036256711110084,0.07694250447422978,0.10982084234270933,0.15863449488441708,0.20238925225754972,0.2224594142816499,0.20415441208341858,0.16779188229074934,0.15221749598591514,0.167572712248103,0.1805092641036338,0.17378212362698556,0.14556635703069742,0.11287932963688356,0.09742309220642587,0.09914055662459052,0.10868699536954299,0.11677853292459338,0.11862197462667373,0.10721635990078242,0.09410839304504132,0.09291031753502635,0.1046990757649186,0.12400330270564791,0.14467960057520665,0.15805564626055432,0.14090361691129294,0.10661471003074037,0.06826728000058396,0.037028633649876234,0.027796247691555944,0.038400536260795384,0.05119723350842055,0.04894747255304132,0.039986919619372126,0.026199090334336688,0.009494948172795198,-0.00017362577547808754,-0.009297793720130402,-0.02954137004305182,-0.06586486405536196,-0.10865628813530673,-0.12796840464697506,-0.12657032448062522,-0.11115391464804376,-0.08637807227650716,-0.05544890266260349,-0.01629331603604,0.024881141894327777,0.065955496476848,0.10437051135296349,0.1304153667744763,0.14044048947137872,0.1319548372497515,0.11402835388232554,0.10012940876981793,0.08584517414180001,0.06496858187920028,0.030438503797422065,-0.005369739417310146,-0.03272098610422438,-0.05671591771207896,-0.08487717291408776,-0.12636288865625508,-0.17002578373624488,-0.19858284977620227,-0.18490804892914933,-0.13289636609698655,-0.0701309849671628,-0.02699985709312998,-0.008189640112871082,-0.009495544125340198,-0.017325143879409283,-0.018099944133939207,-0.019508026904671582,-0.04485120659194128,-0.10670770030468417,-0.17966741547951637,-0.22400511004425386,-0.21385826729022336,-0.1689122020607485,-0.12225696407997734,-0.09239946447995022,-0.08270708306432759,-0.08066539588071663,-0.07235948665962402,-0.052995073421785534,-0.03369559294930365,-0.022721223148266936,-0.026248607218161465,-0.038463088443317396,-0.04417220272854237,-0.04120121350290404,-0.037959093044955206,-0.029169983542535263,-0.011957623459681942,0.013376464659690767,0.04863826569379485,0.08230630505682643,0.11282974052699556,0.13036497107431883,0.1221653515107052,0.0944483925566128,0.06632221435791301,0.05043892918265242,0.04774865211125819,0.05500590797427336,0.06774427626671693,0.07990267424638843,0.08431960576498768,0.08172486493351286,0.07468572599660583,0.052884070298416984,0.012512786286904755,-0.03140933407322874,-0.06231782804779399,-0.06968618187471044,-0.04718670509968069,0.0003209320727036501,0.05693732459392807,0.09840702476303317,0.10014750414910811,0.09135607358503667,0.11615384766485021,0.15958230061523304,0.19303587538940772,0.1942069494099341,0.1633495168799668,0.11756469246490066,0.07737664960547137,0.055571662664642724,0.05460686467473204,0.06894826614083804,0.08086965911555712,0.08040925613246204,0.06887995835164253,0.0560044803842655,0.04640231666992182,0.03997741667695571,0.03737930917843851,0.04259638902271784,0.0466825026134549,0.04136302565383232,0.03627670919627087,0.03912570290755177,0.04463951003620336,0.038794190816080605,0.024794400822481497,0.0019317873769661093,-0.025094914952337337,-0.047599374436815535,-0.06168065189029414,-0.07025313375137147,-0.0736821139464373,-0.074627710293395,-0.07432639761480647,-0.0807244959005474,-0.0948484375846133,-0.10433446048790024,-0.09357013542555695,-0.04561622144088995,0.03936271345355481,0.13806233227387263,0.19418598395303074,0.1570043419533985,0.08934281866468033,0.05250720824915212,0.05652517183069578,0.07834547545309026,0.11017602458760384,0.13735317219133394,0.1501527101353851,0.14038839244869675,0.126476475717095,0.1229160078650443,0.12617556929168508,0.1309001131119622,0.13609173213291387,0.14837985336775658,0.1688891101759142,0.1887873403970374,0.20488386241702264,0.21505044911596957,0.21500232905605787,0.20972740579463425,0.1986564714032834,0.17025696718919103,0.13489222540264123,0.11394532328464008,0.11117809085017079,0.11782702803872161,0.12992408153814597,0.1486850262008373,0.1770972564124777,0.2177660732513816,0.2650444649806757,0.3035651007317506,0.30280500927458964,0.2581271078190957,0.19384671233730832,0.12759750277923945,0.06269492370876978,0.0011176319985479848,-0.039047627544609394,-0.05855841162707863,-0.06806260122141887,-0.07498235571788185,-0.075855924562251,-0.06756424855723628,-0.05427762874380882,-0.042475895053764125,-0.03527039256822456,-0.0307909391277619,-0.01480037152917923,0.018266390455800578,0.061012566741794456,0.10098729994568374,0.12576792682558,0.1363180930724827,0.13233317571777414,0.10850038745245486,0.06232958967948446,0.01849281430457636,-0.0017202209195115766,0.008808693875889595,0.03964132997035614,0.06636635661994733,0.06508915678337947,0.028568952128978004,-0.021878874054447207,-0.06505466956612566,-0.09051194711123135,-0.09764803660274711,-0.10450789717237194,-0.12566301147449846,-0.15618978172850745,-0.1943577600500053,-0.22842368300545365,-0.2525885295327152,-0.2509710456650791,-0.21392416346160886,-0.1549692606614106,-0.09715429819307726,-0.05084051645308265,-0.01955481944366089,-0.01084170021680676,-0.010767684954914945,-0.009459257639755858,0.007551668663697318,0.03319841653264874,0.0530121256976941,0.056064618284002894,0.055620851514107894,0.06817574682265234,0.09352190137717582,0.11006615419176789,0.1039456713085983,0.08200620564961691,0.05864750671614062,0.05041815684853347,0.06121508463150185,0.06871177400773337,0.05701439971333646,0.025038491674894005,-0.010898555690145537,-0.03874153766510765,-0.05138698428602777,-0.046821351905042455,-0.02257676853616139,0.02949628123169143,0.10414852701080354,0.18412380495882927,0.2395469292573856,0.2409149169938826,0.1996808581959897,0.15353166934337917,0.11437393592038501,0.08325866893702843,0.05970045789191251,0.03753337905255151,0.021724750682731636,0.021595471645454452,0.03802504110257148,0.06755915658927679,0.10277263420861538,0.140165228087825,0.1706173345696444,0.19661205621795286,0.2005466397728666,0.17154586985229878,0.11890420575448189,0.061295998373197005,0.013410255139741171,-0.016714599640228114,-0.02961846042823461,-0.028830577128703155,-0.01833479895248476,-0.013475976125086652,-0.017443464834924947,-0.02659392321166068,-0.04829437700408271,-0.0692037371332452,-0.07992516454313772,-0.08311273125033752,-0.08432783629919137,-0.08363248839965891,-0.07537836619514253,-0.05546193491986863,-0.03223179292518609,-0.01405223589183154,-0.0029815172901377722,-0.003101420295101195,-0.016616984162973504,-0.04009061510334296,-0.07088401971857661,-0.09476820051678798,-0.09990232919031071,-0.08623540614672001,-0.0667102338282081,-0.05679734979568424,-0.07298692559205334,-0.10683098433270025,-0.1440427585149194,-0.17376698830809686,-0.19216060606393687,-0.199676225301638,-0.1695646072385355,-0.09041373576287398,0.03963607553273977,0.15190294018691713,0.17222584809312472,0.15655485250275947,0.15846223010476762,0.1902656068039045,0.2479197119253887,0.31130300394523036,0.34789478280705294,0.3434231343429937,0.30443696027000783,0.2461108657401521,0.19238925317905936,0.16160851187280983,0.15299260416711438,0.15345057526715805,0.15538785399667027,0.1537437741727828,0.1524167917003076,0.1537161320788666,0.16964180035274706,0.19741817555013758,0.22231541198329882,0.21951170457119865,0.18266057679185785,0.1354028149839079,0.10496042309985819,0.0892140355112616,0.08941203336096162,0.11441862407781914,0.18433844424347132,0.2895054981261193,0.34387470023529243,0.2858634681340068,0.19246664483451115,0.12976680489092202,0.11108693316916673,0.1300617643523559,0.17196838729639677,0.20724640209529602,0.21410175414351273,0.1846951795504239,0.13516323439672004,0.08574184832769731,0.04541593274997601,0.015914078219409867,-0.007227179576589401,-0.0170452258528976,-0.004726191083705552,0.023630796784621832,0.05050243886400834,0.06728081480635917,0.06781704719079741,0.055767462611917396,0.04275441769703553,0.034040339258979736,0.024665155275694284,0.006562639449538839,-0.02098668092354055,-0.059463186638443875,-0.10539479292670283,-0.14756338184572143,-0.14771532362692522,-0.13534139042081783,-0.1379577325013644,-0.14743622302465315,-0.15658202175598385,-0.1671777633440916,-0.1785656990809862,-0.18045657793497868,-0.1624563469559684,-0.1297063133252928,-0.09726240436018695,-0.07437069264833544,-0.06647909690254859,-0.06552995040753123,-0.06667166224119725,-0.0625988507886237,-0.0533996387594282,-0.04425243960016562,-0.04378324827292844,-0.0548586399467319,-0.07648262351962411,-0.09231966877676313,-0.09087898707174213,-0.07099513794923734,-0.04531913900698038,-0.02428361356040825,-0.009842987281937663,0.00566862899808132,0.027227386275656615,0.055123963775562945,0.07965665633364179,0.07456706161112134,0.03578106949354624,-0.008496816334554257,-0.03451482205250115,-0.03542679683029447,-0.01786535768606829,0.004257030839213119,0.023867666744661332,0.03872462456473145,0.050531000667277226,0.06783954772328171,0.08802880875577608,0.1057983913769658,0.11454075940570332,0.11594999152807359,0.11707530097582297,0.12576736530280014,0.14377322646801508,0.16737230200732714,0.20230091630004118,0.24014562666631425,0.2784294163654195,0.3029528848299712,0.3113232007366188,0.29657845470989685,0.2607285650600128,0.20995704240500504,0.15413205335025446,0.1134829645311492,0.08242772357493214,0.06350708000342856,0.05815115469039197,0.0657344723186511,0.08689672631772045,0.1267132275667046,0.18167950088105958,0.23196298917422833,0.25946793628195086,0.26123770070313174,0.23953474136322986,0.20743146927416783,0.17212075431002793,0.13697575237386053,0.09505760928570875,0.05482226445633407,0.020435502350507295,0.003116546356277361,0.0032423922636838306,0.014274401046588201,0.020488700540089187,0.01569008507467629,0.002451799289987616,-0.01265615545211352,-0.026919806469957876,-0.04181598561812394,-0.05850093220622585,-0.06788263997594725,-0.06567459168991203,-0.056170872630507546,-0.043254533700456656,-0.011442458587519338,0.006402889848987809,-0.0030984124651194794,-0.025859811097601337,-0.04656818590808547,-0.052001910727864524,-0.04583108286943335,-0.02764665702963558,0.009954541583724363,0.05717334692306665,0.09871731927433873,0.12283924260139455,0.14115318849191472,0.15335116722919626,0.15804265149776442,0.1449187701396338,0.12577829101163138,0.09965975069710836,0.07184525300484836,0.049967869117792975,0.037966831235113775,0.03856724677169474,0.060009492318416534,0.09506084749901178,0.12288707437270083,0.118954999230593,0.07768844798444263,0.027631667320212182,-0.015371296636462858,-0.04205664446364712,-0.053992475313290496,-0.0484455813450636,-0.037012763801773325,-0.028178095332829594,-0.028279921410550534,-0.036789086903289636,-0.05368726884693863,-0.07856205123804127,-0.10061438289780844,-0.10281239793166791,-0.08751823383840672,-0.0693758795384456,-0.04997411994162749,-0.03786834535320821,-0.03586102822116046,-0.032007152007800715,-0.024118202170678664,-0.01774221102170612,-0.01624884673884544,-0.018433811679312705,-0.023756412929200853,-0.03261284754303372,-0.039403788471590304,-0.051115289931363855,-0.06327796916183827,-0.07785086587518494,-0.09342579339180733,-0.10351575008279702,-0.09387849608762047,-0.06172352255063528,-0.021406146123369628,0.002485829358030895,0.004033261708629432,0.0010226328204981522,0.0027733788753530556,0.008142514563405963,0.019062326196270584,0.02991000213230971,0.03796796862174716,0.03866559467629805,0.03270583043616036,0.024772843069699055,0.025631715064262064,0.03469625709778475,0.039240878604921474,0.0313224322884567,0.007686218323554705,-0.03007594952642281,-0.07043591142538524,-0.10920521779538786,-0.14335101274194906,-0.16181199085239342,-0.15301800623753478,-0.11930942553827321,-0.0739183791002013,-0.03028084098034071,-0.0017350240061669818,0.011034787431630244,0.015623237705066621,0.017652737386846737,0.013992053059472808,-0.0008520538018446256,-0.017715824933397552,-0.025595526446605062,-0.022404371224786886,-0.0067385054470634675,0.023137454066176278,0.062010137638372584,0.09827338468817887,0.11931212637530582,0.12824625606551748,0.1325166773089286,0.1424613109725613,0.1595903924032125,0.176234518802589,0.18465490961182807,0.18858620032693363,0.19032707025807977,0.19531498759917368,0.2019772928793816,0.21064376695098969,0.21579019765230675,0.21548009167610055,0.21263829505313353,0.20035251438752558,0.17018506376958908,0.1129699741163256,0.02945575559557375,-0.0504499656189613,-0.09987157780185098,-0.12535352579131406,-0.13559800065922015,-0.13610877161480275,-0.1298731900087567,-0.11416434822002104,-0.09042248290368546,-0.0583138398562525,-0.0199538060422046,0.025745781671157965,0.06789691597903087,0.09448800915869233,0.10731918105210857,0.11927780982129758,0.12804486705133994,0.12168522328599073,0.09866869419731188,0.060996596413285586,0.020880907731864108,-0.006426594628562685,-0.01949510267316376,-0.021523636852223554,-0.03019446014854665,-0.04734353751714462,-0.07076862392030046,-0.09265409697994903,-0.10594400232529635,-0.10098646049502652,-0.08702433119444004,-0.05474675647748359,-0.012446088870957248,0.01599240764535348,-0.015558681789388665,-0.07363081005981251,-0.10293838984741548,-0.08122242641819145,-0.020310547974623453,0.05463586819087716,0.11951009162516531,0.16297694983489425,0.1740245655493219,0.14977795674632674,0.10489376748742506,0.05789292133340676,0.019424305376899844,-0.0038301455247096586,-0.0074667722633613735,0.0031320258832243895,0.027772271447047244,0.06630835493739348,0.11444796366849529,0.16402498298607082,0.1966190590156332,0.16762100459810747,0.11662721491341532,0.10674927417602285,0.1309001442158696,0.1652413487912841,0.18679018776556808,0.18457656154767013,0.16802555226354474,0.16440398755800534,0.1888202880037543,0.2371028008144688,0.28870891128016635,0.3235812659077833,0.32694156233263727,0.3066817891177049,0.2714092539948885,0.22590759415134937,0.18802649696806029,0.16240990091819613,0.1482756354320136,0.13510167613325905,0.12139740069909716,0.11145659787383216,0.10570450299769803,0.10058160580007094,0.10124572368194507,0.10983908232951187,0.11827626424278384,0.11692186550306868,0.0884513215599011,0.035355622065712355,-0.029290516660894952,-0.07132757712540379,-0.08352345282667265,-0.07219700074364986,-0.039166072545992865,0.0026072398209551263,0.022767471368101328,0.002351442934342633,-0.02769002701248478,-0.04183076085177567,-0.04516794220463713,-0.04086831562269432,-0.030795956931203728,-0.027934611003735642,-0.035138842655803346,-0.05293995363913665,-0.08219411720432565,-0.10672928320188925,-0.10808494308986241,-0.08245391956081989,-0.041741860354097944,-0.005479134629949776,0.01139156312953414,0.002838654309972249,-0.023204803544515862,-0.05175264659701967,-0.06900835188454682,-0.06706756246584344,-0.0556631320225602,-0.04885507645659368,-0.055583006381980264,-0.09223169989686615,-0.16296555045125596,-0.21486914740725588,-0.2295882660569066,-0.23472287357495253,-0.23773330618412833,-0.2375661845624123,-0.23263368199581247,-0.2037174171691446,-0.13564219712001097,-0.09026978239654272,-0.0805591029641858,-0.0743530618709991,-0.06548524917066645,-0.06021456607966024,-0.048622803115406725,-0.022566576085348077,0.011083142067822932,0.03305125790868397,0.0386536666394974,0.031528602325970496,0.015789299206246617,-0.0043886536789239814,-0.022864328505727848,-0.024232240497328857,0.0034417310517366254,0.0564082188443347,0.11287947434422706,0.15368841453280285,0.17404739105822156,0.17187777349482705,0.15578650128159519,0.14329750842071637,0.14067271412089427,0.1489352039616127,0.17345446965058825,0.19952697151477877,0.20432572673836194,0.19414640505468334,0.17847861670942983,0.1545260446492552,0.12496093633049793,0.09813988858075706,0.07853736814717781,0.06064562047851771,0.027267141640184008,-0.004184338520143407,-0.018307347933375233,-0.01867389562672792,-0.014100439255942123,-0.012143061370344743,-0.02002466968886437,-0.045374575709824755,-0.08041288124330867,-0.10880047525378843,-0.12087155606143873,-0.12214172338767376,-0.11974436465050577,-0.11911017153542607,-0.11296195237156907,-0.0940375626096169,-0.056492118951603276,-0.012892331950692837,0.013349445871479258,0.02027851064055342,0.02014615814766864,0.022433339992586305,0.03131968749173632,0.038284921714638535,0.03539194618533991,0.028140331787632596,0.018419909651106854,0.0003271914868293436,-0.02025989622485523,-0.041294199099865495,-0.05957270773200151,-0.06716415482136087,-0.05679288867238099,-0.023086154617550893,0.03200699896438328,0.08260547612428354,0.102776336496653,0.09323737847655138,0.07493693113441548,0.06859681043890402,0.07255963543939685,0.07986959828093243,0.0866000290506433,0.09619910202681334,0.1121323112890724,0.12554809942907239,0.13320778584794532,0.14283793289716246,0.15169930945212295,0.15784338334765866,0.15680776723605996,0.1485720670109005,0.12691641023998784,0.09819631374650732,0.07856896352436095,0.07453620879360737,0.08327231438278411,0.0966681795869535,0.1081241858314454,0.11537032606745899,0.11616750474514335,0.1080186953555394,0.08352617545084792,0.04917729235467611,0.015151454948996732,-0.006406318401353274,-0.015405648449301156,-0.02146581055407276,-0.029552602633920934,-0.03539156549163345,-0.02858106094501285,-0.00327281868018043,0.04060613845547185,0.09647719605709335,0.1579204353186675,0.21541583344282494,0.2706936694259212,0.3076452696153253,0.31325459807901107,0.2979319504150463,0.2754075943662174,0.25754588366189446,0.2472490706414931,0.21819721463784963,0.16128211304129486,0.09838119974008984,0.046612287518889975,0.008297438117331156,-0.01900721322522882,-0.034010896592903225,-0.039366545423199166,-0.042493761201902645,-0.04524120551183555,-0.04540975394146377,-0.048549755858672904,-0.05327502269172043,-0.062310105865565624,-0.0775467830804078,-0.07654028311793491,-0.057866206042838444,-0.03329794471921882,-0.02244530084662485,-0.025089513480118685,-0.03249139158025458,-0.03000626086758206,-0.014245865884238236,0.0003138737925358039,0.019534062765550208,0.04300959491582487,0.06581928606570474,0.06860424550546386,0.05076354881711831,0.021733022903277627,-0.00839248435005953,-0.010180917624334975,0.020479171566062195,0.04052432172616882,0.04812827977440972,0.0533950518809176,0.06859008741149976,0.08327546607708651,0.08151131526913837,0.052360210653113276,0.009660186194104518,-0.028573810320861943,-0.048289821386610574,-0.05808082143421813,-0.06896918292344713,-0.07939742422179606,-0.08179916175247136,-0.0791987666446419,-0.07519788422558368,-0.06939886124852386,-0.0662325764569161,-0.06236422649972536,-0.053972373438479763,-0.049681206912440976,-0.04869235889012067,-0.042359756310464375,-0.02905976428990618,-0.018550553092047683,-0.009115909692488839,0.0023037748887750342,0.021342182807663965,0.04594520232408478,0.06991044952021987,0.09394104928342889,0.11599000162847907,0.12959954015672756,0.1299681900968474,0.11679215166213237,0.09100549755315125,0.05788783057672034,0.023984849299131732,-0.0001213660280327898,-0.010665934227160319,-0.011083818278711055,-0.005131025653731425,0.003393635947332603,0.005604618308597601,-0.007265396477949032,-0.034822577931368795,-0.05705999995778268,-0.05658049688632562,-0.051139396753300904,-0.0444510831487859,-0.03655459893479394,-0.022301219034727694,0.010076214237668652,0.0750480925505495,0.15444909554709182,0.18028593920222796,0.16704203628809497,0.1423744958977817,0.11537156085004621,0.08637441052075186,0.06363764199698584,0.04696032908247666,0.03764733450883536,0.03936430735879015,0.04426542404723339,0.047552466420460605,0.05153719907210223,0.06064270573564374,0.06533666951880814,0.05871908875341338,0.04320961154718227,0.023204113023315216,-0.0025447196518890137,-0.04063850118655281,-0.0825553067288094,-0.1130027750820344,-0.11482721932946134,-0.10970469985801526,-0.10228161687429574,-0.08742081874972354,-0.06794253942644247,-0.041222888360807695,-0.004405654256687114,0.03812313626128488,0.08301573271312333,0.12513186657295333,0.16150415448175945,0.19942518655156832,0.25692908831966754,0.34247730888705824,0.3629390523886652,0.27100303124837993,0.21084261338101928,0.18105625174875384,0.16483470901422556,0.14727236265353638,0.1241747625564899,0.10717436515525922,0.10768692021854671,0.12526706046354155,0.146415525914616,0.16482149969439375,0.1782612165333587,0.1894154216150394,0.19414792732538677,0.18136248791567125,0.14175062420730195,0.08507624080596111,0.040413087432255884,0.025175348783314098,0.02859789236881847,0.04241756470929334,0.05403875280985058,0.059841780840526236,0.06281826226359029,0.07227155389835548,0.084018518455546,0.10314704942586034,0.1365570426973842,0.17303194983758366,0.19090798759984573,0.19196591206994848,0.1749245784997004,0.12961396114566903,0.057867385912951076,-0.002082770756944316,-0.02520999093002369,-0.02314689245888257,-0.01608241822889651,-0.018102650791855513,-0.028793319081293532,-0.040200089169702385,-0.050137344509886266,-0.057737647758764686,-0.06341581773726626,-0.07299562176985896,-0.09003099444924019,-0.11267562006186503,-0.13961089674321916,-0.16694648739137585,-0.18871023985997012,-0.2013695174488369,-0.20276639259108997,-0.19113777495919865,-0.16551858510492315,-0.12789761515372194,-0.0912321510279624,-0.08626934224168091,-0.09941017484070937,-0.1097694272300083,-0.10335503172018229,-0.08297460315588649,-0.05908558831578838,-0.033778202816702324,-0.010385072111362073,0.004353148554782371,0.012962761117271173,0.028057965192849015,0.04530866225290157,0.038268023655534535,0.00936718132689321,-0.020538654571929913,-0.03363872943388618,-0.03230657624869388,-0.02503826133297205,-0.028522679205502756,-0.045808332834146204,-0.0664630824388272,-0.08459460193410819,-0.08918655768529415,-0.0675536212045454,-0.02859469949367393,0.009485385627791467,0.03659387513791949,0.05695193892526347,0.08479587049167946,0.10655491963439265,0.10850205213051983,0.09413614956117292,0.07302678187762973,0.05750081201183626,0.057025403355755795,0.0729992249134116,0.09347410723808372,0.1143408750112119,0.1324061632439509,0.14965343623244134,0.17666354323061445,0.2144208297869085,0.2616057457366653,0.3094521444605047,0.3397292244372104,0.3342031635629677,0.29686199534412644,0.24903169161091412,0.21857895436756686,0.21067795489815114,0.21325986890180262,0.21857384602552452,0.22072688811713667,0.22550797244818965,0.23387212919550962,0.23976768878288696,0.22769098501045423,0.19110614395603756,0.13466756430211127,0.08023333116688221,0.03565543680143914,0.014582175168180002,0.020441561905930113,0.05510699600179196,0.10024586261333802,0.12689820734366095,0.12298055999193251,0.09371369845583448,0.06194488014547307,0.04543501914610896,0.034398621594754694,0.01930617845682451,0.005248968486038027,-0.002194912395933572,-0.004770737565832945,0.004296259357339729,0.028424854468549823,0.05718269499626422,0.07651806980873398,0.07395637031539981,0.058357665563926873,0.05313870034332742,0.06213641968700804,0.0880127584466523,0.11195140228544775,0.12265893369421842,0.12497080297198289,0.11784846368352223,0.08660879147546181,0.042602215534710206,-0.001350734153506367,-0.0386957909042315,-0.07377012875562781,-0.11330451145976744,-0.14857258191233522,-0.16119490075473855,-0.13068742364797883,-0.08276712564297384,-0.04509037399698309,-0.02297613520510499,-0.032652360982603754,-0.07984516067717795,-0.11840529484493252,-0.13495112900036335,-0.13192320162723947,-0.09663723663827643,-0.0381577875036788,0.03070059182753772,0.0879974523682974,0.12110100119805525,0.13154309960360058,0.12712332556204525,0.12085314642026487,0.12011723952706273,0.1148131961525536,0.1054881699047637,0.10369745597876784,0.10998793421606456,0.12147062091047947,0.12703827278939508,0.12850542662952405,0.12351814032126146,0.11955243163181509,0.1114803268129312,0.09936347158535323,0.08326626276242337,0.05660311427918713,0.026642564257414295,0.01656988248426455,0.03658994861120779,0.08692158146765158,0.148180033094808,0.20596894978063068,0.2417300238543682,0.24659631661206632,0.23364041362138271,0.20198500534417943,0.16091468637628453,0.10761383393656865,0.05770357124148269,0.04289210778382146,0.07638678893676693,0.1231601273952708,0.1435972382957706,0.12269952397114839,0.07821410164806791,0.030110264131975553,-0.0019343961832767292,-0.012996135073750295,-0.01691952522164906,-0.026442085375412133,-0.04230353331253759,-0.0522811480020033,-0.040953300239096824,-0.011268904490009685,0.030734748717051178,0.06861382175231708,0.0987017726966705,0.12518813365284964,0.14101335688062835,0.13519339987384066,0.10798117234454647,0.06287849984774758,0.014789079688142024,-0.025241751172651372,-0.05986013653718608,-0.08540976239488433,-0.10785908764877364,-0.12438499071005217,-0.13486648387167924,-0.13873261386329092,-0.13502202643933597,-0.13262177526528518,-0.13734107127380704,-0.14750604110474966,-0.1579612617958882,-0.16619136688817976,-0.17492343867704452,-0.18032175239184914,-0.1870167428412814,-0.20598496550124387,-0.23812781374222752,-0.26684273695187355,-0.27227017893381367,-0.2500500977756796,-0.2114192906912305,-0.183895622507648,-0.18631534457192564,-0.1667921971815335,-0.09969766807106685,-0.039811923153161365,0.0003300884974717657,0.029630218262818663,0.04710882854742137,0.061374480567495,0.07289485895812384,0.08246571902370856,0.09018401475235403,0.09520232107125041,0.09737207393460631,0.09832030752693131,0.09841836541213017,0.09209876089844417,0.08130107980280496,0.07865376191421419,0.08853410391254563,0.0990879108070524,0.10260570017642043,0.10699757462111043,0.11773610960611827,0.1360732041402299,0.15968134649602678,0.1798367094260257,0.1917212694771015,0.19739320452382522,0.21312738638794798,0.2584012911493686,0.31449768370032605,0.28860637932696304,0.20496261691213818,0.13915050803192264,0.09548437817271445,0.06601936299731458,0.05214486703639196,0.05106314797081938,0.05867474010463249,0.06780468712649863,0.06226216285231536,0.03850071470833994,0.017034565240700808,0.010748010765141414,0.021628230775510994,0.0464688099120289,0.07577086427256366,0.10024084954106402,0.11507722750333467,0.11312169333716784,0.10494441256417655,0.09079518165622769,0.07228195379401148,0.06469370856111016,0.06654962761835322,0.07799083721711221,0.10451085099344691,0.1354014310924104,0.15646640611767576,0.16238157730017438,0.15573980917457084,0.12897342720905505,0.08356646467491721,0.03298217211018642,-0.002382157870575131,-0.01834450858247242,-0.017816158950435073,-0.006881081764239262,-0.00025552211664789306,-0.009502041996034723,-0.03943836721368904,-0.06746827382753108,-0.07051646733262895,-0.04588820692217291,-0.007826516122909884,0.03410321519418862,0.057965152019002,0.04296638243908888,0.019039905686892386,0.006557790030944358,0.012925219130564486,0.04169904337290876,0.08073778817382331,0.10400182447240285,0.10817639694191743,0.10792418113260432,0.11020030155693612,0.11044484838598076,0.11048564289992095,0.10961717744207332,0.11240837097934483,0.11904600133716031,0.12522964324382518,0.12346048774608827,0.11198413537000336,0.09436886421990429,0.08063422774150161,0.07714433603295803,0.09626716947715223,0.11567563178841639,0.11358104112769071,0.0960122319136096,0.08302235926616727,0.08432806918629446,0.08770619908274145,0.08562674808327073,0.07687908123289988,0.04996140803796864,0.0030699583299103814,-0.04094111188884907,-0.07866625581467311,-0.1116209137665151,-0.12385727396862199,-0.10924699287062266,-0.06954841649477617,-0.00590217618224601,0.045859117105513054,0.0787902986883093,0.07885644283324783,0.03805858755106927,-0.04184929445619069,-0.1346511629259528,-0.2041235867063782,-0.24113836543452655,-0.2456941735431578,-0.22833991936938083,-0.19706350470841585,-0.16411448180065136,-0.13869427392580808,-0.12625478566888193,-0.1269127344018702,-0.1453009415899607,-0.17962025748281202,-0.21404839425296798,-0.21461502264880994,-0.1859559107108924,-0.14747780887143871,-0.110900504429476,-0.08098618108089789,-0.061511864585073614,-0.04753056725349461,-0.03560905282559111,-0.02810209344784208,-0.027131743719216613,-0.03341676367325089,-0.047053664808896986,-0.06190085105366518,-0.07013981078198382,-0.06791609604028975,-0.05588518983342869,-0.024251780080501665,0.028989950314268466,0.07828948200322663,0.11012210325288249,0.1296306651906037,0.1575419977468298,0.2002532415653213,0.24768774413711608,0.2798439500979972,0.27401867092069343,0.2405251030251586,0.20006846934593858,0.16662388023222882,0.14634919469144989,0.14424870362381179,0.15660924994698563,0.17403389555806598,0.1909525171015345,0.20658982532965572,0.21753521807310225,0.2313952937819267,0.2578812832666224,0.3013699482511889,0.3449310238228786,0.3529787521440603,0.3210631850278915,0.26621282907979943,0.2077158512138262,0.16116678316878108,0.13796505000185402,0.14730520505164493,0.17942638387546295,0.21177228374249157,0.2309160881720862,0.2379687065652391,0.2407407389641139,0.25462732698565155,0.2731640931999679,0.27717532423866637,0.22632573120885074,0.11282482497808942,-0.01018252165302862,-0.09748977041562447,-0.13418499881474283,-0.12088230899941775,-0.04880292772244883,0.05330622107609888,0.1162825461472302,0.11558614136164902,0.07750411978235061,0.04104914613684876,0.016278298921742058,-0.00915464571532829,-0.04542202110905551,-0.08155979057093002,-0.10017430775174065,-0.09211322504204038,-0.06490555042218023,-0.033172401794764626,-0.009760221110775449,0.0012260869440330446,-0.008554459613332836,-0.04461189614593398,-0.10654927536901401,-0.15371513692058447,-0.15821960630603984,-0.12097287095697397,-0.06290059301337975,0.005700755630791725,0.0651683710203105,0.0897695772090164,0.08895618620029541,0.07759576221498302,0.05495619583873864,0.020469808467401773,-0.00443559575049136,-0.002101208528712172,0.02634336994067659,0.051281893556180305,0.07200404317682489,0.08721327599044061,0.09642462229285684,0.08191850821261937,0.0542455894873318,0.019685040303065983,-0.016852673537332382,-0.048090214960096515,-0.06537434388621349,-0.07046793408742451,-0.0694169904314536,-0.06093088588050777,-0.04228689703904641,-0.024549350923681486,-0.017627903802661243,-0.016565749255203648,-0.024294816685676516,-0.0470551035006532,-0.06880288700913698,-0.07880887272317773,-0.07415453257139766,-0.05588618952415488,-0.03282926084443205,-0.00687354608529782,0.016524894981122785,0.03136710194076004,0.03599841533296001,0.04389287156387099,0.051822655089177404,0.057539118517509834,0.0501171304924061,0.04642861863712973,0.04477620343779749,0.05189815889596436,0.05923767941199406,0.05462095851523468,0.03343854204206741,0.0039013950934579846,-0.020216576711727694,-0.029303769543057377,-0.021654570524897818,-0.0015886174756771538,0.03695293029734785,0.07205000262297911,0.0657765314126863,0.04005096159606495,0.009854631055872032,-0.017962156707451795,-0.03713699653070395,-0.044876139399718296,-0.03952033456753895,-0.026980603415380788,-0.015200886010066717,-0.016268038658112216,-0.024648823179013013,-0.034217694738703223,-0.04276058426138762,-0.04718307348253511,-0.044229626879377135,-0.034068575452254175,-0.023055491929601157,-0.015400040983996085,-0.013943944579249575,-0.014396303997797434,-0.016828243904875792,-0.011862771647848725,0.00216311995074674,0.022202639988067808,0.039303392968186454,0.039906802047817706,0.002940916282085465,-0.03661902084280244,-0.05896226858577655,-0.06213182884177151,-0.052979732848595334,-0.03014000486567927,0.017064260122007725,0.08313611852205541,0.14441207156569222,0.18411311137471353,0.20587191834900023,0.21411413105095325,0.21872185299948566,0.21556050203480173,0.20814358309562583,0.2021451321459468,0.19991072975840526,0.19691221377818596,0.18931181712343892,0.17954385269387296,0.1678748476323333,0.15019777765094336,0.1219835596782908,0.08114831355923885,0.0339966329971003,-0.0013132654804712273,-0.021065007019256683,-0.03389965732612489,-0.03926951935922624,-0.040336183080700604,-0.03867534239619531,-0.03810459417434684,-0.035955545859307284,-0.02333721936530388,-0.002234174970917376,0.021981738733065564,0.04527696154761551,0.06900164362425189,0.09506827909769816,0.12839155665160476,0.16717947013792248,0.19783485583722543,0.224151829165057,0.252432409885683,0.28470908339037415,0.30871400397873844,0.31198193355633247,0.29220131306234015,0.25712041049131457,0.22629741924741661,0.20721047026460082,0.18185868972770555,0.13696890245481605,0.09107665313929666,0.07184491933863789,0.06463851446282434,0.0660392521313291,0.05670841142722307,0.02425064215952733,-0.022154360110292544,-0.05351616131170632,-0.05999132548051587,-0.05166608284075843,-0.039042602505428035,-0.028364725682601816,-0.02868982694348979,-0.04140888468572599,-0.0612948861193198,-0.0751129832686601,-0.06342220689318269,-0.024231291696730186,0.028943002135369156,0.06659865280946509,0.07333822605867006,0.05362751158877912,0.021229782970256864,0.0006957850533193483,-0.009737246497743688,-0.016951127591116045,-0.022093927607889922,-0.026406087850473912,-0.035519713904201916,-0.04478786342107949,-0.045280638829186017,-0.03805830997263879,-0.03437377253647153,-0.04131927226987936,-0.06055248724532175,-0.07328501167645823,-0.08398946070802477,-0.0826361635653807,-0.06878683385426726,-0.04890837826134924,-0.022186392296171382,-0.009397626401909533,-0.01882413093904228,-0.02792122658276687,-0.029249280436138368,-0.017519275654161903,0.005455981736366157,0.03524268595410115,0.06302998982833449,0.07901461610709506,0.0691800706081466,0.054878277483017594,0.04225677785439468,0.03159689002421783,0.02354554026849871,0.01979765879217399,0.016873624150306226,0.01176884900972507,0.007038831644001459,0.007570513044411541,0.011856440430035293,0.012162941191243773,0.0050655581911968695,-0.0037061188568324405,-0.008082534792148424,-0.0043381240565121635,0.008079108887948248,0.028219261863395094,0.044643334792967816,0.05029322686906973,0.05427148462262947,0.06459704881861175,0.08692356391813914,0.10939657748318543,0.11447328275483008,0.10427325892947005,0.0723629051836395,0.03126575884304752,-0.006241154609116021,-0.023560934761471447,-0.015817874208497118,0.011939479952459439,0.050791027133698416,0.061149418842973834,0.017773512410436385,-0.03250923019839102,-0.05408235782027895,-0.03486507659868766,-0.005808143078561273,0.011972157650596706,0.02048840893705956,0.01962424086634575,0.012255087853070414,0.0015378192600363043,-0.006104334613816621,-0.01079917363198087,-0.024912408420481338,-0.04640695148735604,-0.06816306438592669,-0.08651804656507354,-0.09618570671015438,-0.10280122342877371,-0.114803078013034,-0.13507259779647493,-0.14366422789478733,-0.12528449898761612,-0.08695410300345695,-0.04580882742198105,-0.015703928982326774,0.002439526741086623,0.01204284082361297,0.01806413758293462,0.029597265186540638,0.049204214901288984,0.06808855830535403,0.07400444181241299,0.06255585392316149,0.0410216843535158,0.021312221237389958,0.010481393815549358,0.010210821392123504,0.007119334243583949,-0.003378619807350949,-0.021195126289604158,-0.03929644241471932,-0.047671791696975434,-0.026110436663187398,0.0338374892365211,0.08325775855835639,0.06774790156756974,0.0234975381860255,-0.01061548872111754,-0.01672057173164874,0.013217895576729817,0.07375583565871036,0.14152487091455437,0.19444218247215783,0.2317334833164313,0.26387401898526336,0.2940990350902104,0.3184537638648492,0.319350767337687,0.293158626517991,0.2519698023733137,0.21007710743087285,0.17706757324141156,0.15784164630675313,0.1491105603588101,0.15050787431070925,0.1457267550512138,0.12011216339474483,0.08448622840493994,0.06005596238673882,0.04777083708549713,0.050873390479117715,0.07486232926602586,0.114485101407634,0.15812326047349423,0.20580492558197322,0.252344793639774,0.2920873657554049,0.310141575931227,0.2900120998678377,0.19732851163833556,0.11092310314048655,0.08160843435440125,0.08874676370656737,0.10506965525425027,0.10928263095565648,0.10401380450272789,0.10625115143093716,0.10656556953720611,0.09125110785103285,0.06613966494595257,0.04537695327929834,0.03177805495734349,0.022490399562828976,0.012564518731348775,-0.002778595071493838,-0.014226689744092563,-0.02343285426959656,-0.03921482344731662,-0.06384332884762402,-0.10271534801813464,-0.15389270324262025,-0.20111846457835453,-0.23133507930596653,-0.24178063672768585,-0.23586849434171628,-0.22451327915268524,-0.20339616218579937,-0.1788842346085278,-0.14981508929694953,-0.12186596528384319,-0.0998465151477914,-0.07422766116119595,-0.04458291748222668,-0.015855939694545386,0.0038976915589134698,0.009377583252641751,-0.021445662888782104,-0.07460216812960122,-0.11415910536507902,-0.14167708840081328,-0.1488242361177324,-0.13473312678823324,-0.09290107598696803,-0.04418534548024948,-0.013523770452660597,0.0015909674687292685,0.01732659707349884,0.05146262300189401,0.10138956607024957,0.13049442433992509,0.10996391148963452,0.06613744462539527,0.03194134756369355,0.01531971755128126,0.019415605458274733,0.03972471558098648,0.07210148887316173,0.11417581593990273,0.15905347818804103,0.19220817365823004,0.21813293808445958,0.24528341953682076,0.27562462702628016,0.30597245565504594,0.3261032352904244,0.33162320233170234,0.3260800533906897,0.3127291562918528,0.28716916192236025,0.24590099060797477,0.22574220084619892,0.23783298204885692,0.26716600487893244,0.2716810626556807,0.23248982596300666,0.14952508124451347,0.05514618457431561,-0.0055202614022915545,-0.012328435068424903,0.029541687099453796,0.09047405509032606,0.13558746357012108,0.1391088963899651,0.1079570431803612,0.054445735910904736,-0.02160203899840388,-0.08671609675307997,-0.11363079415636713,-0.11861444736980967,-0.12356640540938081,-0.1238420078528047,-0.1185733448927665,-0.10455789893280341,-0.0840968477892643,-0.057084986782348746,-0.03207647441959518,-0.016473102213681336,-0.013395980231868646,-0.018812333452023492,-0.026533802667628406,-0.03359967388152054,-0.04744115546946298,-0.07469360387769365,-0.11828301188570724,-0.16834537699746474,-0.20879428434041547,-0.23814977185269615,-0.24637150432164184,-0.24083968656545374,-0.23731874613513945,-0.2329041572437285,-0.21339318742557606,-0.16164468660243597,-0.07335351957457295,0.041088238232219215,0.1491343647309173,0.2104990025051884,0.22259072428359264,0.21439713553314618,0.20614264604949845,0.21326319382193465,0.2357615679740873,0.25195052450163635,0.25840296340304747,0.2627288508214912,0.27068480115629395,0.2650827689102111,0.24845851026935217,0.22308140358643425,0.18406405470207288,0.145555785420227,0.1259289514084804,0.1229325023021124,0.12884545586196844,0.1319781162999783,0.12557248466556553,0.10565325226993004,0.08094289240903399,0.06355202784018357,0.0642642425620101,0.08781797887791952,0.12058613483406302,0.1414669683274197,0.1421871545407356,0.13167684714812677,0.12395050052745182,0.1332796945815585,0.15237165334940886,0.17658619385100177,0.200408802375707,0.21568144672591993,0.22685513800309615,0.22673963676387038,0.2155733425041414,0.1849037917116125,0.1299214532060976,0.07539577955881313,0.047265330205984654,0.04683897241033924,0.07997335347213574,0.11323123833862853,0.12787388063789398,0.12486846825502858,0.10747248115901144,0.07963298650161035,0.04786156976368258,0.004842922232216909,-0.0480273264506129,-0.10332364029738293,-0.13587303656513064,-0.15106642165924286,-0.16452130637724077,-0.17809167737438514,-0.19055564021169916,-0.19726085452154354,-0.1889797394903758,-0.16918441122358455,-0.1464196277371124,-0.13210715610705887,-0.1304917886373366,-0.13719827622520622,-0.14864152939399247,-0.16089126473707505,-0.16880889460190177,-0.1706943587040312,-0.16364745050455026,-0.14404886536497202,-0.11396271248130435,-0.08696907051304686,-0.06928073505716124,-0.062131607568019935,-0.054570301110094116,-0.04171212963569781,-0.01694297510805043,0.015328236003843834,0.03208823070834525,0.03153505116876566,0.042720459683509245,0.07136900199260572,0.10673080077044599,0.1417369300501727,0.16659196800703033,0.18256853737236226,0.19074310616677168,0.1977075310521694,0.2030354662747076,0.19685845257661883,0.1748269633334984,0.14671682441201694,0.12609501024268788,0.11939552957880513,0.12092152296210278,0.12078043987906627,0.12235713663669356,0.12588489649091086,0.13334396338795138,0.1384176271449711,0.13610595835184566,0.1272492859642736,0.12313829376447388,0.1362963477492147,0.1730086694771091,0.23129604271421098,0.2933575931363187,0.3292182629811928,0.33881666581607905,0.3490721930470666,0.3609819599325956,0.35051623115875624,0.28734717953799477,0.1824882172507362,0.08662134106583874,0.023346899140688045,-0.014754575535384552,-0.03490612927011058,-0.038408956225038225,-0.02682932485071519,-0.004657615709151014,0.015399082187547054,0.028506684591954982,0.03263657362898156,0.028384973488061807,0.021170482464401556,0.008499146548754957,-0.005978157392073306,-0.018186482295223485,-0.02733985706155382,-0.031583201038959306,-0.023449982574068898,-0.003889122823489529,0.02783125757810114,0.052407635892672264,0.04188289172657953,0.0003890382204242761,-0.04531766771081709,-0.07482089441183618,-0.08771448110090344,-0.08986293636140513,-0.09267965256997497,-0.10714486333661151,-0.12643374998811338,-0.14752927137866317,-0.18394566460219336,-0.2291406342070452,-0.25863891748521123,-0.26294058072643883,-0.2559738386560769,-0.24700851073432378,-0.24348607688798615,-0.2533394480947475,-0.2809989813718916,-0.3138154209555418,-0.3336877846475713,-0.3319521953637751,-0.3095575111749633,-0.27622825980061744,-0.21745724358040178,-0.15366536063563865,-0.0937956790204729,-0.051767715610283975,-0.011368018732475565,0.01964590805365123,0.03429266529263623,0.042414765523691986,0.05744943644688665,0.08140413105743663,0.11127019041629012,0.13369936302775964,0.14133393590839397,0.1507295521838109,0.16786997893634445,0.18687012902848002,0.20531060073697657,0.22007762375749337,0.23340438920573378,0.24288384259224677,0.2467075325104036,0.23358296819481442,0.20387399258643604,0.16739802137678234,0.13457896588158422,0.10551339085217844,0.08895543176729685,0.08454919151686145,0.08918224904448283,0.09632216910311883,0.10262078326322194,0.10028516105053119,0.08891525593631852,0.06986895100619563,0.05904843841742585,0.06489066828364916,0.08078508612502572,0.088204473055841,0.0800624712437913,0.06683577017217997,0.06480103676855599,0.0945407078323132,0.16287721074487924,0.24833149939695193,0.30856488986830644,0.32958460091822245,0.3103441106742267,0.2800831711566457,0.24259762151945968,0.20516292701654995,0.17199619437827995,0.1416515025639403,0.11270110616354134,0.08804128092116904,0.0656930558207214,0.04019597991570865,0.009916175983173018,-0.027670497231187977,-0.06090535012220721,-0.08477424612953585,-0.10307592629219772,-0.11894299116237826,-0.13526219321393917,-0.15094519110149862,-0.15478991712334705,-0.1434939639192003,-0.1237390438060606,-0.10753799215322934,-0.1016284101974457,-0.10288724885140334,-0.10687995773389729,-0.10829073847502012,-0.10683223388613464,-0.10738745881762549,-0.11147913587268443,-0.12031988727049024,-0.12929177331615618,-0.13487761254424527,-0.13568829335117602,-0.13618077472014192,-0.13982929138999853,-0.14942638167336242,-0.16196011904546295,-0.1558271007798098,-0.10480335119488834,-0.04956500707593943,-0.00789327820684752,0.025264910811801905,0.048780108644669314,0.06648354813655426,0.09076911346403695,0.12752897725415768,0.1613720333858117,0.18286445366877363,0.19673375809449312,0.20823109365808784,0.2096234668569893,0.1923751723621289,0.16397754829225836,0.13572730881804837,0.11651711676280616,0.10856036880819522,0.10920263552711527,0.11534197408766345,0.12022545318841614,0.11916198317586388,0.10923473380907486,0.10399570217371458,0.10659286394879382,0.1194982091346897,0.13796266507238672,0.15958184765963812,0.1866237429849731,0.22000722659740324,0.2467231545235769,0.24768841666037228,0.2115735858063886,0.1456635731959575,0.06660955458810554,-0.006676449670381716,-0.06088881825368595,-0.06744014790074215,-0.0070551496739562234,0.09004047680392609,0.1468352540233085,0.1352242164361846,0.08630861124443208,0.045647905024636136,0.026515490667358834,0.040409361706234284,0.0936723267290768,0.16349605667198233,0.21056993970468146,0.21914831974457355,0.19153751573756123,0.1463073512898653,0.09848141458394075,0.06666213316691552,0.06096525272271592,0.07465364519423437,0.0973070770885638,0.12347973058336102,0.14077455408544234,0.14002195087110914,0.13007780845335104,0.11537926327497403,0.09698221956099633,0.07230204054235898,0.042442685055866604,0.007796698572563618,-0.029067161543838985,-0.04690304008699027,-0.04532565945021358,-0.03646992053431682,-0.03426077196264263,-0.03814757074027587,-0.05046132895159676,-0.07232081951751923,-0.10751385634267047,-0.14826441317283143,-0.17230504385651674,-0.17187216962605728,-0.1624936368485281,-0.16081875470169232,-0.1524311549982374,-0.13279511298985583,-0.0861822414059806,-0.02357811257545573,0.03150893991284976,0.09640167474995258,0.16567163589517886,0.2248317876485776,0.2533261903575173,0.23735802380235438,0.18367024885004032,0.12035842812148087,0.07862076521248187,0.06091591784158827,0.05443995879526597,0.04668023480362129,0.03462933534318012,0.024491025911179107,0.01769704810340599,0.012460161215308704,0.008301190486392973,0.023821852990400898,0.0638803123664163,0.11681469812257192,0.16364638523291575,0.18569309748617785,0.17536668902510463,0.12904446832805264,0.0806077424225502,0.05773883299592323,0.051700903087767404,0.05363468348247842,0.05951606058563814,0.05730327262352313,0.043867782205840956,0.02754859228747264,0.005194994282620994,-0.02095179365784825,-0.04631011681168403,-0.06419210478456383,-0.06207905515949089,-0.05715056258962664,-0.06957343676203756,-0.09808537192303297,-0.11377270779270084,-0.11120739950015257,-0.09955120258028025,-0.10099069605797639,-0.11303664336048723,-0.12153493881553727,-0.12524652401674696,-0.12968438447637262,-0.1317133815941944,-0.12984118727958263,-0.12311234489842833,-0.11858074140903983,-0.11632742164355843,-0.11888221642727434,-0.11241317559967029,-0.09424660713524764,-0.06672200468680806,-0.02976218729722542,0.020939165635977298,0.06500159875682969,0.0860732460054854,0.08233366421933216,0.060153627455298245,0.03449957837350955,0.019671548582022687,0.02094056639936649,0.0263929346743429,0.026593256666211124,0.021399398549938692,0.02614998611722432,0.04956458357439946,0.08051710571783853,0.08945070754321104,0.0686750267124535,0.02199152819529062,-0.0034362528993803158,0.018898593076569575,0.04473064093406071,0.07192005920655914,0.08722250551378076,0.07916817100623848,0.05696814806880505,0.0339238336699671,0.014945318977549304,0.004828885465443449,0.004383713197530572,0.011514965374546453,0.024398081174253464,0.04026740313593549,0.05497460886930143,0.06989762430170554,0.08670373806007652,0.10420448082909937,0.11528537386492824,0.11038459001375187,0.09317209651798232,0.07510899481079342,0.06839705855732964,0.08466122313774803,0.11901119256147569,0.1614518009812598,0.19251866132325846,0.1974641515502209,0.1747862493624743,0.1515878015451897,0.14773756997471846,0.1615258370487806,0.17616328767760556,0.1781546468846782,0.16395145928161867,0.14243624323840243,0.12230982271916971,0.10965517652376561,0.11255066125978004,0.12732239218985386,0.14514511447058823,0.16309642816554637,0.17437091258471743,0.1645900869538762,0.12635951531457473,0.0704183076818465,0.020650776296094006,-0.005795405818733029,-0.018287931976453023,-0.034306244941787245,-0.05685890388055699,-0.07640936815278679,-0.08645894550961548,-0.08641827649073816,-0.07737637431180992,-0.06355158749138533,-0.03988591150456109,-0.010917969065970659,0.010225901276625326,0.011830399805857475,-0.008426292789902048,-0.03670787389117405,-0.05444225359337285,-0.056126975090304954,-0.056775976090687415,-0.051463476503211765,-0.04384824198845186,-0.0428744346495135,-0.04745281073696639,-0.06725672134960593,-0.0970964211216128,-0.12287901178353314,-0.11783228837712263,-0.05259243790553353,0.032818420577123544,0.08859434174413365,0.09737888344066913,0.06310956137737833,0.01210942972484298,-0.03513850469874462,-0.07204057791957352,-0.0901438283323019,-0.0901839407127964,-0.07321785968216138,-0.040076380713421185,-0.010762722956683277,0.00798603660603847,0.017461194494373056,0.03172238231404546,0.06610166051550057,0.11929552246013972,0.17826928789620278,0.234536653363526,0.27808410466375827,0.29045452550995216,0.2639733693488592,0.20913130245351183,0.1640112739207849,0.15147625419645455,0.16406561057960922,0.18572288130772285,0.20433944893716227,0.21132374555435698,0.19855832210312244,0.15928768442005264,0.10628241214631833,0.06573903040575993,0.03615108639219998,0.01157446796809891,-0.01625143711715606,-0.04182995676498054,-0.05499920471440291,-0.055772093245078605,-0.046655304354207304,-0.029349418573055924,-0.015138877222468664,-0.012988122252725668,-0.020336018682436945,-0.027788194209273413,-0.023098052369119833,-0.000724710518575981,0.026756452255691975,0.033785268752694816,0.01628633015895431,-0.012818795720811224,-0.04886345302531085,-0.08778103099267279,-0.11568807468123521,-0.12213372067545035,-0.10898835148949612,-0.08159604216285678,-0.05027552089753723,-0.018960872908401604,0.012877147323682621,0.04338401216695881,0.07007767043025315,0.08450797858140957,0.08278975580468255,0.07320638240133111,0.06253076654941109,0.0507770111055578,0.037493905514324195,0.02365455393584878,0.013594246480544176,0.017914802632164852,0.036177841517300115,0.058910924711318355,0.07804419444877461,0.08831712970661652,0.08864498744406503,0.0933014186881702,0.10065688275980514,0.10981630730487002,0.1103120820416428,0.09027778694175745,0.06862520909828695,0.05283484181250031,0.051503896922226254,0.049544122089504,0.03250370775401321,-0.0067428874229870095,-0.04528427983086108,-0.06142481456836758,-0.05826535546986579,-0.04394969735429688,-0.021598649611074338,0.0023596784971254632,0.013585159705714367,0.027212600131290676,0.04784129362603055,0.07674012118903453,0.11204760789612021,0.15623986030972747,0.19643261043631408,0.22210067557359023,0.22953049188326338,0.22393495549668868,0.21439024746069052,0.20686260450050797,0.20023730436139847,0.19049255196559425,0.1703393164086294,0.1425625790225423,0.11576392269964661,0.09956283723957524,0.09549499679433107,0.1008655937727297,0.11430297715661755,0.13795762898588415,0.17098369216564352,0.18951286356616687,0.17992924423273154,0.15065965363508613,0.11073439731295398,0.05420229302333092,-0.007331373935927558,-0.034869680045597214,-0.012203098321750408,0.02503364394326724,0.04942733024632892,0.03955682409590755,-0.01230548723094211,-0.07227596774042837,-0.12071275211859411,-0.14704321658051445,-0.14414154914533103,-0.11775511658757565,-0.08074538266395559,-0.04981785990775011,-0.04039454415481887,-0.037689649635845944,-0.03994628418345933,-0.05410916226229786,-0.0848525663604608,-0.12475187628911427,-0.14657649135258563,-0.12753188003831736,-0.07822498774407141,-0.03943612284521601,-0.03350704727601477,-0.05541116202954871,-0.0979155645159121,-0.15352974987914952,-0.1996598655301948,-0.2216808342363314,-0.2151183128207784,-0.19500230358729817,-0.1715673933608802,-0.1538995037788789,-0.1439532633297141,-0.1497013167354416,-0.16413952803357365,-0.1810407803832692,-0.19611859069348597,-0.20043501190290064,-0.16808769335098575,-0.09142143141611773,-0.0067075003143629314,0.05284301855448848,0.0949928638470484,0.12289527580920917,0.1506484031886997,0.1766499703784163,0.17862719204152935,0.15049554717495947,0.11053917036691384,0.07346152581732145,0.046242083175401266,0.03280958462915108,0.030994928422953625,0.037457930190157536,0.04808429739138965,0.06059033488710939,0.07588683317543043,0.09468416686375154,0.11467583514371735,0.13616209454514763,0.16010176121054942,0.17385932867054069,0.16558096898522986,0.14273951503325455,0.11296113665547207,0.08556160634548997,0.07872818606759761,0.09290440662641047,0.12838775996805216,0.16823939049041692,0.18582383621408888,0.1660129291346519,0.11292182338282059,0.056431417543470204,0.01448160637803762,-0.010874985624173193,-0.026029694498125498,-0.03756356952867894,-0.046743694785327326,-0.05541765361502996,-0.06249819660111438,-0.06625361886430488,-0.06558613947961156,-0.06022420112960174,-0.052119625053537524,-0.04546960519330762,-0.04121126556337814,-0.03424089923249186,-0.015451108335211895,0.019710612509082997,0.0655514523277225,0.11051717177121662,0.1397233730042146,0.14813328043357848,0.14317056922125634,0.12440402068282388,0.09394782892142126,0.06655901795000944,0.0539849779942276,0.06521157943976866,0.09522572995091991,0.12311420001233768,0.13298192750036691,0.12461592195295282,0.09852377879579559,0.06755244099713832,0.04081862160742442,0.02609792759173367,0.022374926942166008,0.02168162940411851,0.021529080493218902,0.03039410076127935,0.05248281854761015,0.08360203870408829,0.11445782784334432,0.13668986361359226,0.13418277862824501,0.10783870157809836,0.07719216314869849,0.055836062288821105,0.04437836381645355,0.03782822183341134,0.029072271245227505,0.006198509094597798,-0.037226018070279615,-0.08877693938913646,-0.12703552261798703,-0.14260165549593717,-0.13227194774203924,-0.10503753393458795,-0.07149756619641111,-0.035726763462744365,-0.0007076612697392764,0.02275252925326495,0.02823413861449202,0.0231982537666948,0.024310371283751186,0.037441644341039096,0.06012965620192806,0.07807116998420432,0.0858015897081197,0.08621478731608913,0.08486685818030623,0.08876034430047446,0.0964850149219758,0.10631677497790896,0.11621415859161646,0.12753888084033185,0.14859078324841246,0.18024111569003112,0.21198969171132645,0.2305173848125681,0.2271633521871124,0.20429125666288367,0.1714495349453195,0.1457602145383998,0.14421902724542962,0.17163064092016442,0.21933446805600434,0.27633205275740486,0.3303061827821712,0.3254433144518751,0.2562779016140911,0.18749519824984998,0.14298764839100658,0.10237695051338697,0.061726925032758735,0.030605388921636462,0.025851424429999176,0.04218322559076868,0.05890958676366827,0.05844240545697167,0.02844003630688694,-0.022655626727908267,-0.07046582977505633,-0.09454668059997519,-0.09504012584708497,-0.07559599077152702,-0.044754546567674164,-0.010225251357315114,0.02662039564812748,0.05501701619976374,0.06261259259149023,0.04221488291705844,0.01023454204874005,-0.018004806726933154,-0.033021789410891386,-0.027272703320317684,-0.017931649704281613,-0.022818320908166618,-0.0329757917490172,-0.03252648172254612,-0.02841881070592608,-0.040841884350404555,-0.07697474927256238,-0.12408764180516296,-0.1509174347281404,-0.16339254449371873,-0.1730998645571579,-0.1904702462025295,-0.21419952215928326,-0.21616282612933835,-0.16170854566253706,-0.12041082531923118,-0.12420767081958262,-0.1499234201359323,-0.16368500357687885,-0.15341739247108016,-0.11790137140918083,-0.07383778345512637,-0.022511582176128135,0.03367763180318533,0.09300962469561924,0.14420262657468344,0.16887038586192774,0.16042665953320717,0.1320267372683431,0.09756387736258229,0.07351651224396286,0.0607821040757232,0.05046411261931484,0.039301854189570065,0.025150784151169045,0.012543138510964232,0.0010706581459387643,-0.0004479746216815069,0.017399604732276187,0.05535293837446186,0.09114909155561746,0.10722856591521449,0.10394885699400255,0.09912733359068172,0.10900864223622844,0.15856940372653214,0.27922606192086924,0.4601926249411196,0.5740894232592507,0.5684275370237277,0.4974191959754149,0.3589471336846246,0.19368138276925986,0.07450816870294677,0.02164540881295215,0.01572974100153546,0.03169641694556277,0.047674527105278336,0.04127675655477662,0.0066053013365715615,-0.04452026517737317,-0.0961990096302052,-0.13705534417497217,-0.161323926533994,-0.1683849793506136,-0.13940201150274084,-0.0915616329981569,-0.05843645008906431,-0.04418491768646036,-0.03995319623284428,-0.030300949215532818,-0.00927795900610231,0.010504761268535837,0.015396007558474865,0.004734584980408408,-0.01335090321951399,-0.028588681513638893,-0.031454853722806465,-0.018284463609352927,-0.01580286855426157,-0.037146446403769524,-0.07267187838565049,-0.09649585870846245,-0.098710491356012,-0.0803046994640024,-0.05757218560099156,-0.04325267854039016,-0.0497419337958134,-0.08686174594071899,-0.15536497666082785,-0.23070607645357205,-0.28090613332681724,-0.26674743099537845,-0.1807487961241622,-0.10412837203837416,-0.07859182713588948,-0.07058376004926498,-0.061254013601802555,-0.036218858658564015,0.004434116565597623,0.04599563546420523,0.07309351569879184,0.09114971036496143,0.11266272462913406,0.13853761961401245,0.16436969522560405,0.18028123234428195,0.2076570872323799,0.25111243523639803,0.28546528077658173,0.28910945163163027,0.27743980105398286,0.2733531346154007,0.266810314105098,0.25035427773693864,0.23809841314382238,0.2396644347308403,0.25519098067889534,0.2644802975560984,0.2467077072099877,0.1990923402995092,0.13419745399522626,0.07154928520313313,0.030996608488377875,0.018697527949603006,0.027592575907731533,0.03955299940082498,0.04293832781676487,0.04210300670057024,0.04720619102585865,0.059367621362809535,0.0887206889226769,0.134568620230955,0.16900865773649662,0.16908974525208034,0.12492539373542026,0.06850753443612563,0.038929737750366934,0.03551934621385393,0.04689034956865814,0.06814467602725972,0.08788611472766084,0.08756527821780338,0.06267836245724502,0.03426682471488422,0.017621545926034852,0.006987635503678796,-0.001165417786120829,-0.002637136173002325,0.006445022164337156,0.02943271273047852,0.05735748654755216,0.07197354866080954,0.06020604235722683,0.0342024773766795,0.008212864484547987,-0.011302678779670089,-0.02038352679268511,-0.01824664563665084,-0.004058554496075138,0.005428754876711932,0.023141391490926613,0.05408772539513808,0.09021210864641044,0.110508430237128,0.09995561716038186,0.06160586339569451,0.014432564275751281,-0.012887266514902929,-0.026653485312355858,-0.02999818836549758,-0.027251477392496486,-0.03194352029091659,-0.04057338462750736,-0.04560676870328642,-0.046922451028366105,-0.04018624905314755,-0.026186090421961843,-0.006933701413647148,0.014169843819834532,0.028615348747257005,0.04697588813389596,0.07610645918754877,0.11264744988811189,0.14510791526488032,0.1586528878079865,0.14110530658859385,0.10721178212369119,0.07256734979245147,0.04735968976484023,0.03214821824154486,0.02791131260301545,0.035152768372857406,0.04546526741101345,0.05610047095882059,0.060913340642150836,0.05718049656686405,0.04299677233100414,0.02557304226334849,0.010458990394141478,0.002797583225099985,-0.004704961425355967,-0.019392116101374562,-0.034947507334698605,-0.03788456227233625,-0.03536170671417548,-0.039359795396644234,-0.04752641372531153,-0.05511236814043764,-0.06396411541281646,-0.07999938845273219,-0.10574481714787143,-0.13264276521029905,-0.14685166271179492,-0.1420342259641053,-0.11942352576679896,-0.08585149168513263,-0.045902765033112,0.000182835254649725,0.04463821760972832,0.08514813222854135,0.12063953129748226,0.14908370096974763,0.1694471450059437,0.18395447008993138,0.18988126639888728,0.1903179653694049,0.17869357914444076,0.15664101179082096,0.13191605763475392,0.10622944634633374,0.08015529545926739,0.05651401009204808,0.030174534379533824,0.007041286181911082,-0.008748653126170278,-0.014177478123116585,-0.013730680719907809,-0.009272109248607184,-0.0036865498910424134,-0.0007755914498212126,0.002872384884642642,0.009240562224137638,0.02326940090484813,0.039834943762163705,0.04458702661886667,0.01974442655913148,-0.032431044558673607,-0.08644371075398045,-0.11471197765324112,-0.1114488248638783,-0.08799168123561481,-0.06320402096787825,-0.05032523826444857,-0.06014097322280354,-0.08164341969439762,-0.09749936255434714,-0.10097629967352612,-0.09438690956693285,-0.07326128593118911,-0.048148931703835156,-0.02268354994060154,-0.009002894532308502,0.010701214941863043,0.037741484906161145,0.05963515013119665,0.0733362127445815,0.08698658626346795,0.10654767213407326,0.1278917169434359,0.14164911693821966,0.14587825606690066,0.1297910090628012,0.08729265629622453,0.03231536283796432,-0.009761426538907764,-0.02795085028141102,-0.019550626591788516,0.009705860931317395,0.04794153260190287,0.09616049229038395,0.14994809733507053,0.19950812925329475,0.23884084528831173,0.2667883880224892,0.28429856034074386,0.28998200563123017,0.27521296750019614,0.23177489355367137,0.18261486104523902,0.15072556074840898,0.14133962927136817,0.1364690201410586,0.12832681697685236,0.1229146734330798,0.12173290966366809,0.1300282798871916,0.14594808122866756,0.1561853146554281,0.1419942876980981,0.1150125292648107,0.08833090332115999,0.06824472975004751,0.05292829448720859,0.035801733955449416,0.02320405546389057,0.02824821086327247,0.04995176727856129,0.06596491450653343,0.07133671511044687,0.06656861464527056,0.061692926878905596,0.06255221191254484,0.07116516503454284,0.0881014397265741,0.10154129431729296,0.0881795794874717,0.04501179641616154,-0.015032644597779523,-0.06391349904939043,-0.10657862662151657,-0.13685330094931367,-0.14538177381343173,-0.13676866065200752,-0.11894762873422705,-0.10218389997092979,-0.09302361638191796,-0.0956910241731614,-0.10072597075454717,-0.09094259431000794,-0.061242205780751034,-0.026432434086743787,-0.005838920691695833,-0.012975964895960604,-0.05507495302782008,-0.11197660654340735,-0.15907308915717724,-0.15200794735721385,-0.08674724877199659,0.0005494769487659194,0.06839319840309953,0.0998273748598547,0.10432627297282224,0.10656438593023647,0.11530505123235034,0.12134413983118968,0.11850003752927889,0.10273525712938592,0.07692551640943254,0.050718739372274634,0.03566381710372769,0.042005649538565705,0.07298823855287878,0.10992634133953268,0.12216931913918692,0.10252500598996722,0.05775887407884686,0.003818765969756905,-0.04530416791753835,-0.08185689474613134,-0.09753955380809341,-0.08902472248771529,-0.06418532028241733,-0.03752646954445724,-0.019019182464707983,-0.011191465180029303,-0.013222870234398023,-0.021578067060108952,-0.031236848184337893,-0.044464655566188706,-0.05494891930801533,-0.04597799930415456,-0.0003461457437888783,0.08417682047198531,0.17673511299210481,0.23801461632287213,0.2171012018510531,0.139073015929468,0.05102201450249476,-0.016549012459888813,-0.06186136345676915,-0.08664369470196577,-0.0871402313752697,-0.06937640388593319,-0.05330233387002203,-0.05096536648774815,-0.0541795288075044,-0.04624918276869847,-0.011648390348157818,0.03286675053155455,0.06130946859247922,0.0664043330970745,0.05262746765776869,0.03622137189728906,0.025221534532389258,0.016189320061767754,0.005794616585510494,-0.007762344582106445,-0.02191054366502911,-0.03999924453961678,-0.05754049960896755,-0.08039184559047868,-0.10334508258467007,-0.12481180272402624,-0.1393548220732433,-0.1361874912889147,-0.12391211098635788,-0.11987194955302878,-0.12125930335919505,-0.11140312164364218,-0.09144047767697061,-0.05870013866597721,-0.022512320929652208,0.0003960615043046197,-0.007919058806975009,-0.036570774616571995,-0.04394681247438163,-0.027749631828575143,-0.011053763410554012,0.009039078791985736,0.03236567860312767,0.0683126277245462,0.12050944018056907,0.18231315706601045,0.23780814627554864,0.26896240719866293,0.26567589603456376,0.24408323898498385,0.2229226098342878,0.20631884384312377,0.19126101912233875,0.17616349479482366,0.17431644559413265,0.19230811643922802,0.2339800777053183,0.29000324276202044,0.34402974030612454,0.3731489767304471,0.36723741148277256,0.3364865213813783,0.2978478161881855,0.26435791577633905,0.23877426775309987,0.22479975059023616,0.2326474969209301,0.2589351149989438,0.2884499478956569,0.30416925048726784,0.3052363048254591,0.28803894617658404,0.26389619612659904,0.23437702738360655,0.19444012126399673,0.14088299939180013,0.07937171729301773,0.02718424662451318,-0.0027571117443430312,-0.016998868740139065,-0.028395093108255456,-0.04790192092978126,-0.06887239659479232,-0.08401468683863056,-0.08399793894287876,-0.0725792167949557,-0.05616408514830272,-0.04071273962725328,-0.04088885110364448,-0.05655057229382058,-0.0743169651019366,-0.07929486247037341,-0.06893750080623301,-0.04915451962965704,-0.0319319718163916,-0.029543625509907995,-0.04048512017874431,-0.059604644366822654,-0.0759626837008243,-0.08715311332929607,-0.09652313963516179,-0.11179466485911052,-0.13339731920696413,-0.1665913841282798,-0.20325015998462573,-0.23807486596605934,-0.25235083465135366,-0.23471944690914837,-0.191580314617091,-0.14881216446663514,-0.11409724470730029,-0.08379151460737186,-0.05301970780076797,-0.024052106640995365,-0.0122215998584237,-0.027720344249831327,-0.051807894935562496,-0.0636425683035619,-0.05711757645579085,-0.04450211911691349,-0.03322988065349316,-0.024298117866243075,-0.016119950167876478,-0.00908785693138871,-0.006892261547137325,-0.008567748069516531,0.0020921530467868316,0.03549625879069451,0.0785514597067378,0.11720304861952936,0.13731698675065881,0.14133687251209118,0.13403514083480086,0.12480814739251823,0.11146864075561994,0.09861333447733157,0.08825914030278592,0.09176093925667754,0.10881251126090266,0.12753236765978707,0.13231648205540797,0.12359160967874583,0.10950375885521461,0.10251186344054919,0.10475016670801268,0.11581854725094666,0.12622263254861465,0.12160947510143201,0.09730736462533109,0.06331590225682375,0.04142998043947953,0.026364903494251097,0.013079691532162268,0.0005111047162688672,-0.009225597066132544,-0.0026442779416262496,0.04223390190505227,0.09591562195417944,0.07421436329256433,0.05718174828602922,0.05166030380297164,0.05683317423645065,0.06617079904607472,0.06660507392773762,0.06136917848968234,0.048837321330586506,0.03231927527985254,0.013244278453022187,-0.007469975233054256,-0.030331800860997193,-0.049438238713415954,-0.05931962402859389,-0.06446175292306638,-0.06626620051821132,-0.067565012378382,-0.06549216593162951,-0.058786745720265224,-0.05038250428965347,-0.04379607602855796,-0.04485534571115369,-0.05422239428919708,-0.07175161889547621,-0.08895570664698037,-0.09885992024921202,-0.08866868305762324,-0.05178544295824653,0.0013131569568352302,0.04845124405110588,0.07195070200711913,0.06306713398761139,0.034969625558674174,0.009477319892766713,-0.007090041168957471,-0.019033892627106582,-0.024878101262979888,-0.0319937172594089,-0.03575130998930089,-0.03300563943454689,-0.028930700932993554,-0.02604979179761962,-0.021605932755924026,-0.007398149826196983,0.015135722209132955,0.036178565904418133,0.04390675811574466,0.04258617082667528,0.04514506009347051,0.0657163004894713,0.10051498335176147,0.1437389454361375,0.18938362081368923,0.2207320370932584,0.22036525777049742,0.18535080168165008,0.14091625246874115,0.11521979118121145,0.11485786117564155,0.1293144309689268,0.15773066919040288,0.18748219837684701,0.1925477458606383,0.1660304075907965,0.12617292683181444,0.09509361408995694,0.07818276444665062,0.07691466538575234,0.09245215232231924,0.11145740384933649,0.11927592988616639,0.12254289015410154,0.13405304900610662,0.15323969928476455,0.17210284964353603,0.1770200472347622,0.17348271442255958,0.18489348655317628,0.21842564297041708,0.2485616638702534,0.2486602459463966,0.22061822004745785,0.1777471080967749,0.1379630995754904,0.11673144932086539,0.1122687948038282,0.12177648337461135,0.12957235338381193,0.12388714414424448,0.10155760432346635,0.07128163683790402,0.04602996757306263,0.03784287336458335,0.0446897899274839,0.05396310802742336,0.05019667852040026,0.014436074037488337,-0.05711729959679234,-0.1257031345702329,-0.16405517833213049,-0.15571474768105933,-0.12168385184666504,-0.08172630478023042,-0.04328511537572493,-0.009581636673673049,0.005584542816233268,0.0023796581710423138,-0.024635847456617222,-0.06381635957310591,-0.11445669100898555,-0.18147507539303287,-0.2583124806349132,-0.33677569593248197,-0.36926445293741517,-0.2637753317058658,-0.10533426494810569,-0.0122946490652868,0.029641700376153768,0.02813829157509612,0.0010901807624024266,-0.030162165421080262,-0.05771026632143545,-0.07391818913096526,-0.07222870272235976,-0.06472982666225394,-0.06353671584528292,-0.059335561414206504,-0.04514748426803603,-0.011910513914484847,0.02376114250928373,0.04468877732672259,0.04741618154633245,0.02907368982667413,-0.004870205897541734,-0.03392433654452538,-0.04106152515030785,-0.026321597144205004,-0.00013623170328024207,0.015775449170636443,0.019907348660394786,0.016542842703410148,0.013753021012833988,0.007783459950618981,-0.003952281608576235,-0.008331951821170247,0.006872888667403717,0.03747525556020725,0.07108807703286378,0.10448314255954139,0.12142449474413154,0.11701294945055156,0.10462114858338835,0.09379514654219236,0.09021548272089938,0.1102374765144095,0.15009276674446456,0.19721031104294093,0.22206351509343672,0.22249925990227398,0.18953836936676882,0.1342007190938133,0.08037386549970656,0.035810569916540885,0.007388612558599008,-0.009677531274799072,-0.017309674841563656,-0.0167450170181914,-0.016202235364182874,-0.031608113617932504,-0.05956000579789165,-0.08385001575254757,-0.08464409362631392,-0.07172138944214983,-0.0661774572505361,-0.0685492294723154,-0.07529915819162157,-0.08488620521306432,-0.09362621470844067,-0.10242224248346792,-0.11382009007960062,-0.12458055389124778,-0.12626270210677745,-0.12317007503960485,-0.11798190597220314,-0.10673171963290455,-0.08552075536414314,-0.055110895171658646,-0.02575137512008682,-0.002796760617609349,0.006013826403966922,-0.0021805611853595126,-0.03237063942821714,-0.07365804579485632,-0.10897434769548774,-0.11592043760994454,-0.09743061035124605,-0.06586823988649002,-0.028396700466992265,0.002918763989341025,0.033339525130397216,0.06528347418311238,0.08235582340136278,0.08402632704380236,0.08884128886946788,0.09899139806412387,0.10425488184308106,0.09761330239811244,0.08551688785149583,0.08216765032895147,0.08870378529042273,0.10429773260211939,0.12691879733758332,0.15282583057404348,0.17117284307436798,0.17142640559927713,0.15807899265148964,0.143438012200161,0.13621937835446804,0.1363954667015192,0.13526279225816426,0.1312959842996277,0.11864072017452147,0.10021911130636772,0.08098379100311237,0.06929404904910359,0.08006108655818023,0.11067992641599465,0.13895072472767503,0.15255324821180435,0.15884935040195575,0.1729999555041841,0.21038324402434744,0.25802904757786443,0.3069027504714472,0.3132214613166633,0.27585539530390435,0.2252973944142928,0.17603533190172668,0.13712017935246051,0.1219262658157674,0.1273482993202671,0.1452260394901617,0.16077041480750015,0.16794651782022668,0.1667824318980449,0.1580636362971503,0.14988360223612127,0.14957794088324053,0.15459424631303126,0.14269700344687483,0.10419867557336869,0.05426676062200321,0.0033612834136272428,-0.04555223481076413,-0.08923975196706259,-0.13481202954578364,-0.17615635914456174,-0.2010138405013741,-0.1932605310647967,-0.1655001166925454,-0.1363537219461985
0.08626395574464268,0.0168879315687375,-0.12158202202682862,-0.29963881933473224,-0.4119474616991414,-0.4541008873107782,-0.4486104645388398,-0.41082588865898556,-0.3453504071894762,-0.2707537174344809,-0.22790061391796776,-0.23654007875142505,-0.27356327145534776,-0.31250328668152655,-0.3184715226738076,-0.28906264519143,-0.23883180830902476,-0.19664236423950035,-0.1727891634614234,-0.1588207429238232,-0.14137251098930562,-0.11340228704131296,-0.07315530188112117,-0.018073793719747995,0.044889176451367856,0.09263883287515604,0.1105028636149928,0.09954850732245739,0.07064647060059162,0.028145400182101925,-0.006283125212058587,0.0021045934505783694,0.05523235304033323,0.11042439872961594,0.12857692945534624,0.1081068939482564,0.06585877274796625,0.021707767367317964,-0.022178751670993542,-0.08036172115270449,-0.16071615479890242,-0.255502921437718,-0.34921753264697536,-0.43524291137700327,-0.5061470828407312,-0.559544207260005,-0.5947711322217342,-0.6207806123570515,-0.63940562849534,-0.6520571333505111,-0.6675340873106852,-0.690613194148191,-0.7012229078999447,-0.674309511086836,-0.5938847481689082,-0.48133330173291144,-0.3757539404859624,-0.3000441331791571,-0.258523801806647,-0.24527959249151945,-0.2566829946142774,-0.2895289589298421,-0.32249775073245174,-0.31801427340158045,-0.2703590299518329,-0.20753200982476502,-0.1458476949462454,-0.07962881323637216,-0.02334149536502116,0.006331991916612713,0.018667790794627596,0.024090869184099924,0.03178597240415942,0.047387096112241026,0.07601319154943988,0.11464482480793525,0.15836398582831676,0.2071867817360642,0.245215402789775,0.2622146485846884,0.2677042644190153,0.27114766350481323,0.28431219959294735,0.29891074914454246,0.31653360587766705,0.34215218707646816,0.3562308943798459,0.3237412802813143,0.2548024053380773,0.1838894995669033,0.12844520413891544,0.0986147007724421,0.09327822153209361,0.11374851782651628,0.164633372718561,0.22423599144693485,0.25929513510978147,0.22792513727887664,0.11783408227772717,-0.05448889480639972,-0.17403964429482063,-0.21176108305229102,-0.1951754313378301,-0.13515250782431454,-0.05606917507361588,0.02140140309232277,0.09295057995778457,0.16153833817195395,0.21620324196180216,0.24884767595399435,0.25986200675022386,0.25855621888128766,0.25771989016065106,0.26373661544397026,0.2695116046752315,0.27209051609529694,0.27364570492832574,0.25990175828764434,0.24281125177219556,0.22593306919580503,0.21135734434689468,0.20541354046817845,0.20585387998556579,0.21160036068448057,0.21201219416483816,0.20516053626166658,0.19136746344866906,0.1720880655753559,0.155175259032941,0.14281083954360102,0.12452203758732737,0.10337036684133558,0.08725970912893682,0.07788184126382701,0.07870931852650077,0.0980596415955833,0.1547128148790502,0.2250781646281432,0.25914176004750217,0.2478600099566018,0.2187336448201934,0.1560284716926981,0.06555570570792388,-0.01525008749269174,-0.05197545331957623,-0.05176154096477379,-0.03314448129709388,-0.013471942996008417,0.0029124500184313203,0.027381751723191537,0.0635403436101339,0.10746020998084192,0.14843264655685942,0.1737833672905435,0.19222978318087217,0.22305068670462105,0.26560860130588815,0.3048221770469451,0.3274671053356416,0.33820176184679085,0.3476581004018886,0.3577670009984826,0.3520736589890421,0.2993602137704961,0.2018426414654524,0.08959854102448352,-0.013295118496541443,-0.10425942489217276,-0.18734898913773698,-0.24669919874367854,-0.2687702760710976,-0.27100776888208167,-0.27022248019612155,-0.2790879501091023,-0.3065253173432998,-0.35270540192628064,-0.4278686333965896,-0.5186814905232978,-0.5796273557907358,-0.5595703750007328,-0.47867536187237375,-0.37954193577033335,-0.28786525510723376,-0.2263592462200304,-0.19050352537062742,-0.16272827962600755,-0.1229699585468877,-0.07429763157565235,-0.024958070062906845,0.014495484906357117,0.04622039985832348,0.07115071269159105,0.08122449956990753,0.06083087043763605,0.003449088391136871,-0.08430204837337586,-0.18344766784268338,-0.2685039529245743,-0.33088864785685146,-0.3758267030837053,-0.4165184786824216,-0.46186565033583277,-0.5192873022409467,-0.5710628954947873,-0.5946762749245506,-0.5873615371851545,-0.5570561433963513,-0.5299310498971138,-0.5180899135889181,-0.523378374230618,-0.5228968839834552,-0.5042004105324566,-0.45915186341397923,-0.37811029422424736,-0.2522804719001735,-0.08801843752432595,0.08309635325413181,0.22523661697013764,0.31163657284842555,0.32653377910027903,0.2808877925759424,0.2249265664214953,0.1971468127595516,0.20348500666033087,0.22613565781174963,0.2573988588248262,0.2878747974533796,0.31327566298526954,0.3280664827280051,0.3266999537096693,0.2952369347789236,0.21651015815796537,0.08467724519360845,-0.07746165628798564,-0.22478723085526328,-0.33439584794040955,-0.4139479038733933,-0.4800954453667257,-0.5302606851756154,-0.5283254951919307,-0.45083908593297123,-0.3438904169096249,-0.24481629305631555,-0.16441628580609371,-0.10046733549165897,-0.0503284079253273,-0.007331894408351777,0.03652146890568346,0.0856759939653087,0.14186287245815837,0.2088741438466181,0.29343849213843665,0.39297218465783634,0.4923018577460082,0.5672997113978114,0.6061463554704892,0.6061141890580198,0.5732455948620846,0.535434574649165,0.5040642760021271,0.48031078686011186,0.46427249445227425,0.459851837018924,0.4618554695181813,0.47556062258099857,0.49889807104210043,0.5251503527816966,0.5388666128142672,0.5329533144163865,0.5049875460498716,0.45754685182341276,0.40055112123637526,0.355959159702288,0.3305542812236408,0.3214397132277513,0.320900386394879,0.314537337098189,0.2946944890889233,0.26255889859002723,0.22462506364103413,0.1855491494200855,0.15664330054711006,0.13279269994324125,0.11564516024333006,0.11040815245276993,0.08455095252338712,0.03527226000623434,-0.010813091842331202,-0.0281101854101391,-0.013150696662301134,0.022975290028817978,0.04832918702854933,0.05423969748701909,0.03805982260094873,-0.007384162750467587,-0.07982317253533526,-0.11794786799347415,-0.12020050316881996,-0.12659698837183658,-0.1419989742911802,-0.14744336815483816,-0.14037509065159998,-0.11823231947134757,-0.07561750791568599,-0.03868407113390381,-0.028094355281553407,-0.040980654296530326,-0.0809606464816025,-0.1451579810499748,-0.22251636962516005,-0.29858299646158737,-0.35913280726634983,-0.39426193401760395,-0.4034066629840754,-0.3853474088469235,-0.3392992113601623,-0.27364336984764587,-0.22208029468402804,-0.20230745457591082,-0.2021750706976019,-0.20889344293047687,-0.22626230786835888,-0.2590808737601509,-0.2963611970356005,-0.3293459781350082,-0.3452487357673941,-0.333948183879299,-0.29095411671011157,-0.2179901669960697,-0.13799239447455056,-0.07414176061686312,-0.041188721565579726,-0.03876236837067522,-0.05986144438449873,-0.10025585530048273,-0.1855221651243448,-0.35470760276460256,-0.3847888423577554,-0.3499780965690889,-0.3216456655754366,-0.2983229593672102,-0.2875056321265376,-0.2826182363339362,-0.2725818679235855,-0.2584515869190263,-0.2413366302356317,-0.22204461219523597,-0.19362192656913021,-0.1570068121880711,-0.1246119265765028,-0.11452902145053041,-0.12447374572746052,-0.1446309433216816,-0.17385071353264128,-0.20749658667817214,-0.23938530376272463,-0.25446131839419944,-0.24388524834210348,-0.20824644012530114,-0.1506836833132993,-0.08124919385942407,-0.021255196665474367,0.009858578788548612,0.021296237856887033,0.026762042851263726,0.0270182692354645,0.01667531400216597,-0.0009039335642775125,-0.019197523151278408,-0.017682920477176525,0.025712511035125545,0.11440894628838788,0.19579666704923526,0.23002765028625785,0.22617102587528687,0.20745677670266952,0.1846310315038045,0.17605790887991368,0.1972710285545989,0.26552596076453366,0.3831179720826889,0.4998012431188249,0.5435665315163137,0.513255747092006,0.445610606689584,0.36199070303313213,0.26926559391528615,0.18343875807661641,0.1259821950898556,0.08943873419072831,0.06312902255527075,0.04326441302099549,0.03722838122653145,0.04191587228568838,0.05035968345811811,0.058285412534528555,0.0616834446846703,0.05665056903984574,0.05265649605424263,0.05127385018058481,0.040605748468794986,0.0136756834993856,-0.03722057697470255,-0.10027894268877098,-0.14398201415371764,-0.13718653097976483,-0.06745956827417654,0.06901448624635281,0.2606218187607666,0.44669893013889334,0.545735457077515,0.5584257344456728,0.5311487644456213,0.4939207951892308,0.4659048691380148,0.44910068686617544,0.4318716554245155,0.39931233005632244,0.35781243514441297,0.32363682031421115,0.29303312694898104,0.27285110956407715,0.2623626455680206,0.2610971690142769,0.2694893423864406,0.2895960048325133,0.31931511605051893,0.36026546965021355,0.39821303294191607,0.4214317948553683,0.433834581753581,0.44281934919234883,0.45164548148260836,0.4572239540621463,0.4561986644527583,0.4586876568596446,0.4670081613913272,0.47653967349271587,0.4886298311273265,0.49862173288228234,0.4908543958012603,0.4617767777948395,0.4158329113852762,0.3482512378525899,0.2559357586049474,0.12997312359465726,-0.01703513444244484,-0.1580452917123163,-0.274706421546629,-0.34586913223275095,-0.3741567880113285,-0.3913397576533112,-0.421470816277872,-0.4695185790828192,-0.5325480679303263,-0.6029902987791596,-0.6660714310190486,-0.7037233950847175,-0.7043037098233644,-0.665780479524565,-0.5843195928173873,-0.4699338441492345,-0.3394447796988471,-0.21172789786434107,-0.10113486276223763,-0.023344659265536253,0.021314388220427784,0.03235741192124111,0.024777542458670993,0.012670209655911924,0.008613753185876745,0.016317321113727593,0.032711286503893405,0.05594600483978487,0.07778075271430859,0.09128887497913883,0.09375921384387371,0.08840457225285961,0.07986801794651,0.07184352880082757,0.06960252840641017,0.07215240965463424,0.08765383831274735,0.1279320534454055,0.21540900585978218,0.3809236630698762,0.5958592094418609,0.5782362677422054,0.5001999703660426,0.4838999848815066,0.5072025455134632,0.54130681741274,0.566939561448063,0.5610909142934853,0.5135240666447678,0.436885046445627,0.34640741496958305,0.23234865409179442,0.08582660110421118,-0.09398905915619037,-0.30158491410900473,-0.5083628390474134,-0.6558286292934307,-0.730851965464249,-0.7422669784679443,-0.7099321232300227,-0.649352880479459,-0.5752297597975478,-0.49567945172614764,-0.4110622809701618,-0.32652663713578006,-0.2647543585849835,-0.23038673323947162,-0.2100161026257134,-0.19594080984510107,-0.19228835146696077,-0.21147328653199693,-0.24865119726359555,-0.27832471665479164,-0.2823239618488574,-0.26475287827439536,-0.2459280252843918,-0.24800751897834997,-0.276738715388439,-0.3309175180860542,-0.3953391494187102,-0.43815536011005063,-0.43140202977308656,-0.3662788249346944,-0.24316386455536576,-0.08670365288852752,0.03106584688855183,0.08509464646137678,0.09719849065589398,0.10669620672810658,0.13920207007941382,0.2075373908571828,0.32328194877021116,0.492830355261943,0.6636862587932751,0.7295021882782786,0.6055490668334166,0.3791513165920843,0.1884685698563747,0.09036699425208106,0.08273945394096308,0.14620607056738838,0.24691757733381353,0.3451946935395008,0.4317097359412999,0.5075062426435508,0.5642932019250637,0.5917649715073261,0.5910379294582679,0.5535022982925025,0.45602495916692376,0.30944661639031834,0.15035380812959226,0.01510419155484867,-0.08040260363618759,-0.11660699817121714,-0.08596065258253494,-0.02849737064000196,0.009218780506869577,0.01837918341845048,0.00250010628118718,-0.02475248722543588,-0.06066696453785025,-0.10246427018178524,-0.139187563552077,-0.17312466359124543,-0.19429423521993575,-0.19434823686541045,-0.16202601254952329,-0.07779733405812062,0.056964996851670356,0.21178454625242815,0.3326507547304888,0.3968748665782397,0.4178068818162062,0.4148626892708694,0.4024260474489619,0.3895934951510073,0.37790929492904296,0.35362587056780587,0.31122186329668416,0.2615570871649554,0.2172933388951,0.18050197425269124,0.15962963205736763,0.15761743161935307,0.1595933900039614,0.15420961066220307,0.13815234183004385,0.12657750616834323,0.10909313655501222,0.08708687957446237,0.08034115006200451,0.10245267282662913,0.13364797935334338,0.13732857350693364,0.11251841665167987,0.07885991412269129,0.057449176500722884,0.04791887056016381,0.034067459692615966,0.004071379636543434,-0.026202800139188055,-0.04241682124252469,-0.03794020939420399,-0.017939915043007355,0.015844188051117817,0.056990402486524164,0.08871875426955433,0.08828029630327097,0.05565529544261359,0.024901701364681554,0.021674620001227562,0.036397665941887786,0.06144816127295845,0.09974266145522617,0.1579888605714597,0.23528797465679482,0.30537652856501757,0.33833871826386014,0.3352975348415663,0.30737738165625295,0.261475700307194,0.19952743273955073,0.11761814322173701,0.0014223821956006954,-0.15236497842076904,-0.29432239693960216,-0.39318695816537025,-0.43714678431763,-0.42470018473344034,-0.39952003983255296,-0.3960243692610656,-0.4105521278110255,-0.4268164958851607,-0.4430467459365942,-0.4555377077715232,-0.4673535245601261,-0.48100237252650885,-0.5050014253257603,-0.5356913351363441,-0.5590521744688509,-0.5568936706172061,-0.5303650672961634,-0.4920485706862646,-0.44854224675582943,-0.41737969901768734,-0.41107299110805473,-0.42639624460208003,-0.4617178999391002,-0.5147831722949379,-0.5558384287369517,-0.5607432579466273,-0.5445754189339187,-0.5263469150437952,-0.5116989882907496,-0.4995281762656648,-0.4804532439893416,-0.4489400153691123,-0.40647874878168977,-0.3573478202020023,-0.3001493889401242,-0.21450854368568636,-0.07072758403497503,0.09759449256389481,0.24140476244278178,0.3426442918898833,0.3955479736395892,0.4130272319267938,0.4082166596538674,0.3866107951402435,0.35359965818601546,0.31595913009946613,0.27516720521945465,0.23693526831594663,0.202347098337896,0.17198398508953502,0.14268110867133157,0.10705520580180691,0.04829331829287599,-0.04532638957357187,-0.1259689228125072,-0.17624814219995638,-0.20874976282136867,-0.23950518610005314,-0.2621194559686102,-0.25741535392871895,-0.20187227288319526,-0.04024945655255667,0.23055519526390442,0.459383073712717,0.5485798953119655,0.5313627567693421,0.44573097549610724,0.33097275420766703,0.22735333759506882,0.14236434482754326,0.07417423019982422,0.023999936656979443,-0.001979487178291489,-0.010442657670454554,-0.008671950068422075,0.0003985424946970596,0.02233600937341673,0.06298640975759073,0.1208463102424975,0.19264264736535053,0.27502427937383195,0.3658109298180194,0.4539673048205546,0.507305116157414,0.4621315375962072,0.2877803446252715,0.08605896365985546,-0.056371886498940975,-0.1333272839474856,-0.16151034282029544,-0.1503261324617731,-0.11811470840155071,-0.0832841891528058,-0.05183363353573117,-0.024325005742541456,-0.0012266498427875307,0.019649720486623848,0.03918576277552692,0.057185226608499805,0.0783953658189856,0.11312687438304007,0.1713497989680862,0.2625423482830843,0.3776016354734426,0.4689355185791727,0.46999357819916376,0.4094530540559324,0.34896990117176246,0.30966573610454873,0.2905051069386439,0.2887187600758261,0.28457385605096946,0.27471045366614766,0.26024479170595005,0.24109634763173335,0.21947351379607605,0.20242083120597884,0.19134899888663542,0.1874380180835127,0.18750163102917042,0.19561810023822282,0.2132939158737938,0.23411553744149677,0.22474949163716393,0.17287671761422885,0.10367846118095099,0.06230945186317447,0.06397459118250036,0.0904294095557394,0.11641764987134216,0.1333744564538458,0.14172212350554858,0.146704334543082,0.1464692623418385,0.13765352133384115,0.11368765858470767,0.07719865395560865,0.019937393592606507,-0.05543159270474305,-0.14752185750254534,-0.26880278695702003,-0.42256720144901183,-0.5907452404119286,-0.7397418374030159,-0.8312500821854978,-0.8703875751398904,-0.8788903003806616,-0.8617938305742951,-0.8160278406799792,-0.7448125533325488,-0.6713239345729217,-0.6168672367265937,-0.5793460671530051,-0.5447445920174239,-0.5023124754657332,-0.45698807966367727,-0.41059803923997207,-0.3602834621595676,-0.30629325280749675,-0.2413455964711771,-0.15943598242869803,-0.05399710241894248,0.08251864452499173,0.23360222297387437,0.35371852342087745,0.43741616509720455,0.5015238493200939,0.5485205830700385,0.582027849247118,0.6021214346827796,0.6171386379881451,0.6350540009125389,0.6451767443663431,0.6342808840045201,0.6035417277736506,0.5754195556116919,0.5655800230041075,0.582813459467086,0.6140658067203697,0.6347476593886296,0.6280484341789287,0.6089371163873228,0.6071411282911866,0.6371529267192174,0.6811381296438345,0.706460098663964,0.7005372197270961,0.6692245295587022,0.6261978037989298,0.5687399695838806,0.48537613192058954,0.3784652845987955,0.2758242375545058,0.19602886141113451,0.13185893634289111,0.07178980572559375,-0.008532150889403822,-0.09975223015605326,-0.2139500437255249,-0.33196002721550694,-0.39291903061716216,-0.40870971173202386,-0.4255331639963598,-0.46108648484283854,-0.5093045948260969,-0.5530281009001057,-0.5752881298154741,-0.5691271713159517,-0.5441201784747848,-0.5036232941585377,-0.4437353783389938,-0.35878569514248765,-0.2654810496868829,-0.19258743563284716,-0.16357015438258796,-0.17129595516911647,-0.1815379613760044,-0.17353015169390737,-0.1575487541427142,-0.14766076088194785,-0.16190237419243955,-0.20322126677695626,-0.27572656990604955,-0.3606929327382035,-0.4439768090036184,-0.4995965902640762,-0.5052540236668208,-0.44806200411559216,-0.34332730670045364,-0.22356233764764472,-0.10538990408665451,-0.012661389764958344,0.053912349950041384,0.10595796463219331,0.15905397518746653,0.20331444406481375,0.2299836122369917,0.23778777315812474,0.23972916954729376,0.2409301051805018,0.24999664338709193,0.27423925680920874,0.3125825571108753,0.3463294820404034,0.3671201868138003,0.37468154546669347,0.37576929450662266,0.37937985678989394,0.4022376166684599,0.4337149346783874,0.4448135682892664,0.4317342802353197,0.4055223765680526,0.37262696832462117,0.3316051683163505,0.280710259791992,0.22599150286307754,0.18290760707657952,0.1546540939813662,0.12287619390965059,0.06436515795387579,-0.03679459425451192,-0.1727577307828745,-0.30279921621572164,-0.3737492809791616,-0.36804082051462883,-0.30979382601114686,-0.22548636599915298,-0.13938949302890308,-0.08341736739681437,-0.07849445408528241,-0.085339146612389,-0.08433260129725725,-0.08992243806890066,-0.1167547164159727,-0.1601651654207516,-0.20401988414432268,-0.24831475935666864,-0.28997541632138996,-0.3258693217895092,-0.3545005299814492,-0.36712740667128446,-0.36383470697595466,-0.349040167841127,-0.325003782308986,-0.2922694102689702,-0.2621929383294198,-0.23862380953044895,-0.22241366150560096,-0.21341578096741265,-0.21425426100172926,-0.22435732409161147,-0.2223022088622765,-0.1917539608392457,-0.14322243560487793,-0.09059463594764768,-0.04245545699733538,-0.0007237791476213682,0.035326920661229826,0.08143170104883328,0.15310666167516923,0.2611906616562867,0.36217126836334634,0.43303545215394473,0.465564235473392,0.47272396916568377,0.4625348562854146,0.45147229284141854,0.465962324904535,0.5003459429503379,0.5414779839063849,0.5626730360871693,0.545789971794396,0.49298827981299365,0.4083459483393871,0.3057082966068388,0.21348905318568417,0.1746256382599949,0.20228031567937665,0.2696608907452306,0.33805519088260605,0.3964344518246825,0.4404037018546957,0.47419623937615163,0.5006525599997997,0.5171825454481543,0.5234548278132611,0.5141014379122943,0.464134554379701,0.30429410271426677,-0.09534639843283753,-0.5848043336614043,-0.7910461593689827,-0.8420257352154388,-0.8477373260978538,-0.8447218480145761,-0.8465974434969766,-0.853514534252546,-0.8584732421778731,-0.8435763522697988,-0.8112256638291068,-0.7851954631077797,-0.777547452742969,-0.7820960806845946,-0.7882492617292841,-0.7887642856512287,-0.7849861915272283,-0.7783519636544189,-0.7712096006945721,-0.7642881553216244,-0.7492630676211368,-0.7084598802788499,-0.6276653103995528,-0.5019953367104569,-0.3520268293849552,-0.20802923352588154,-0.08258854283332612,0.028457594791867036,0.13596736214343033,0.24824019306392628,0.3688066731836107,0.47583058324452615,0.5303093644548749,0.5284670029501117,0.5034516658556704,0.48218150584499375,0.47701733443286026,0.49509601292837674,0.5355905494493405,0.5830774340314154,0.6201498709688724,0.6411370021757514,0.6485286259819052,0.6423047594380622,0.6275960767163233,0.6112040445859127,0.6026606002774154,0.6109800355535192,0.6402763977865451,0.691788007404144,0.7553832876255182,0.8062319303455495,0.8289891248158618,0.8155010442367338,0.7750853973072191,0.7037901712699309,0.5985148616972928,0.4678376651827942,0.32330148898204003,0.18286312930138274,0.07537524148985542,0.01970151143791842,0.017746120205465774,0.06451972232352203,0.14772661027451905,0.24579763825488274,0.34160592485967595,0.41666226183919003,0.4571701274058161,0.4748659734691643,0.4802863877707519,0.48042690331344123,0.47894533799979944,0.46532791917108146,0.4309209804460433,0.37030452039828426,0.29324626076953086,0.22367898429494268,0.18196655159025799,0.16507406456917034,0.1607798025437283,0.15307841483969106,0.13168355573688814,0.10156822194256573,0.06612010406505935,0.035496599318601066,0.02086712808337227,0.04172598396426929,0.12753140505836313,0.23933247629983903,0.30060313865760724,0.24975859630690248,0.10317175881366028,-0.03897870743519999,-0.1212035543739961,-0.1680300215107624,-0.20236840788295948,-0.218398274253036,-0.2073029872073887,-0.16385714676523108,-0.07648945160057635,0.03863754603845236,0.13560046478683635,0.19425138222377258,0.2205336354766731,0.2267596062323048,0.2139088391493861,0.18840023097535022,0.16180654380160736,0.14375129178542884,0.12746887307712557,0.11139644574143893,0.08942740033242857,0.060527240520073355,0.026054547834392334,-0.021979921506542755,-0.09695313207596362,-0.19499174409633266,-0.2776345898110371,-0.3258035630245959,-0.3505030114916033,-0.35735084992160887,-0.3597848223962835,-0.37440388336419256,-0.41085703709859356,-0.4667575316976565,-0.5250358550507463,-0.5718240468878761,-0.5999836430592743,-0.6141690166160909,-0.6252729630411628,-0.6436177987684998,-0.6770570143132921,-0.7315993924432532,-0.7986768003137094,-0.8530998058756641,-0.8786218326087476,-0.8697476560319206,-0.8328136439913961,-0.7693343782962254,-0.6872453352357458,-0.6021329617853087,-0.5226390996777684,-0.4479196684897015,-0.3849617439557686,-0.3381238828870094,-0.3031528552465982,-0.27020870998353713,-0.23120646394347094,-0.1895968188464965,-0.1350352091060622,-0.0476535911472486,0.0599153838409548,0.1568862088367926,0.22458903330869254,0.26264927023541795,0.2827009008186752,0.2994530806435624,0.3211146219857005,0.3442852599426846,0.3603054330993343,0.35951845388222375,0.3419420132602528,0.3100802832720853,0.2726951563189819,0.2377248160557971,0.20721383324609213,0.1737559624193736,0.1329756277348063,0.07180509371387903,-0.031958710101821663,-0.20331244551460712,-0.4386074336630193,-0.6867414298436942,-0.8543941192471084,-0.8943120782609829,-0.8116111287505294,-0.6360967663430735,-0.4302135414400828,-0.2577748232187721,-0.1509037288280446,-0.10784988241029425,-0.1048409270560153,-0.12036884820726072,-0.13356604102395647,-0.12326021555395421,-0.07583544503687695,0.024936031786265488,0.18906167900365625,0.3853088465285276,0.5503099668071255,0.6546736098083177,0.7137977545811762,0.7452457627639193,0.7566001981341797,0.7533668459788122,0.7366235621091404,0.7150015308099195,0.6909285273475247,0.6688119322763448,0.6514043764775794,0.6400461695061941,0.6321704970170497,0.6185064733186557,0.5773843993480301,0.4923840580843273,0.35867335071664946,0.16984981325623877,-0.08961933407368577,-0.41410416180565784,-0.6930711547248117,-0.839353998718995,-0.8861655324889584,-0.8885165604865513,-0.874997300125242,-0.8541135776747393,-0.8272476792333353,-0.792306851928352,-0.7435590047240073,-0.6721727980553314,-0.5632560850755163,-0.41042116863413997,-0.2557376169441204,-0.14867181010645705,-0.09661497465435652,-0.0684252268819668,-0.03003403047446257,0.04946448305676392,0.17911327276914676,0.34501332335663637,0.5062942164720761,0.6009339009133682,0.6290436657151511,0.6381881823111581,0.6539821030538862,0.6798461383316213,0.7093419986823395,0.7280944892963238,0.7295923850112976,0.7065075187403246,0.6569975353553853,0.5535074573605488,0.3682775464975765,0.21582509131966524,0.20046639599741578,0.2771915815690944,0.3693167485287634,0.45992794545533433,0.5331483261997642,0.5792706743799665,0.5851599715884133,0.5558653720922342,0.49871063120976805,0.42331530047113125,0.337755421912756,0.25519658367278186,0.19139826051629974,0.16153295382432045,0.1675660418802221,0.20131403842043954,0.2567645853775588,0.33078799657399943,0.424193904313543,0.5138420590080693,0.47926986979466973,0.3087485319853238,0.16148649352880723,0.07834912855925083,0.048143924502394644,0.052961027936382694,0.07836148323754964,0.10448581408864482,0.11413577698518831,0.09372811551258949,0.06128577509487474,0.04481300483824959,0.06523942943917632,0.10014246797703669,0.12080373989778734,0.12672556954935765,0.11310623852781737,0.08911793124618962,0.06443829261235016,0.051794319712727084,0.053201539975427696,0.06684523173600877,0.0851629948774351,0.1046862497926867,0.12406340344299761,0.13296057868576416,0.11990874392551037,0.09703547570076047,0.08521307669460576,0.08294968267770975,0.0887806215098545,0.10824267876321986,0.1396813266339659,0.1646244867174557,0.17217707315145694,0.15767557525162537,0.09320338998999105,-0.03158731671921046,-0.1592682694319561,-0.20877367755342863,-0.1849127268510713,-0.12587369464760934,-0.07200422908552293,-0.0359054213684998,-0.01913698895799591,-0.010742056408622743,-0.008939783257045987,-0.017646148470912504,-0.04505331299039037,-0.08596055224576665,-0.12620585744314197,-0.1553006197883979,-0.17108842120229142,-0.17912001169350872,-0.18408569677283657,-0.1925537116850264,-0.19686905029201424,-0.1912584991580797,-0.1719496332116091,-0.1624472691929046,-0.18230437869473456,-0.24621822563746731,-0.3567345589052684,-0.4769543012087893,-0.5134221321949769,-0.47518730571808715,-0.4356014911711387,-0.4227690554917934,-0.4381841693569817,-0.4751139492885287,-0.5116293194593327,-0.48639713315596517,-0.43298459873772666,-0.4036736001173538,-0.3868472655306114,-0.36664278881670087,-0.34086174304833805,-0.3072155467084774,-0.2572737342441722,-0.19726653524599444,-0.14692217380803044,-0.12045943091020891,-0.1196033662979877,-0.13425377972276575,-0.16325895519748776,-0.19602629355017948,-0.21892865840906844,-0.21565133345796555,-0.17178701179373645,-0.10679577988710298,-0.029242656304741706,0.042526155305600624,0.09985368597691407,0.13968225548032567,0.16739596888693886,0.18748447056807363,0.1835512791764932,0.14711414096072326,0.07586109243138732,-0.016289031340775563,-0.10399863455329528,-0.16921305993946723,-0.20873861182454548,-0.21747356812323065,-0.19692241042116815,-0.15470136691269937,-0.12883534005235192,-0.1450891161289476,-0.1909062784857906,-0.2407714886205852,-0.29618976841628375,-0.3556806057982059,-0.41987305923607365,-0.48303147414484054,-0.5315990694619576,-0.5477603599429981,-0.5273966610661245,-0.47376168179824907,-0.41226269669555793,-0.36995990648841937,-0.3626907546853518,-0.3734494749280144,-0.37078541723742814,-0.3322662692283635,-0.26538246992590186,-0.17917319766810663,-0.08274305965851862,0.01020129764831904,0.09690592445777077,0.16660656425963175,0.21195614019318082,0.2377725120130037,0.2427817006575064,0.22602963809868745,0.18960123587303657,0.15181576199268795,0.13802585877850201,0.16041685807466047,0.20872738051567,0.2662261066519437,0.3150877616147607,0.34890865197863785,0.37415093813962513,0.39026663900000935,0.40112172554481035,0.4081134625053567,0.41660229925768927,0.4383971431228151,0.47673914643107246,0.5280980040976713,0.5778772059757108,0.6202013892939444,0.6556988473234593,0.6846165224555646,0.7028928453822384,0.704207276702323,0.6893220522664691,0.6618575026537006,0.6274178226941058,0.5885315789771967,0.5473081738466266,0.500138680625786,0.44838406840073547,0.3873607368667076,0.31312316830347087,0.2248150150818735,0.13003499352986597,0.039509776727528326,-0.03762831112342903,-0.09523670469814718,-0.13116994106433394,-0.16693244817575886,-0.22646684796822628,-0.31139836045705005,-0.3950385270874017,-0.45051047418565215,-0.4721297593001687,-0.4598124047592446,-0.40765617962405803,-0.3092582343482325,-0.15904671515431676,-0.006007136124885337,0.0816208700652377,0.08650239203189827,0.031121050613969817,-0.03896540426310865,-0.08813711552574771,-0.11514740902691288,-0.145863927767468,-0.19882956717650555,-0.2752457386265434,-0.33398353353648735,-0.348519442710207,-0.328643091275691,-0.28328611736843723,-0.21742289804131001,-0.14697050318393112,-0.09093372276084824,-0.056159415425541655,-0.04835106391381659,-0.08920980565360735,-0.20000773734213506,-0.3376005267366977,-0.42032702665336785,-0.453732450351563,-0.47642888390496585,-0.49547549891956166,-0.5120300393820741,-0.515525216611204,-0.49129324802494995,-0.4405491306939313,-0.38069596379130466,-0.3149128753756145,-0.23552427996849332,-0.12637867970195854,0.015999912226565077,0.17170500227573748,0.3156852636504593,0.45620725561944686,0.6350694702016192,0.8247340412034976,0.8910945846654533,0.8580672405637277,0.8183742312051046,0.7759931168933933,0.7366581975400239,0.7036082931151263,0.6825210439431788,0.6696839962112747,0.6669309678162798,0.6588316088000307,0.6376209510597092,0.5924919046159235,0.5064471339666119,0.32026110774849076,0.013487141232767839,-0.2693407858298626,-0.45436548396539184,-0.5743698032366549,-0.6518935652395534,-0.6872612690429838,-0.6686701155694315,-0.596468970958767,-0.4999947281549765,-0.40753925261456414,-0.32986147016678985,-0.2691259256696863,-0.22723338546890673,-0.20303091790237038,-0.20374895084576394,-0.2414863104939171,-0.308594387949982,-0.3757966335968847,-0.4119653014029193,-0.39026212104900093,-0.3187833875003545,-0.23838836643632305,-0.17170540563492162,-0.11370451542732352,-0.06053694154072342,-0.004685342668957958,0.04382209175543097,0.07656297080707467,0.09051991002076898,0.0915586705591789,0.08568636852693261,0.06822921487186583,0.04224451652740203,0.0031365771039270195,-0.02670339544414802,-0.03778005469807771,-0.030509418060007332,-0.01328920557827918,0.0173936146840246,0.07472516039184388,0.18625610826296846,0.36071467933066986,0.49391203456765925,0.5102613395212844,0.4963005613661327,0.4897306620192206,0.48540576459103874,0.46915773450111403,0.43825256109977245,0.3955577088605321,0.35233391470075515,0.31646372202823114,0.2912094994141609,0.27336390008681155,0.25684452581661565,0.23515787424351994,0.20532859253110347,0.1636469367625292,0.10784186470825338,0.0299470355015374,-0.09334079066901126,-0.2648344382955975,-0.45298722238291367,-0.6070336009094153,-0.679779107782742,-0.6755624313791386,-0.631087549972237,-0.5752749110800782,-0.5270921183078561,-0.48389952105792516,-0.41439184213361074,-0.3066072357356952,-0.21297846667546222,-0.15990670766918136,-0.13801152157802973,-0.1286692760691584,-0.09697846949730467,0.026734334546500562,0.25568609351713895,0.36926805238298477,0.3871245983368622,0.3680352379428935,0.3139046733546937,0.24142935360953402,0.184402982221241,0.17048766976798796,0.20893393820154105,0.27837896846994264,0.3433542885662649,0.38787151260060265,0.41266123190603915,0.42009629803488996,0.4073770394491362,0.38318370355102105,0.36072003265867525,0.3449291779892285,0.3208731676483626,0.2873326968331316,0.25740130847919807,0.24939191189645388,0.2844119905402478,0.36426396357680607,0.4765625012311954,0.5784256050768288,0.6464525671427781,0.6662967768032467,0.6287877914939736,0.54365055432686,0.4190064072236969,0.25475453754723504,0.07936721945299058,-0.08451509468007372,-0.22405782914461433,-0.3470410637176459,-0.4648682478802519,-0.5754661645404742,-0.6606676192451805,-0.7143718944098524,-0.7408468184552428,-0.7419219621311911,-0.7257412782564369,-0.7076436954955726,-0.6944601141151513,-0.6848573765687086,-0.6719101588667972,-0.6526943396068011,-0.6306057377512589,-0.6093201383075385,-0.5906784106040845,-0.5588876762744595,-0.47167951570958766,-0.3166389394883317,-0.15803116857270108,-0.05153412037004823,0.008752463617921737,0.033275563599839686,0.0442452699628805,0.05888820431206005,0.0838576935645393,0.12012411761271759,0.1703508648573297,0.221484837522581,0.27159181137738947,0.32205280426890626,0.37770816068033286,0.4179597849606992,0.42331655597358414,0.40803643415640045,0.3918891507152757,0.3957983191192104,0.4251005739232043,0.4739669277432316,0.5325490607510535,0.5848369569055509,0.620534188244852,0.6336999805499045,0.6261966370588344,0.6046201827350053,0.5820969064027021,0.560642766900649,0.5386984242744308,0.5193254341379361,0.4994034389051538,0.48226196903792545,0.4708375660748159,0.45277537674953416,0.4317023903318764,0.42275122915718966,0.4240947892685034,0.4267938890057245,0.4259017597609684,0.4179889704339119,0.4067502519650219,0.3971267083069174,0.3881567626856092,0.36780885781850636,0.32966863968497023,0.27799539804181284,0.21056086545358274,0.12535730665577063,0.03481928857657149,-0.041891366781189925,-0.09476648211624927,-0.13564754688120373,-0.18349593961845978,-0.26310852147403146,-0.3692219488615494,-0.45591765130565715,-0.49166699129767844,-0.49683037658354634,-0.5011125252006507,-0.5124961480200838,-0.5129129525420366,-0.47817519659175556,-0.43504527659026326,-0.4183481239881172,-0.44185896246899214,-0.48591518722480054,-0.5187058860782185,-0.5166294870982704,-0.4874184707167958,-0.44670921933119817,-0.4114413843971175,-0.3835069268461231,-0.3724167998350458,-0.3815421977993553,-0.39276442445489534,-0.3907469322372542,-0.3692959355461818,-0.33885648151061815,-0.2976388305303191,-0.23973020522693514,-0.17919458757111684,-0.13364788095833138,-0.11585151475315293,-0.12126541042502015,-0.13305402696436486,-0.12493921782930512,-0.09670397700543235,-0.05410913838011247,-0.0013483027813640162,0.04852642832868524,0.08973260829422684,0.12196718317563669,0.13777768793216427,0.14046529267277996,0.14658798136482382,0.1668186411201209,0.19679760594516446,0.21875092218625397,0.21639697743315273,0.1975309302288186,0.19167085845320442,0.2276608826520606,0.2993422718733055,0.38114966533621936,0.34066491672198146,0.24786786724100643,0.19395689094097587,0.17336984740573913,0.1683473303478184,0.17074910414581804,0.17747480002665886,0.18166389755763251,0.1724101521764183,0.15209492445729433,0.13788541611200206,0.12834813718575036,0.11523923965341668,0.09860085657419375,0.07823379357366253,0.060107387696050875,0.05207943291499689,0.049076556163050004,0.04424239198274193,0.017986034084734325,-0.02324677752280193,-0.04454711828643859,-0.02799845597828838,0.0036614922783535617,0.04208361270610647,0.07235450863784076,0.0865086567729741,0.08313327639568992,0.06865006365985832,0.046298724854773037,0.019262493935088935,-0.00464040976021834,-0.018456484239840035,-0.027155288013044242,-0.03913301390295331,-0.06456519507044095,-0.10006834382352409,-0.1558879529938746,-0.2164499729155968,-0.2781213406029203,-0.3453746085910741,-0.43078981479584505,-0.4980627346329137,-0.5262043464404094,-0.5101219995030238,-0.4457785548578596,-0.3463469679614591,-0.24009851060215348,-0.1487274274054779,-0.07191600166015265,-0.006418120246914389,0.04893780392521469,0.09707977732493284,0.13386114263636534,0.1610576691766274,0.182788273278559,0.2051762100698061,0.2311706225988633,0.2605269880821095,0.2787448502007241,0.28372208828879314,0.2820774911363684,0.2736858119177767,0.26640369093346167,0.27304798856650525,0.29045952190082325,0.2816388623826212,0.20640748998353015,0.05246132106711975,-0.14725261440654114,-0.3260098151327007,-0.43959075261180375,-0.49280042697152016,-0.5130672690768809,-0.5159774352356171,-0.5096722353560076,-0.49613467730761834,-0.4728035393875176,-0.4381757326409718,-0.396105747442979,-0.36541274543754415,-0.3627795597308091,-0.3912075153030423,-0.4414629037923963,-0.49450518852463576,-0.5385341291360904,-0.5116463318536854,-0.27476889661476,-0.008036330778842606,0.13821089153496824,0.20568126965377373,0.2284433482783536,0.23011566595550806,0.22152171641139315,0.20682528786818666,0.18457721982456587,0.15177110356629206,0.11137545812292592,0.07683815556004805,0.06260519716797981,0.07197356336552926,0.09706521788291789,0.12607830210511328,0.136074263072217,0.11409301905186507,0.07418760055360493,0.03888408925281212,0.022549372553933147,0.027439988802553023,0.04121569721597236,0.058011859163947126,0.06473976425664882,0.06083798106513565,0.05873673862589555,0.08228602790914442,0.16945139681280547,0.3363452387938345,0.45675354202446367,0.43119321901130897,0.37539802480892537,0.32648025109640744,0.2814286159828258,0.23571452509619817,0.1900234458437283,0.14237237637505507,0.08581166788158728,0.0043061620909275065,-0.10845488044145807,-0.22465970960769513,-0.3028702764797978,-0.32901012744189423,-0.3074699752546202,-0.2553212980446363,-0.17437866934857205,-0.05413808092859465,0.09586164556899587,0.23145681043935673,0.3344664763241096,0.4057353729023829,0.45394687895060715,0.47980690430809525,0.4913998497528736,0.4899997104981108,0.47969311753707095,0.4673115810976292,0.44765738087857204,0.41706337701573387,0.3856954180101425,0.3606267889833397,0.34801070222322333,0.33962442077662436,0.31687926226638025,0.2842186906271254,0.25249403122689346,0.23975454669378685,0.2552720440463859,0.2873234925119137,0.3091103349759152,0.2859475333478403,0.23011742713379782,0.17146786067692593,0.13124106287818796,0.12174204527903464,0.12738788262541295,0.132863024533099,0.14427340085002086,0.1639363190504894,0.16968696425215626,0.15933999339938804,0.13175153930471148,0.10193423304138091,0.07760578342276546,0.05327931627613033,0.02332533726573607,0.000678483464735503,-0.007643188688914479,-0.012480917656417317,-0.018339214553510026,-0.02415027781957316,-0.027656339743418686,-0.03188611097397172,-0.047475076509430315,-0.0821130229746629,-0.13799428038902561,-0.21846113934766262,-0.3061236731944473,-0.3809557191843528,-0.4348474204231849,-0.4647236975849552,-0.47987693898806605,-0.49555317841642355,-0.5258793679710463,-0.571334203415048,-0.6026810450508643,-0.5815423478227699,-0.5313911068028422,-0.49983634681324707,-0.49364217532548615,-0.48893231919780133,-0.4867440450468726,-0.48039107275255627,-0.4480971440043419,-0.3891146509992417,-0.3181893459688475,-0.23462925698981357,-0.16077125559448308,-0.09776813191671797,-0.04388986482801938,0.0067445144665933794,0.03484188223054479,0.02573844031477138,-0.009625465052962325,-0.05610661822962409,-0.1034404947127676,-0.1465494115397032,-0.1805157968689836,-0.21192278828799618,-0.2591514905990014,-0.3357868141401591,-0.4307480285088129,-0.5073601647356996,-0.5332780899597805,-0.5107052152667086,-0.4608121594080455,-0.4087337421738644,-0.36248930643561805,-0.31943680963657434,-0.27808187997562783,-0.23425763300779331,-0.19181993611791026,-0.15899315493366933,-0.13117203782540096,-0.10713062518216492,-0.07731030243467356,-0.054608426805900126,-0.02749195931941536,0.014759580936122733,0.07225939967918246,0.13552305906564582,0.19040487843741435,0.24133313948700558,0.29072698565327254,0.34468185810263896,0.39395847100104897,0.43079610574401256,0.4491840153173155,0.4492782463892694,0.43183364387369605,0.39485358609139165,0.3454284707563543,0.30299726266707677,0.2778360083446126,0.27346085877174536,0.29207118829107603,0.33508853324161936,0.3824524064206144,0.41604022048507,0.4304444263642167,0.4273839701624424,0.41215652369741046,0.4006256534786861,0.40874040938295053,0.4384107508455714,0.4784592512314078,0.5161501156319013,0.5380662768229156,0.5478727070413552,0.5486588046790991,0.5402350562287549,0.5188309081957352,0.4785398556243838,0.414194396971522,0.3140550715035881,0.17678318187487815,-0.0018301669570510363,-0.20023229599954798,-0.37122194498048433,-0.4758906566720135,-0.508365301254146,-0.4866806063382859,-0.4325674044620552,-0.3664307319538621,-0.30853897613162995,-0.2783029044652837,-0.2766477736757244,-0.27281578191859535,-0.261557545571231,-0.2518509523637241,-0.25246618985057695,-0.25695729349972296,-0.2593140256008641,-0.24996771550552557,-0.23449111290301386,-0.22224561318592964,-0.22981681774056367,-0.26265426983538803,-0.3119833872864735,-0.3599631257482609,-0.3848945920539237,-0.3658619937926313,-0.3143064752872743,-0.2635233241790742,-0.22360177143458496,-0.1874035211864059,-0.15517139801596921,-0.1289558590283702,-0.1090478299351588,-0.09294150541610453,-0.08352772713756532,-0.07687979737287425,-0.061057062220654296,-0.01762416804671755,0.06143436571959125,0.15195650709561118,0.21238378626899526,0.24681620782259586,0.27628766454566367,0.2966537685436927,0.2950341638031933,0.28339078281763364,0.28685894255594085,0.3149318195461672,0.3644307902019654,0.41369990403465445,0.43831680242687765,0.4432879033670977,0.44102594420420554,0.42197458669560484,0.37521322053261275,0.30608499876712575,0.23381850848643757,0.16774508625758539,0.11276365658069619,0.07506426554207189,0.05804566761167902,0.06356284760644153,0.0804277523667112,0.09560275901772032,0.10273280244562814,0.09988828464833063,0.09443986607702674,0.0976103694036436,0.12848081551380777,0.1800407562398325,0.21633200779688783,0.21874655874927776,0.19822239161122002,0.19530275365152736,0.22169406785155837,0.2679640806064607,0.3182996359827667,0.35469427700889083,0.36542533194115084,0.3357815727060686,0.25881630082035734,0.13308818227641617,-0.046955987958315994,-0.3013327770353154,-0.41042660973918293,-0.385284152195083,-0.38614411955437794,-0.40470792924101595,-0.42654863039513274,-0.44194410335347095,-0.45429918751523096,-0.4688382791607881,-0.486174464693292,-0.5062529355710426,-0.5327468641209391,-0.5668144093344091,-0.5968114257027237,-0.616537385896021,-0.6223934586287616,-0.6123988026779283,-0.5862213407261282,-0.5472692066261614,-0.501065988401173,-0.45254795184646146,-0.39654369817037427,-0.3300859450562713,-0.26464298656869956,-0.21457764654762848,-0.19679050103898157,-0.22493304433317754,-0.32506636297390146,-0.4414261493822098,-0.5006694024294063,-0.5252337289527026,-0.532020620565305,-0.5129859219247652,-0.4519826294919066,-0.3197699256876583,-0.12776213212357238,0.0669384070440894,0.21737143595152833,0.32498578402287975,0.3883872279160499,0.41562657246568196,0.42337016844090586,0.41883340406344827,0.4095773224137951,0.39882552685463685,0.3840363893819926,0.36831437032686415,0.36011910473463044,0.3635141216848126,0.38837417636381166,0.42824002919045645,0.47437853230903565,0.5085597023398121,0.5257582430393963,0.5217149384976233,0.4828703929657521,0.41459529852342175,0.34366761754372965,0.2920346434183877,0.26885882676113654,0.27042109685625026,0.28679921003443726,0.310702968916813,0.3384912022027563,0.3726811994998764,0.418878118979137,0.4806736612249491,0.5458411943370324,0.5941438997554838,0.627642726131898,0.6567019727549607,0.6826678844735231,0.696976036492649,0.6994289318140736,0.6964123374823554,0.6871340883001886,0.6781390610991908,0.6761255226427815,0.6729984615865444,0.6560595250284167,0.608355616963435,0.5335417331443343,0.4590451930540881,0.4031550335606496,0.36814737329569597,0.3283733579103705,0.26867120098009817,0.18823638757518946,0.09806859412603339,0.02074054430568407,-0.038213939633202736,-0.06942555469993632,-0.07356490800640585,-0.06502286202520349,-0.05799498303822497,-0.07147988644018248,-0.10736499587331269,-0.15093176403970338,-0.18123483388259842,-0.19291348870864114,-0.18892947710153213,-0.17854339947687684,-0.17026310627141508,-0.16320332031284188,-0.15489138592388768,-0.14716816022718196,-0.1445637496995118,-0.1501463601121897,-0.16410089277174594,-0.17534707160480398,-0.1785585645049184,-0.1739849485811279,-0.16160670295753238,-0.1496782143203932,-0.129073566114657,-0.08579032684143842,-0.032090586258676945,-0.005693529955209978,-0.041003879077533445,-0.13142439741408027,-0.2692620609941907,-0.43440810993000784,-0.5279492976942483,-0.4824444820452576,-0.3747060235557836,-0.2821689019854853,-0.22590352586954937,-0.20847484084784068,-0.22943925502492377,-0.28999854477413195,-0.3692718996999956,-0.43249098041835304,-0.4690676371456729,-0.49073535211795083,-0.49854742607758024,-0.4957060152110016,-0.48227806748818036,-0.46176893542251135,-0.438925692068634,-0.412453965231988,-0.3838261110179867,-0.3530734124643817,-0.32089240342271663,-0.2936968555347702,-0.27650632895982885,-0.2681563350386742,-0.26961290761403267,-0.28014939871479305,-0.2983615149474347,-0.31169391020257736,-0.3042463332797495,-0.2801923534543112,-0.2459254144555032,-0.20263198758559947,-0.16327572522135889,-0.1442822915343306,-0.1649948081843718,-0.23132944320811177,-0.3329745761952337,-0.4409096978993678,-0.5177400380938891,-0.5567673084642775,-0.5563381376059122,-0.4772275058228678,-0.24171418449526258,0.007085825435410358,0.16807154643194402,0.24971815660688912,0.2728980399269258,0.25650176823229137,0.22336042119228278,0.20051964771138928,0.19439789591360246,0.2005157081328538,0.20763640935090175,0.20782758050711989,0.20083589501916144,0.18984594915405215,0.17789008243729754,0.17065123974572513,0.16499105536357578,0.16058457781458546,0.1537272045406267,0.1367960041373202,0.10119300992076058,0.057234583921036086,0.045698253736475826,0.06976492013687435,0.11580434167773683,0.1657270322222198,0.20953737138877415,0.23725393335451248,0.25585955673181904,0.27144938359291115,0.281599499616113,0.28483068765757275,0.28365609694875077,0.2930027962551534,0.3156288804663395,0.3396046442797121,0.34628261736416427,0.3243503181281589,0.2712270245830969,0.2045887795686426,0.14400224103067288,0.09627078970008604,0.05261475442748543,-0.006271831861562561,-0.09595660323165857,-0.17581543633320168,-0.2081959311429789,-0.2033181968728536,-0.17996466543277018,-0.14610728049312627,-0.10013371177191606,-0.039737245209202694,0.02952002537008726,0.08859180759736712,0.1350212658284553,0.1735027768134444,0.2007370738488245,0.2112076347956831,0.20890007755726414,0.20764165331512016,0.21712802584642857,0.2408000391712311,0.27247607490360015,0.3068990268087368,0.3470808780989173,0.37661707283088713,0.37044498409769133,0.3172425631836517,0.21842442548631164,0.09872149553243982,-0.012059490802297611,-0.10765181352748857,-0.18216915884842844,-0.2301243520098265,-0.2599159473780123,-0.27893300316272523,-0.27875282204104523,-0.26967523150854783,-0.22482280067951843,-0.17329830278908856,-0.203012214551976,-0.2776796597917219,-0.33332521122375613,-0.3360526296984414,-0.2762513887549846,-0.154820004592654,-0.011685036163840125,0.11625159929225502,0.20524798154975035,0.24978114320638106,0.2511764171154194,0.21583516893253407,0.18133353436198363,0.17263045665173718,0.18893903351381164,0.20078054359446082,0.18985755079888697,0.16280379479871765,0.13318359340393582,0.10728966484418638,0.0896477227027978,0.08164204457066769,0.07214887229575596,0.036904075612639496,-0.04725866483078215,-0.1681369695699753,-0.2652867904967405,-0.2967914285497494,-0.27479886160705513,-0.23509364700898386,-0.19202762088902356,-0.156582808707016,-0.1403224493919043,-0.13568942192475886,-0.13062502107822643,-0.08723964514649143,0.02010165666733008,0.15408245797829206,0.2224089291483042,0.22335769358770716,0.1971171275735472,0.16005718557307935,0.11275662533068496,0.05902611280325593,-0.005189953120013257,-0.06323481927174228,-0.1175493057460525,-0.18187681147758925,-0.2733799469932597,-0.3998078844067568,-0.5318611245036504,-0.6351430231513315,-0.6952812697197105,-0.7211313397739371,-0.7213336442594956,-0.6966064940714588,-0.6407800546752271,-0.5472168269727146,-0.4245130087122522,-0.30357019732211227,-0.2077330404199873,-0.1417764133800505,-0.09378361053116285,-0.05730082797554332,-0.03330703971810392,-0.027897152293381935,-0.0487142305081841,-0.08621174944163382,-0.10413475277525204,-0.06873247721744206,0.008744217755559652,0.07205926420537212,0.0926925188914987,0.06904169448273167,0.014200116530682502,-0.05470364122779964,-0.10492955356600205,-0.12033605787773029,-0.09591929213463223,-0.02656502458227246,0.08038342084184687,0.19703491723046926,0.2949466736622452,0.3609044905224151,0.3843970448351383,0.35018675199212923,0.23031242113627823,0.027725954633208386,-0.13664353498499238,-0.1756471132037482,-0.1293302591939237,-0.051746761611656415,0.027899507230047964,0.09296217924264773,0.1373446212973356,0.16879459614396436,0.19461342991638858,0.2135616115588615,0.21552544391861247,0.2032234916889905,0.18770046329267798,0.16228540543409836,0.11422835529522421,0.04091985449337217,-0.03582115213316044,-0.07636416892720115,-0.0576217831607195,0.011593429507543149,0.09619810046855318,0.1576438931085274,0.1858929551451811,0.19431318323671135,0.20363990474789656,0.23423362382575064,0.3034150998421548,0.3848529489768779,0.44089569036860765,0.46024031989861797,0.4560303082325825,0.4353284269617856,0.41123799290551777,0.39800003225120556,0.4015222946813206,0.4100932380293238,0.40053105217257445,0.3650348104276269,0.316878984086327,0.2814092348507512,0.26086477099923117,0.24585394494613952,0.23657378533509252,0.23248718351559433,0.2330551579110231,0.23780214719378076,0.23866785783193153,0.2318101147916278,0.2275990733288013,0.23229987132642596,0.23977138250203966,0.2415272614702367,0.23459156475060025,0.2116401844554908,0.17849574959038803,0.14590696545002624,0.12140853667509513,0.09419585724877653,0.05597085462837294,0.002450373031555971,-0.0643483115701241,-0.1253950434906701,-0.17231786342103866,-0.20646119006324995,-0.24486759176075953,-0.29572605836909255,-0.35494682108961706,-0.40862480195166756,-0.4255565833230174,-0.4121617946721141,-0.416406645437938,-0.4723473464458405,-0.5225605949020597,-0.5119379003108604,-0.45004520623503125,-0.3362058709221409,-0.18068522358604813,-0.0596563006179712,-0.016577140564245342,-0.02515616306763038,-0.06289379307853152,-0.11744556858741172,-0.15703202148812756,-0.17126416724147087,-0.17421979728977652,-0.18202328851207938,-0.19776432220818785,-0.21726405075730731,-0.2392586591797144,-0.2573271484121879,-0.2671563626096902,-0.2773982009188868,-0.30002858568907104,-0.3371299595715224,-0.3820260897663435,-0.4233899677909394,-0.45168508319395073,-0.4610996390446588,-0.45305487751268975,-0.4327387904367644,-0.39992947498457043,-0.35185172702070516,-0.29097162632808327,-0.22780879594093142,-0.17101445332140724,-0.12464250916881654,-0.07988530691957223,-0.019898300085233175,0.08507306577723532,0.15474265282493552,0.18865156970600358,0.20159467598904804,0.18932558309156317,0.171363130784174,0.16328180762893585,0.16626841165220577,0.17543008406977617,0.17972238588260026,0.17544999618185703,0.16885220142142143,0.15990027143651847,0.15498467743562466,0.16351769462978205,0.18575305242344844,0.20881826605660223,0.2266499667182356,0.23485866975721814,0.2393831472959987,0.24330320649890394,0.25010739550026545,0.26335918943201003,0.28147785585768165,0.30748648515111354,0.35155116769317196,0.41408848932956227,0.48511946371047265,0.5259993333352033,0.504727443399327,0.46311482125870773,0.4559405824686809,0.47414742132511833,0.4649097904706793,0.37663564371998165,0.20955823242905983,0.036467269793980246,-0.09765828268832737,-0.1902171916323441,-0.25379161372621784,-0.31669032757724896,-0.39612258784121734,-0.49410844138961113,-0.5904309276577036,-0.6564855029810454,-0.6840658437696456,-0.6786723537918876,-0.6477631314762695,-0.5924431588569072,-0.5069712129386461,-0.4021970760894561,-0.2977045464440914,-0.21672936488009803,-0.16895713973065965,-0.14509829785582112,-0.1269773437199431,-0.09957766096528078,-0.04601037942343337,0.041250283078113514,0.1433419545450186,0.22150298024583093,0.2786980690094889,0.32788627428217326,0.36440382349237366,0.36473673259795053,0.32309531211318054,0.24323464775225226,0.13017398212239187,-0.004057309671526137,-0.14207964242680593,-0.24844172087234692,-0.3034186951761204,-0.3012632193136324,-0.2462318761340501,-0.14031157147748394,-0.0016069349183860633,0.13035335385999997,0.21631011477898432,0.2682864251894479,0.31862469027751,0.3705873376536905,0.39222229186919233,0.37686341822905334,0.3587786206578983,0.34338406938380833,0.32192857468427505,0.2840890303669361,0.24620056910932062,0.23992734107132682,0.26368462612252036,0.30002913326094466,0.3250877255115368,0.32637837917208107,0.3206492488122278,0.3217446780136083,0.3299457407340217,0.34139177094915973,0.36070187597923725,0.3849234043459968,0.41194318317741996,0.43582196955020036,0.45535548925636093,0.4678400572492373,0.4798693882121803,0.5015786826855079,0.5368463906985868,0.5762292055886054,0.5997629873682877,0.6011800073552518,0.5777676657657266,0.528931882610898,0.45623529464509405,0.3698409512666852,0.2871589081999213,0.21873447391382533,0.1749810032272817,0.15559544504642409,0.16122920792670267,0.1816921815472302,0.1893792025437391,0.14949973666037306,0.0559338090664457,-0.06177693934431279,-0.16404107435474719,-0.22798344796309997,-0.2655905331382259,-0.29120168921678385,-0.31492212626384775,-0.34999994298530634,-0.37403778903389723,-0.35919745604843,-0.3039003112756139,-0.24158246572006062,-0.20001039955141517,-0.18444633602198085,-0.19990996863722055,-0.2503224743804896,-0.3167203292353517,-0.3651495113723632,-0.3843377463955092,-0.3884460400145892,-0.39299665587947397,-0.41037939802886975,-0.4344419849639789,-0.44769487806048586,-0.4369859040697642,-0.4039132553874055,-0.3650633899874113,-0.3301171140709092,-0.3041840360823376,-0.2827170782132745,-0.26236144282624807,-0.23944685207077904,-0.21829701038349586,-0.20658109869904265,-0.21252286254353792,-0.24027326712741962,-0.28947302133067215,-0.3424336031711869,-0.3838943286847314,-0.41183539335144687,-0.44052859463272753,-0.49275909734074363,-0.5881087818842697,-0.6596915177918082,-0.5769410508687608,-0.40124610013092876,-0.23870023922066366,-0.12093703013428135,-0.040921436439795,0.013183849711704011,0.053745754615217356,0.09755425813912123,0.14803608258749668,0.19814502398334524,0.24059896763645858,0.27110660744287646,0.275208082964024,0.25033225535550013,0.21328818533473912,0.18198409407786365,0.16697309724853784,0.16495953080275189,0.1754407452766616,0.2046116730622312,0.24811834909055117,0.29351845805574495,0.3217243535804879,0.33295105213722775,0.34551807432341464,0.37505221526968585,0.4186106450263224,0.47437275810753693,0.5390557307975528,0.6031001556095229,0.635917658457766,0.6111118825463717,0.5429011841455877,0.46431774227649864,0.38397893113858755,0.3008127186655867,0.21643242758327558,0.11872267352040651,-0.02695641582620227,-0.20715524659162207,-0.38155663947357693,-0.5230724955020013,-0.5999713364080494,-0.6051099501176935,-0.5528039476869766,-0.46337168419831004,-0.35702847463510373,-0.25933051662924966,-0.1867227928656702,-0.13430088501565224,-0.08236368063815783,-0.020480302727322815,0.05558441823917888,0.12258567226447749,0.1665184349855864,0.20625124817811713,0.25992676282843874,0.32749977369215394,0.39593002140454725,0.4411570078973144,0.4560324417664232,0.4456142519767067,0.4161718868526989,0.38195696233970994,0.3687914051080204,0.3822203873588999,0.41692964962211004,0.4559178947018265,0.4649893538659237,0.43821344847381805,0.377102594088142,0.28597310135724247,0.17013810761725434,0.0022296518910368272,-0.23703141300670041,-0.5269489136779111,-0.7114935674807836,-0.7405995943538951,-0.6998851928495728,-0.640329289271016,-0.576297551783946,-0.5059023456268682,-0.39646190383283636,-0.2111884650819849,-0.049495910199915456,0.025915154824553626,0.030781390940671404,-0.0009932981567357044,-0.04412499004849251,-0.0851436999874664,-0.12335802441368648,-0.14302469900755185,-0.14644763686742845,-0.1309000293516767,-0.09863640650281923,-0.06103056523117396,-0.027845361363650543,-0.0016347243189657253,0.018027102150702426,0.03543921985052476,0.0514597328871791,0.06366988392515066,0.06811717499176358,0.07313914789020602,0.0794052803352051,0.08449759872262545,0.07602149527814855,0.05564483748780603,0.04284202987699779,0.05066617173847399,0.07939335766612853,0.12792962285461498,0.19572009808471733,0.25301200526144196,0.24686302269036697,0.17715304158623313,0.10487438779055232,0.07752850748167717,0.10612346811590434,0.18636052303944714,0.271031801824752,0.28546713673955076,0.2397171825763517,0.16753623099066842,0.07637318029852129,-0.0077944211066214505,-0.05541008431925559,-0.0666699909643048,-0.05028747150051787,-0.026648222885236755,-0.010891070866610203,-0.017559886277865273,-0.05344665575261453,-0.11572711013772083,-0.19470540863902025,-0.2828136035301858,-0.37330223633136683,-0.4490151249959026,-0.49536462067559395,-0.4955860050745981,-0.44109073658026055,-0.32228008397710084,-0.1608975534912455,-0.01161863672821978,0.09588840757669272,0.1668992460886719,0.21602352075466896,0.2459909168261308,0.2501291122804557,0.2281868410184683,0.17652377862924534,0.10221318403890942,0.020950010309702862,-0.042995807842823364,-0.08072032663017582,-0.09863236870695272,-0.12373415146435437,-0.22062450383146756,-0.46597859717343554,-0.459460167465167,-0.30648312354265,-0.25057282135641196,-0.24260226019659475,-0.2533401500721282,-0.26478570942854424,-0.2731566486682518,-0.2715739666833593,-0.26802522097517467,-0.2656949969882997,-0.2670221519514778,-0.28298642914042604,-0.3208056282160286,-0.37553134736525984,-0.43325350816231134,-0.4881063990604121,-0.5395497067209738,-0.5855442275094067,-0.6226150139804678,-0.6442011200906348,-0.6481638097148228,-0.6362241048352576,-0.6121172331060891,-0.5703302972093988,-0.4940485972467579,-0.36469993570513787,-0.1648582616728398,0.08154557389913601,0.29197542612853983,0.42080624971082153,0.49076609021620116,0.5348371228066707,0.5716838202619728,0.604242966564458,0.6344891172829852,0.6618712117971453,0.6880564594821288,0.7194106100895624,0.752388348037037,0.7787809894804637,0.7853658405030216,0.7744206883587927,0.7562733820243701,0.7351264700833812,0.700925655922963,0.6409653651322486,0.5666131929247983,0.49221334955605583,0.42102876390795396,0.3534827181985558,0.3020258639643618,0.2700537120755199,0.251505212347001,0.2428021737006304,0.2460591661047253,0.26083859602178044,0.2911822401140081,0.33042709825793665,0.36413980140880414,0.38879458447761256,0.40340687602080655,0.41439465050875934,0.4181547912335975,0.4137876545459537,0.4126606861689272,0.4269653184681374,0.4419735878821558,0.4452118216648291,0.4243088334413621,0.38244074121892224,0.33627137510370214,0.30654647258471346,0.3003100144639493,0.2999721192254625,0.29916468495326837,0.2966469550025803,0.30067108486090355,0.30052505648590067,0.2793718234551379,0.2345042487221626,0.18969614584511113,0.161147034211004,0.1504991932571212,0.15191343077504554,0.16465400619307394,0.1912454121417684,0.23687859306493972,0.2923503950467964,0.3231427865161479,0.3195509811413861,0.28674841705894344,0.2364708285309345,0.1789311334999554,0.11771405317200995,0.07094401229531842,0.03901609968155769,0.012756031709666705,-0.00427400662461144,-0.021355069174820645,-0.044897493770964254,-0.07736278897373777,-0.1179758208046808,-0.16037139923892804,-0.19797815430480575,-0.22897210521444822,-0.25838282182775846,-0.3015798688674571,-0.3799636613815915,-0.5036756773161793,-0.6279032589211123,-0.7019448102393647,-0.7287606706020561,-0.7239441685223723,-0.6896087425072558,-0.6338425501791042,-0.568214555615768,-0.5071987686662489,-0.45631293146039703,-0.41775549130702394,-0.40154478473335714,-0.41945090093981735,-0.45784117734552543,-0.45432688087098605,-0.4170988580289781,-0.38372524746609743,-0.3530047951425881,-0.3125934047817851,-0.25438485390727716,-0.1819314980514545,-0.10018133706069152,-0.024683699266139746,0.03216953265757404,0.07333742650756381,0.10533402629131496,0.13475835775127556,0.1518765254192563,0.14201301543767927,0.1154152986261612,0.09517365002729153,0.08882252977618864,0.08787266718249646,0.08378787410095907,0.056823067526374976,0.0026764271886256814,-0.06153119374314652,-0.12073385961710321,-0.1606497943801783,-0.15723713788220758,-0.10394181716912883,-0.00755043946476647,0.0836698857518604,0.14213099354163583,0.18228926939339138,0.21474144209520618,0.24071893353758936,0.24477144270200485,0.1998651116536592,0.12154813610019885,0.01919321548746289,-0.10025391412077607,-0.22536119312298955,-0.3118223417875938,-0.3450500028258105,-0.3393628809901873,-0.29695481970380744,-0.21789583862154038,-0.12740352265641874,-0.04833473593853672,0.00990764149392508,0.050366498854868075,0.07741738137487575,0.09544137903644723,0.11391775868770437,0.13312004120955742,0.1568294933574627,0.19041260180676403,0.23182294734741857,0.26860064201130557,0.2867916681489483,0.2937829960670724,0.30487992263738856,0.3244984330400218,0.3495623084972189,0.37286177247745395,0.3792967951434375,0.3692866805976433,0.3548963147764035,0.3477868161493877,0.3555968710108471,0.38427306706404457,0.42482763268893925,0.45411153500040763,0.459553761267068,0.4366636752159304,0.4038127498730697,0.3834194712948289,0.3954547079599449,0.443153434453478,0.5175417029859293,0.6170720832333024,0.70598538279093,0.7078323890712482,0.5918310815757175,0.4289032275438119,0.28348191308810566,0.19553575786934668,0.15997370672382735,0.15520894356578188,0.14854272901757626,0.12500886717515733,0.09374332941942008,0.07001588492177344,0.059825076867235955,0.05545467122085712,0.05618444134951389,0.056564088873014756,0.05738805446583903,0.06312671981239512,0.07454775754842215,0.08784190489196231,0.09758658812090924,0.09549797647661444,0.07036177603372432,0.012873183454872391,-0.06983887729710704,-0.16046393821064556,-0.24805056191314254,-0.3206404840063477,-0.3736312420518806,-0.40184099136179424,-0.4149659648946982,-0.4425883085228795,-0.49838128400815146,-0.5794291078383877,-0.664324002737219,-0.7131539973862892,-0.6947119485770434,-0.6544961038007603,-0.6254579428832987,-0.5895593634233336,-0.5357243209670076,-0.462121553235981,-0.36987376593542715,-0.27285714538061956,-0.19350014023816037,-0.1389337262396441,-0.10920886853882758,-0.09373955600438989,-0.07248352217057921,-0.03151702247008611,0.03334874113850829,0.11004752917777005,0.18925672142347538,0.26628168721527407,0.34186703447637984,0.4181462087803942,0.4955324229470693,0.5621726096315935,0.606206253733125,0.6247453952400027,0.6228667841972031,0.6141826380586217,0.5990350623919999,0.5670554529867582,0.5157559179436823,0.4497854481316401,0.3618570922629814,0.24834747089861126,0.11695279832007426,-0.016198417074154915,-0.1421263848180374,-0.2509115489561682,-0.34133398499436046,-0.41790719231336926,-0.4838974426863939,-0.5405712997327344,-0.5857552878960715,-0.6166870185101612,-0.6315561716882347,-0.6301432556678032,-0.6121440022190444,-0.581287204543571,-0.5416932006520139,-0.5042738727851422,-0.4767744041302246,-0.45763407322836896,-0.4414948000740481,-0.41670282955382915,-0.375860177100201,-0.31045411189830213,-0.2203320650294505,-0.12121121246737056,-0.025868167620931328,0.06175397445429683,0.1441870361820325,0.22105453886475368,0.2841002109898372,0.32722277615763723,0.3541996630193166,0.3661492254202356,0.3641946122930735,0.34989771738736963,0.3266939460715791,0.29314982892136465,0.26294559727768047,0.2521363078441893,0.2656711813996052,0.2996355666685993,0.34727873253807506,0.4042481057173613,0.4633279330783824,0.5141511437651934,0.5504804293866309,0.5678458547983547,0.5609238995406702,0.5324782636865099,0.49125875148518094,0.45657705299959533,0.4432370453282336,0.44666574519167845,0.4564614205480664,0.45571047921272595,0.41811991652680747,0.3475545916438689,0.2692362574189153,0.2056928940608094,0.16506473466559474,0.14158282725869664,0.135697834344166,0.1541307183395589,0.1956380345673087,0.2570350232889862,0.3247575019553053,0.3748554922120699,0.3964443789017223,0.4028554587579622,0.4055840560969836,0.39851670379329474,0.3841112699515419,0.3640297907042893,0.3301506596380564,0.2871221552675075,0.25058057551052987,0.22892144914805224,0.22075905171443944,0.21517301258375543,0.21097179476535619,0.20285611401706957,0.1909094902912098,0.16819131461651096,0.1379539030097034,0.11122329712890669,0.08545240562372118,0.05599777109068003,0.02112614803036002,-0.016627206984615665,-0.055845597928919535,-0.09511286803676774,-0.13588674098736445,-0.15133439392977985,-0.14709640450536304,-0.13667392256200606,-0.13329410468122682,-0.11458175363338524,-0.0985718699691518,-0.11161937782502426,-0.14639948406734615,-0.19407879597064964,-0.24388038099857862,-0.28993768369131323,-0.31444676622419787,-0.3120531005328556,-0.2936109710228927,-0.27630947284600754,-0.2734533117648811,-0.28051963909098987,-0.2825191795151811,-0.2780986554532082,-0.2711434630169693,-0.2631465784184585,-0.24898940816033033,-0.23546418194004376,-0.2204164592205753,-0.20391099947605962,-0.1755964765813237,-0.12813157171903772,-0.07763048151689118,-0.03929726589168634,-0.025026735296045034,-0.02841881070592608,-0.03329804456323384,-0.01650258538250584,0.03428758870815696,0.10524388185030804,0.17459382681037222,0.23952708561555147,0.3152944468961245,0.4222219009808404,0.4708943807312177,0.315502403509319,0.06865354141619709,-0.19511945421536103,-0.4523746444826314,-0.6175308734495498,-0.6858115349648328,-0.6939469374541185,-0.6709632396990732,-0.6285761980284138,-0.583562461570776,-0.5558143335286475,-0.5619799156734752,-0.5909169355785221,-0.6236892087285973,-0.648650289217463,-0.6582198811950408,-0.6511996527532501,-0.631268399272408,-0.6045414517249512,-0.5718739071767388,-0.5287871507695101,-0.47000301655274307,-0.39744595590755033,-0.32252929513442846,-0.25136644951597653,-0.18605643595630703,-0.12203049590750524,-0.06743335162094792,-0.03301748170858865,-0.015969658916169374,0.0033618343139982607,0.05085349428259145,0.1601086886777029,0.34255719114727795,0.4627307054600128,0.42997350606463736,0.3155228957254301,0.1804394793254992,0.06292604831207892,-0.01715743623806805,-0.07244756473957101,-0.11705242411071833,-0.1479771437157045,-0.16046742587440144,-0.16645474386360468,-0.17250910143642298,-0.18677673513394263,-0.2086244583735738,-0.21594021926141124,-0.18854928694050396,-0.10551197399791265,0.04990260867708393,0.2350701846625624,0.3725648387345981,0.45126086367474877,0.4948535997991055,0.5161805286317135,0.5231261745763354,0.5221053679342996,0.5178610271552213,0.5138553594693754,0.5213292531408259,0.5459315995963577,0.5913780628700643,0.6459546371742342,0.6947072126461138,0.7274000915500141,0.732394679467926,0.7127575427689212,0.6685133218496159,0.6053250739239522,0.5276418384760393,0.4466138229500432,0.3523401323597026,0.23795458080503987,0.11025522472833527,0.0017442848317256226,-0.0271496224756376,0.061393632013069285,0.23252406213206217,0.3303637770497112,0.3546031597751929,0.3756381311272639,0.4313838025354451,0.5370570163523996,0.6644948186500068,0.7571043742093815,0.7869848913265303,0.7586415763378901,0.675399174475156,0.5341701853161606,0.3623244649952353,0.21570560699273117,0.12104159852104732,0.057000892264741795,-0.012242057905224547,-0.09002392959711689,-0.1566832149415569,-0.19908654104239426,-0.2074720019345833,-0.18106628038553726,-0.1245859618637284,-0.06369041244828236,-0.03253794059992472,-0.04543157880217826,-0.10557932598640161,-0.20650260835084858,-0.3223331978337953,-0.41347072010284813,-0.44584162894242146,-0.41844567976042507,-0.35832663188902814,-0.2899660996985846,-0.22249450864726578,-0.18089673907013956,-0.15055048555602918,-0.13434825720352472,-0.14161666866589695,-0.1751648160921268,-0.21484231427979417,-0.2343161241149345,-0.218333797519497,-0.1662212503309682,-0.11080231338514385,-0.06825089576473645,-0.055463514006364345,-0.061949860355100105,-0.07770042643079707,-0.09551430131607526,-0.10394851704621656,-0.0929384049580629,-0.07558310395529057,-0.06210921440399559,-0.05803796109100891,-0.05944469437815752,-0.0656883324016558,-0.07414576882342479,-0.07539515067389418,-0.06652373786179752,-0.05481304858419796,-0.04105972862699641,-0.023546660193539678,-0.00017668899543561104,0.012427070996645641,0.007674175827457582,-0.010418790977365441,-0.012384785489172576,0.023922700721054693,0.09793017321441272,0.15396415372423905,0.1491378279451277,0.101319090183722,0.04630728049726768,0.010427016363898235,0.0017413825485881138,0.009415974000893758,0.030142606043655006,0.06681402228356963,0.10440458970797585,0.13022375094143177,0.13935857147029648,0.12974285601336427,0.1060973052730966,0.08014430844191871,0.06394066711206027,0.06034430117180213,0.06757404779610086,0.06975371806409185,0.07065542180951857,0.09061438268641933,0.12752653165446387,0.17591818222361866,0.2150671044846931,0.2408699969634901,0.2600636849883019,0.2787352152671632,0.2969871253689622,0.30159157404430903,0.2806483322708016,0.23609381191644063,0.17364007364188858,0.10212803950038421,0.021156738317853058,-0.05794497973441612,-0.11953909876515728,-0.1491681327337794,-0.14090963897443073,-0.1152911894327572,-0.12852636188325878,-0.26382721720865526,-0.5405293014917155,-0.7526302202005035,-0.8346424581737846,-0.8720468442640646,-0.8997883226555788,-0.9223866255057523,-0.9302290601011306,-0.9086364216271144,-0.8493461739519995,-0.7607540726079248,-0.6726643471358875,-0.6113349981684104,-0.578663077250406,-0.5604361811369425,-0.5395818534273621,-0.49951628853541874,-0.43684300565514916,-0.35632249829679186,-0.26568285082133614,-0.16896459220400406,-0.05972480036248488,0.07739098234324523,0.2457804972556147,0.4125360564133647,0.5341497767651168,0.6057623008496446,0.6463874235508715,0.665755246074713,0.6684655210266504,0.6586841575571072,0.6402042009795328,0.6143754547662121,0.5893024771095072,0.5679325909361811,0.5510178487503656,0.5430861963774491,0.5483933417725859,0.5677604420659443,0.5941773311828107,0.621551084282701,0.6486696083146191,0.6758101029711503,0.6987027197571601,0.7170061392941733,0.7298061828638241,0.7361787186264129,0.7267580428815034,0.6913975320179285,0.6169870086800529,0.5044277671723991,0.3687040020144975,0.23901143295780078,0.14174633729434913,0.0940460567633468,0.0824653207371821,0.0919375872970889,0.11936179822382846,0.1614347065885275,0.21113399766816052,0.27304822167083337,0.34385761164120066,0.40681415159221695,0.449777621819302,0.4675200331399629,0.44137684446958253,0.376377498676159,0.27096351069671815,0.12853191045001755,-0.03624838669567236,-0.1896094985973014,-0.29115188746719456,-0.3312817015088295,-0.3173224787549916,-0.26443284628823477,-0.18137973714913633,-0.08866609891025086,-0.01639212238959861,0.021191937451884076,0.02476547057082162,-0.00408730961722685,-0.07281091110804634,-0.18175105540260272,-0.30973943932533077,-0.4144732268593425,-0.46411156771853307,-0.4659698099229838,-0.43345242343162005,-0.3757071799891333,-0.3089251143845114,-0.24929420109269895,-0.2092321200985031,-0.177272797725097,-0.13908648576997246,-0.10224226108840068,-0.10495108474368085,-0.15735453477332156,-0.24090638943707976,-0.31759879864061225,-0.36230278203938177,-0.3657793090404871,-0.3299051228225669,-0.27344873020173316,-0.2028412923811606,-0.13048054031333564,-0.06266307599209796,0.003614851782194213,0.0699644209060664,0.13470658864563892,0.19113523932775037,0.234198403333314,0.2696630528871752,0.29249985852763827,0.30954564514797367,0.3404031461866583,0.3781646428962655,0.4103548468079988,0.4513955263059924,0.48893507465637126,0.5132788711709325,0.5151335240656005,0.4924106280848425,0.4611525562459026,0.431361984844734,0.41009555613655774,0.39867256104535526,0.3992413206896065,0.394772113962645,0.37571022074522836,0.3371094278937301,0.2762546039364439,0.19710403803962756,0.11303151164334437,0.05974719030793816,0.06223775342165704,0.08409602889319284,0.06714069542600455,-0.0010659185051203326,-0.08779588370851613,-0.1567116370210288,-0.19579483865321134,-0.20723696564458416,-0.20686645805071674,-0.20767976062390942,-0.21882397505476986,-0.24345828065786224,-0.2855016714925579,-0.3428697204449014,-0.3796124502215422,-0.3639536361840226,-0.3143217501345468,-0.2754463974943487,-0.24650479045632723,-0.22310429954391467,-0.20152487052752405,-0.18011594731872652,-0.160835780594694,-0.1397179287970001,-0.11364888922141385,-0.08603503891650487,-0.061510761511802826,-0.046466211871942976,-0.04095769489070749,-0.041280288088147155,-0.04644395764621545,-0.058937921186211,-0.08989661335499496,-0.15308940280312627,-0.25925184870902557,-0.35726496684351783,-0.41211268650091376,-0.4464073240975255,-0.4937993911622109,-0.5364502705102836,-0.5353897911585307,-0.4728779909739236,-0.37252467701140946,-0.26159924856137984,-0.1514720437838325,-0.045139644091409664,0.032483281488185495,0.06406363244464836,0.058536270299546535,0.04644351802829242,0.031608393609382376,0.02571631185396002,0.03413704755380745,0.047129143894395785,0.05552985491934525,0.0563944625682593,0.05248616284235051,0.050279840742366785,0.04156072026846,0.029963608711236298,0.02067995105308,0.019609167481574232,0.028702462766738993,0.0302166731648157,0.02374440735410836,0.015060605373529814,0.016098115391936278,0.039179990655431894,0.08018002996076355,0.11632313922462535,0.14352661402591618,0.15318385785161323,0.1518792874850255,0.14704863359293216,0.15680085949108885,0.18869733007835401,0.22951009950041049,0.24000125110565332,0.21427803788449107,0.19291673303558185,0.19062827766357782,0.1907013764679864,0.18347069043956546,0.17611542974047434,0.18931829589387747,0.21230436153710708,0.22896560691105886,0.2250397648167781,0.1926352359133893,0.1420643651056994,0.08619805251738201,0.0383353777014746,0.002589875709609556,-0.02484597170621622,-0.04910782032542418,-0.055829894638901284,-0.03954523085029118,0.0017436341648569603,0.054138715781205674,0.10064526911871992,0.13792238125242445,0.17063466337579183,0.19292906433058404,0.2004860428053637,0.19832643874285558,0.19459903159228636,0.1837983926794154,0.1581193953377317,0.12268052806484614,0.09435091668301991,0.08785855823326416,0.09935609160064157,0.1079568507428962,0.09155355919783491,0.03570906080640399,-0.059688920996443164,-0.20579707781341008,-0.3970893612217072,-0.6008491672595606,-0.7484941722208094,-0.8264904899512748,-0.8550147878055563,-0.8598992204058655,-0.8572595066115821,-0.8306310476971384,-0.7397831652457503,-0.5727465881830038,-0.40013389214078354,-0.2823726159007821,-0.2203961764596071,-0.19212224020389906,-0.18563175722969363,-0.19083747699352047,-0.19394088888013353,-0.17555789139711114,-0.13818534359536838,-0.09330167015104107,-0.05292983445431481,-0.021186240878625095,0.003881588708159641,0.024659379690051633,0.04687207256431916,0.07828405805513143,0.12939493873907054,0.19901677191488573,0.28333553007609175,0.3536723609528052,0.3797494396392157,0.35527327684938004,0.3126721243502036,0.28218898536040965,0.2712416976761766,0.2785893006359825,0.30474245017980467,0.34535019666218636,0.3881554003557675,0.4191986615533774,0.43391846085313845,0.44377121848005785,0.45375548388538656,0.44374387088488615,0.4200488444508877,0.39654445473235495,0.3809568564204903,0.367654072335986,0.34536154063956803,0.3242393115819845,0.3119157218893818,0.30231638228543467,0.2893194438204382,0.27551777362876034,0.2669008697074003,0.2610306029195658,0.24483551239468404,0.21645054298860192,0.17655194004589594,0.13228986328496342,0.0873282311142255,0.06015537746437985,0.06836888152945249,0.11070088665533931,0.168409007597896,0.22019665723616333,0.2583944763492234,0.2859097527818377,0.30072234344703186,0.31056684480924845,0.3356765991093267,0.395514222291153,0.46114800085126556,0.48025307805468287,0.44481781920063806,0.3865372513512676,0.3301064374511068,0.2865521860036051,0.26120527364627477,0.26123621057490737,0.2894464455913174,0.19303970358237751,0.06404206493456277,0.0122479041276219,-0.03754807760714694,-0.11725214223661334,-0.24003743692138635,-0.39244078337238986,-0.5343097700186661,-0.6321661340334934,-0.691556255622227,-0.7325308314200983,-0.76009451852884,-0.7749645790212698,-0.7758031548418163,-0.764435372478514,-0.7374868433541137,-0.6816624657488826,-0.576614479238421,-0.41875398989860296,-0.25499726250739596,-0.13928671728827996,-0.08530173382044054,-0.07835660401654078,-0.10336097156421621,-0.14670765794851268,-0.19696043488026513,-0.24587056089988973,-0.2858787128103255,-0.312191145085797,-0.3316314063573336,-0.34746473901012886,-0.3498980240566555,-0.3213366927653987,-0.26050772903732655,-0.19011890610681562,-0.1391584060791852,-0.1471286275834448,-0.2310010900214259,-0.31502182808899765,-0.3432605767729186,-0.33117438580104136,-0.2875248099086423,-0.21383706120322551,-0.0997215034425197,0.049810255851800676,0.19918451004783688,0.3048473905790578,0.3511643684501262,0.34610183422297586,0.3138007832504018,0.27244650872793835,0.2320861892298816,0.19463769113932086,0.1533175119944919,0.10115538963642212,0.040585724780101445,-0.013972251747808572,-0.04113036801481165,-0.01890894537783694,0.057563244432019975,0.18054332894505068,0.3314551504008148,0.4779306556365062,0.5751140412207247,0.6024541835292919,0.573506148425954,0.5181998670587866,0.4488442823905778,0.39112156183430674,0.3620133504214897,0.344609067963187,0.31918399311733925,0.30426716233989204,0.3161663802782316,0.3625841798421231,0.4468334497310072,0.5551204582709764,0.6679478078894453,0.7625351242640571,0.8216510923996769,0.8332988500644416,0.8030833248433895,0.7330122456519561,0.6269137002130053,0.5164877432343403,0.42754777803097027,0.36827156167147546,0.3301175068840411,0.30215525753048555,0.27144754524454845,0.23319786667720133,0.19043197545715163,0.14184646257359335,0.08310803573211901,0.01670404049713678,-0.06422959380329768,-0.1675179746372869,-0.2807110078109143,-0.3476223573220964,-0.32372055258740057,-0.20535228462755103,-0.02906898395795978,0.14663193976066408,0.2779447713608007,0.3411687982985672,0.32182630820684976,0.22070198416052256,0.05958834602756425,-0.11449818567838248,-0.2619670606633984,-0.3751087902333655,-0.4606859948792882,-0.52157530094316,-0.5541574582427683,-0.5070390259393476,-0.27916645375074195,-0.03276515512705431,0.07628711070379907,0.0816619310536616,0.031878211331393146,-0.029213904500317987,-0.0756839514883502,-0.09913175979444389,-0.10449131216201668,-0.10679763410003038,-0.11970003643387375,-0.12683218565147364,-0.10732784905470914,-0.07059606805865314,-0.049606637041344735,-0.06127659360581698,-0.10503126301481897,-0.1653687127322896,-0.22391878697445192,-0.2586261710044266,-0.26370724981349175,-0.24915991202150237,-0.22677839944377062,-0.20351627092278257,-0.18514003625244,-0.17604560514117742,-0.17400031577871708,-0.17925304682751536,-0.19239374986795954,-0.21981920410506045,-0.26138343339281106,-0.29939339541704335,-0.32024387448427977,-0.3074090647239716,-0.25368437749852696,-0.17141213075766662,-0.08643169973328092,-0.023866393254314416,0.0030489172629589983,-0.010013646494797827,-0.05759380303759246,-0.12597338428163488,-0.17082302497515378,-0.16944681664472208,-0.13515516143204587,-0.08707847856941459,-0.040854968299217906,-0.00022099102055749237,0.02762453576418707,0.05186524962004556,0.07959010611971523,0.12346027964662487,0.1749314459835252,0.2099606470827342,0.19091126802551317,0.11270006542784272,0.017321259275151744,-0.05155796450705261,-0.07822276473052664,-0.08561415410235369,-0.09510705061875944,-0.11070455489117746,-0.1188622331129864,-0.10920456295522392,-0.09667991189830663,-0.09234347917187388,-0.09910758916583311,-0.12092426985621285,-0.1561790404748271,-0.19938538843921982,-0.24418709271212513,-0.27372782575431076,-0.2714809339357318,-0.24855914006974764,-0.2267303605123416,-0.22539285740849668,-0.26030762180747846,-0.33454483999176904,-0.4463155296712003,-0.5793824519560984,-0.6926981517589238,-0.7656358496778778,-0.8079715898794878,-0.8255066158911615,-0.8089944759774838,-0.7229498874081622,-0.5091784010251685,-0.1861829216464953,0.05593645651699077,0.139733701013371,0.10122069271465886,-0.01278780996006163,-0.13093958084373844,-0.18314752327953496,-0.17072425548110196,-0.11358084723526844,-0.034828459832404825,0.045472150067776884,0.11225776002624263,0.16010775350712178,0.19538486766877938,0.2317366479594043,0.27567908073200315,0.3265097129946862,0.37036012420201797,0.39512844149677684,0.3914476689763069,0.3624938919202752,0.32884180470386587,0.3193941832811308,0.3444381448535605,0.4126839872112856,0.50720783210624,0.5879617409157557,0.6286135652139421,0.6342205204504509,0.6333009794434673,0.659750561708577,0.7269726478437986,0.8031555579132548,0.830166525698746,0.7463161103419015,0.61419856688267,0.504493413508497,0.4300184194381467,0.39379879914383253,0.39543560846370895,0.42446628131076847,0.46667692940263994,0.5114097785779793,0.5472757301159787,0.5690258592321831,0.5812468863620722,0.5900272360960874,0.598441183558455,0.5950840448526532,0.5706943960333478,0.5086627422897931,0.3989640811461323,0.2365746465501783,0.0387866454616145,-0.1434154747308572,-0.2662676888236385,-0.3152808938754921,-0.3190688725246307,-0.3097315411617866,-0.31847437291457165
0.010588734045912098,0.02904530681890412,0.05738625159066225,0.06926227264225718,0.03719027415700088,-0.019530796772988183,-0.09499694818327417,-0.1796417807336149,-0.2575910156224259,-0.2963783619008474,-0.26789837938793015,-0.19118965187899412,-0.11740185870630467,-0.08536249835999761,-0.09248889254993221,-0.09742116866487137,-0.0807499430330437,-0.05701615984213827,-0.03969755974473499,-0.0334581224726476,-0.033249758294649365,-0.03591326876734027,-0.0415732522503971,-0.04692461141299786,-0.048434117197527195,-0.047492288932355756,-0.041352363358973236,-0.030054532151500873,-0.019864622219940464,-0.021404135142525264,-0.042821381188264805,-0.07408004451782273,-0.10619130599112843,-0.1384019522214357,-0.1623642217433875,-0.16186840695237467,-0.1341969931676249,-0.09450987977887651,-0.06585509410603647,-0.05529134542981791,-0.062182376932659,-0.07365884547746329,-0.0820911141381839,-0.09511279424824531,-0.1238271923137471,-0.16885062971748005,-0.21911863524809286,-0.26359538086857737,-0.30304691110870674,-0.3453478957540196,-0.38548631527030813,-0.4182962583055142,-0.44566883902017307,-0.46150974374770387,-0.45811340006289697,-0.4376290679984207,-0.4126680441179759,-0.396214175853975,-0.3898477338589536,-0.39032107660649173,-0.392613270005517,-0.38979989621786565,-0.3646334865904391,-0.3012886221142142,-0.23311956890055524,-0.1947207025739822,-0.16954105498200425,-0.14259168498578384,-0.10566410558840561,-0.06341652083833474,-0.027508285957970797,-0.011853001682893372,-0.015708068487763235,-0.026017342107468824,-0.028514693310677162,-0.0181520244528392,0.0014671521427651812,0.01952778653192296,0.026856358772368027,0.03925334615472001,0.07044016861841468,0.11496881675952653,0.15667934568034383,0.1778463816496225,0.19403476940909467,0.22970207328220082,0.28133656117862876,0.33758272802488465,0.375858756531454,0.37581273843240437,0.36614568438371314,0.36446520148534406,0.37027174670340807,0.382821048566981,0.4080804693970505,0.4449379090453644,0.48248471374162083,0.526022571872948,0.5632478711168373,0.5187684997486863,0.4028490782659584,0.3019565768993858,0.2180030921466871,0.14382805431870047,0.08274719554460978,0.043008705982324,0.02774710832235937,0.03166817046152792,0.04375243442526487,0.05354587088555243,0.054930270528544045,0.0529790824869513,0.05229126262433237,0.06444567085635393,0.08674264735300165,0.09954648010424978,0.09376733187784285,0.06787181105845391,0.03731511392097694,0.020038745782871462,0.027814882764059638,0.05437998333494258,0.08425177759877514,0.10487242344036604,0.11293675700052543,0.11074301064583178,0.09726458226830216,0.06891861376779594,0.030118827594794697,-0.007483245056953002,-0.03355080992760533,-0.046634886893750525,-0.05288694256629511,-0.05818278054123706,-0.07151380373712907,-0.09253209070761519,-0.1129057963375366,-0.11552072268887538,-0.07645466995096155,-0.0012936678932953154,0.08180012568689089,0.13612433658030906,0.1453897724110733,0.09530140711158273,0.029562727451455724,-0.004563309651332933,-0.00892928558345465,0.0014470677414718017,0.021572490616167134,0.05131919905951732,0.09206163366465575,0.1336064450758373,0.14253774579591177,0.11061616056384486,0.07561157287801884,0.06077863026241777,0.06935119368989981,0.09316324612879817,0.11824022065301666,0.1435592502636262,0.1628848912881099,0.15861863430644776,0.12238974378455195,0.0716322360464647,0.04529522064098523,0.05966898608342047,0.10662784478842213,0.1582530517028821,0.18559728321557886,0.16096097399536052,0.09022616712873703,0.002180406545662855,-0.08237031924078199,-0.15808887299135105,-0.23229706895077515,-0.31049888608365295,-0.37925678759676396,-0.4274970531523642,-0.43392075799286767,-0.4081489993883315,-0.3761458232218415,-0.3401610015067398,-0.2981565625106056,-0.2489779122063987,-0.20064206442775429,-0.14667523465066393,-0.08224404255296189,-0.0002475725860324111,0.1025659083637325,0.18449726073244155,0.22436725848297842,0.23695504998184444,0.23367320712696812,0.2199595671968809,0.19539558523024453,0.17276635571595123,0.1484483825218043,0.10984657593637459,0.06576799275751329,0.02580803987936123,-0.005765966068951868,-0.03420422046905325,-0.060440472545571215,-0.08740112879865579,-0.0981494362554242,-0.08819223201518257,-0.05594305690988166,-0.03490053865212078,-0.05254113438218927,-0.11454662438729493,-0.20739268344063228,-0.3141288808303867,-0.4210971962497144,-0.5127804756259408,-0.5711579692070086,-0.5653338091328078,-0.47042712457043967,-0.29105462798638937,-0.05568489201019754,0.17234645885031455,0.30160142160657255,0.31518712521792835,0.26292127500367873,0.19324149506700694,0.13930153320784858,0.10920676628835138,0.09438691422697972,0.08902825556498963,0.08522606896844778,0.08205205362622187,0.07536606181475279,0.06073027924632594,0.02751782235264651,-0.026981410650810604,-0.09885893330567196,-0.18841892373444213,-0.28777631553027583,-0.3937287676752958,-0.4880171332651996,-0.5209697425646652,-0.48167376332012635,-0.4226164100035561,-0.36676329095821186,-0.3116086033692421,-0.258515166960663,-0.21086595635302355,-0.17034244422682465,-0.12750724857357967,-0.07332745952668138,-0.008168691323475965,0.05907840968150825,0.12101746307597007,0.17753117433005222,0.23446936252729597,0.2930461721379484,0.35225616016638384,0.4024639749735122,0.4377607220734708,0.44742704284022156,0.4366582798497532,0.4178707047995059,0.4091586999057759,0.4132844086167731,0.4284160281501398,0.44652460528596344,0.4604464680246523,0.46485568318447595,0.4592097242861805,0.4503293222958093,0.42836195866104954,0.39070525057903593,0.341013856833153,0.28959250845419804,0.23917262702805522,0.19986120023231535,0.18439881720299145,0.1932029342041146,0.2184330817386966,0.2595391095443688,0.30637114077267086,0.3580967371364789,0.40481334162514865,0.42695928277445183,0.4170187449615251,0.37294790846281073,0.30146061871616003,0.20976905607364363,0.1280498696679633,0.08063127542487157,0.06704965475697772,0.0581930706424563,0.03874805017718553,0.014260751768052127,-0.016911091770147137,-0.05945753999965324,-0.06685109167865566,-0.034958939852221,-0.02720845957512147,-0.048336447755619905,-0.08929625091468733,-0.1504162937160252,-0.23178851910548343,-0.30627221679488426,-0.3255662047571472,-0.2914004250791279,-0.2528132093098889,-0.22072856369389135,-0.19148034653979887,-0.16452025550580116,-0.15121069277667878,-0.1502624455345939,-0.1508618500319133,-0.15201731677517402,-0.15913112388828599,-0.17712895295596814,-0.20427882029497688,-0.2252461570410228,-0.2202184108009253,-0.18943228665530734,-0.1470967294012535,-0.11084560739864645,-0.08224794999043848,-0.0575904657792965,-0.03968102305004145,-0.03420022590897687,-0.03844701743820603,-0.04893295292406969,-0.056019598663306906,-0.05692401554052165,-0.05554627409252138,-0.05768905228493886,-0.06200477223340223,-0.06950730196385631,-0.08368431830273364,-0.1100309836476707,-0.16922105323342476,-0.2709490300631152,-0.26762313524518927,-0.24831178292405384,-0.2525603714166682,-0.26758813828831296,-0.2875056321265376,-0.3173815755340511,-0.35974226761202566,-0.4082555918569725,-0.4445292307081955,-0.45811838397436,-0.45224065359831706,-0.4381698748492521,-0.42738791278545957,-0.4255091723708288,-0.4257595398841491,-0.42176809120489067,-0.4067007781014644,-0.3786850235111213,-0.3341480039447452,-0.2818735002943171,-0.22957656948132737,-0.18204747234564359,-0.12579939268595716,-0.052088429852205076,0.04031120118733916,0.13509184636320634,0.22189987835272387,0.2748484033050564,0.3004013389061737,0.32520185576026,0.3636439535817663,0.42723856760870993,0.5059622736722994,0.5965801965787123,0.6790819472859196,0.7061924555868369,0.662978650273624,0.5903338348169511,0.5262505827238148,0.4814922744352645,0.46420891967215117,0.47115595692705065,0.4791738695494135,0.451624163957574,0.34702878418829575,0.20256878339527995,0.09321788545575928,0.050542198289512404,0.05380933866388595,0.07118969344537238,0.10125150963837387,0.1483927705547928,0.20971579756160297,0.2661989920334702,0.30151118538333627,0.3024052320966199,0.27436902297267074,0.23268051722375424,0.1921373241005612,0.1689643485514273,0.171379210310364,0.19590161312742801,0.22092811570528834,0.226246296074359,0.18945654817725333,0.10053989042114711,-0.041137051195114314,-0.2210832612035406,-0.38678283942875047,-0.5013620535664962,-0.5322400324424674,-0.4686040307564879,-0.3188071728621656,-0.1546550655622949,-0.028033923364442513,0.0634919781727077,0.1223590222620861,0.15486546976680976,0.17854839094870664,0.20132916341647059,0.2371412961891893,0.27814995798320635,0.33329498878328084,0.3900832879300928,0.4167306741027163,0.3983449123002605,0.3572817992659012,0.32247710256508966,0.3094370379757751,0.3183741316486156,0.3339267500728891,0.3393750454672094,0.33062085592577967,0.321018220846808,0.31659219567319846,0.31345686642901316,0.30202736602834407,0.2929921777979258,0.29287438036040514,0.30765109371224764,0.3413746113304343,0.3856552170932261,0.4293571054806619,0.46826650565129824,0.4929210649985652,0.4921812914476653,0.45552068933471374,0.372883684069199,0.2508818595435381,0.1060114625022248,-0.023409218749953088,-0.12549454913023503,-0.2002170588214447,-0.2602596001060482,-0.3087527092732754,-0.3388740160091685,-0.34453671137271913,-0.32586871457148675,-0.2897140960252981,-0.2554549772380227,-0.24431742290308422,-0.26469676956219834,-0.3083402922352671,-0.35341488180001884,-0.38066792802390953,-0.3818559704456896,-0.3564502883422097,-0.3099491304023555,-0.24912601441056811,-0.17996419077981562,-0.11799128720503536,-0.07284654401126799,-0.048092267875687565,-0.037856264244450696,-0.03236900930048126,-0.02388216067177116,-0.02122357173804002,-0.031531200123751144,-0.05502597430918401,-0.08171313846954781,-0.1021488719467354,-0.11745312513249649,-0.13723705568673167,-0.1776752409237489,-0.24407311435791693,-0.3248521262990547,-0.3914109528720327,-0.4476359751939655,-0.5058659068653187,-0.486437167635235,-0.25809076633538286,-0.08023812740206547,0.01904094372390245,0.10303734523789732,0.19867545722550994,0.307812284561247,0.4062245204865521,0.46405032447288636,0.46975210646193166,0.42464302572347623,0.3390753652605199,0.2274939261338988,0.12473978210398337,0.031298878561753375,-0.06610981657146411,-0.15895294196771168,-0.2325576306355735,-0.28792494252916667,-0.33100243563543325,-0.36865411864454234,-0.40770758680710634,-0.4494519563379989,-0.47411996203316087,-0.4518147367113934,-0.4004830697712791,-0.34704577752813115,-0.30064882499186835,-0.26421898709829,-0.23705437240791885,-0.20931709042424204,-0.18092639446654304,-0.14676934581434964,-0.10147195062323817,-0.053794800658660616,-0.005291915951765791,0.043900037349582914,0.08765498654505355,0.11333847168126075,0.1127765481544482,0.08398210186496738,0.03861597015207062,0.006705961494043248,0.02165364364477687,0.07694422783118654,0.14929292989784965,0.2147377409899664,0.26526626230071143,0.291321133941106,0.2905216859019633,0.2766007113725999,0.2842985757605014,0.3447815695243923,0.4556650220224045,0.5587317725638868,0.5718497179297147,0.5074312763875876,0.4279217554150396,0.3668718491941003,0.3300468339167173,0.31083003802912335,0.3084625802072751,0.31596461855273333,0.320549739808678,0.3171236429998533,0.3017553878570855,0.28374057008742526,0.2667725529621889,0.24817915353646997,0.21048835386466325,0.1435710989816122,0.06439412599132012,-0.008727633463133577,-0.07982159976736289,-0.1414193540179162,-0.16666378082844996,-0.1471926538025544,-0.10523991972988243,-0.057519991660334675,-0.013518052866201858,0.004545353017709441,-0.019855559203239958,-0.06625110412412824,-0.10467215357006796,-0.11834141529982709,-0.10835445250097897,-0.08060607780349362,-0.04443480437425872,0.001755429664969567,0.06936995885846295,0.14977615298974856,0.21182849550635313,0.25465916270753347,0.28649225579228627,0.3085647720899226,0.33450240157182165,0.3543313606159631,0.3587861504090609,0.3407798783494067,0.30017818559345455,0.25893954228096683,0.23853618835955856,0.23740505633603995,0.2525249576725377,0.27307556606314676,0.28199557323617924,0.26833612231748355,0.24696682986450466,0.23073539737570634,0.22004340874321757,0.21131352220724273,0.19402656036384575,0.1626347265326197,0.12309435432346465,0.08357933216476442,0.058568421229619964,0.04333198164197623,0.02614886275771334,0.0072015933048970365,-0.014802690143035651,-0.045056134173646914,-0.08489100472947125,-0.12149243891746164,-0.15086105707008904,-0.17692540905484117,-0.2093637784322387,-0.26717090499913865,-0.35398924880227506,-0.4479243374989749,-0.5154143713304439,-0.5440200548257441,-0.524022133000642,-0.456202521386631,-0.3788640888411275,-0.3072758129122143,-0.2337448526611908,-0.14451754801790648,-0.0446309917949293,0.01952286878490828,0.04781140599662014,0.0605359197117483,0.06327496348694285,0.056303945021686286,0.03696366236847119,-0.0007501374201938837,-0.056753958173294254,-0.10595859301197832,-0.1128981426227884,-0.0520109292871682,0.046027404738654874,0.12461222245324168,0.14386118569314513,0.11200292584522245,0.06408334063679805,0.022178886298794206,-0.012293658520798082,-0.04171334916114512,-0.08432955724173796,-0.14388856685870186,-0.21349453732487203,-0.2903634187168006,-0.37374896952405956,-0.45301603142285957,-0.5214636576809096,-0.5555074285304132,-0.5396014681072926,-0.4861243938347239,-0.4424889171819294,-0.43801132977407914,-0.48949943540784485,-0.5764703020029767,-0.6597937191814782,-0.7166984030992342,-0.746092901803976,-0.7483508614437919,-0.7224201055780287,-0.6785531202724776,-0.63687739957618,-0.6098245935236685,-0.5928224367363994,-0.5659980329855174,-0.4920412925819528,-0.3298497986175261,-0.11756898418349013,0.0614893549042877,0.1719464851798412,0.23025968747784023,0.25548456360586747,0.27183427228407264,0.2985969622033629,0.3270190199970701,0.34807594110842666,0.3539461757377009,0.34125637518906526,0.32354424325115294,0.3193702623756596,0.34135859553246317,0.3959681016822373,0.4809560175748565,0.5263988754614681,0.49969228612220223,0.4547866516425597,0.412845400349587,0.3635109082978988,0.28366975560220664,0.15952624158659426,-0.026774681342559777,-0.2786246875056249,-0.470110121673067,-0.45295260871823706,-0.33480450761994546,-0.2196339830524004,-0.13847015989459066,-0.07775278735529383,-0.020771050179157115,0.019846696976481986,0.038627285876724246,0.031749356127433695,0.013306872529853842,-0.008632441504458915,-0.03137264103592133,-0.053762557898163685,-0.06689334452994397,-0.06268842295087923,-0.039665822331937314,-0.007746939048242387,0.02734213094662796,0.0674060487694265,0.13302686479863252,0.24341283536704308,0.40459751303898017,0.552651546610392,0.6160586976276601,0.6108721184922424,0.5592136871828634,0.4686175650838935,0.3551672741855471,0.24584348493583294,0.16791441067099822,0.12139747768665839,0.09928616537174534,0.09838907452198437,0.11487552625964462,0.1417596307309148,0.17881218384164443,0.2211937590912505,0.25884017737501697,0.2745730376778638,0.28042781247511767,0.28977054668514407,0.29929152054908326,0.2994967887685216,0.29796165701914723,0.30912903910521466,0.3251859652218591,0.3338549573568511,0.3176585220538924,0.2762667480886652,0.2269984177235964,0.18289335393633213,0.15010581494258607,0.1272745092698879,0.1072799937993641,0.08531017970814775,0.06378777492856888,0.048764174205521274,0.04766752435492076,0.06783538448888986,0.10659766134828165,0.1448478162743667,0.1652636907727151,0.1512922832684251,0.10165069792230778,0.03997534401256425,-0.005975943327879233,-0.028389717085633894,-0.04578196918051547,-0.06659416075596222,-0.09273716170527901,-0.12348516996888259,-0.16565504868262074,-0.2315057357886419,-0.3335769841220588,-0.4409575712609162,-0.5038536124064531,-0.5223717252388759,-0.5253872505011028,-0.5121013954527139,-0.46138666137848994,-0.36291077925466797,-0.2600303728393013,-0.19824691143711737,-0.1934915972238613,-0.2438540262059675,-0.33596403915034745,-0.44381323560592234,-0.5391385390969607,-0.6136970208952147,-0.6704918873580865,-0.7027302205640381,-0.7024158779726196,-0.6735046816191008,-0.6360858167213169,-0.6018259534294851,-0.575536588253178,-0.5576791657425774,-0.5467493226666187,-0.5296716317696524,-0.47739119578813355,-0.3720246412796571,-0.24301400955593833,-0.1315009019038879,-0.06314949236333935,-0.01740051056145286,0.013712425245981565,0.05736656349675622,0.1052405423703119,0.15091288488189514,0.1920389368396236,0.23390525515572194,0.2702850550859593,0.29546183499558665,0.3065323992195056,0.3064200007328883,0.2979394746347689,0.29097128457684834,0.28996402896260737,0.2903774062147724,0.295669946422281,0.31804422346503997,0.35976045840748294,0.4163915177400611,0.4790275677104243,0.539430047228594,0.5906956558980891,0.6428078895347124,0.6979635755872984,0.7483455231063493,0.7816961253461747,0.7935923388398328,0.7734081695258347,0.7069884860838727,0.6042259685298469,0.5099968120648225,0.42250692284212565,0.27728952958456,0.07346861900968908,-0.11194996354860606,-0.24789648596993707,-0.3400214645246611,-0.412188268824588,-0.47870684081956394,-0.5369631830407344,-0.582220647725569,-0.6109017711126576,-0.6256880974511584,-0.6289951908933473,-0.6168883319523771,-0.5770883148586082,-0.5154290946097062,-0.4414565546103997,-0.37217861519599194,-0.307599095238159,-0.24207873358747498,-0.17259920150186728,-0.10514735366877981,-0.03469960493957579,0.044121988417050034,0.13834496668103446,0.23683782332097952,0.32419613841919054,0.40050257123627603,0.46252896001106997,0.4713745368831553,0.400554438785073,0.2605620657640238,0.09790090225089737,-0.019549640238447796,-0.06484157563794282,-0.06153633398295692,-0.0385525071683412,-0.027623318601121494,-0.032527914950633334,-0.04453876301975098,-0.059335105077666976,-0.06483074748466539,-0.0511545654152454,-0.013457615385379873,0.05444523573979599,0.13994915437570385,0.22135580391844448,0.2784139704516026,0.30853966521077214,0.3245273433760167,0.335627647852748,0.3334682937253885,0.3049907085728418,0.267737571182699,0.24187458243832088,0.22543124142017254,0.2142109290415604,0.2004273302978708,0.17753830597497203,0.144582891895639,0.10408436082732399,0.06353999085915955,0.01676561174078677,-0.047695892066722305,-0.13640106034016883,-0.23620673230986752,-0.3335230148006588,-0.410005060089927,-0.45885554870119005,-0.4763783264085143,-0.4524844163298536,-0.3735433735612237,-0.2218747965312554,-0.07450307371406659,0.016684717897626263,0.07652753236382313,0.11690128695880954,0.13090402288040814,0.12848212822366287,0.14165541005960294,0.18092306216821274,0.2383208008922942,0.297482011348655,0.34206000377923057,0.3520375102763014,0.32538733951309246,0.2694162863268553,0.1939918078190364,0.11099781938670444,0.040305639625460195,-0.0034116842662201864,-0.017279776140193628,-0.00309051556450816,0.03778473412111895,0.0794672204833793,0.08631661225933017,0.06389249487945481,0.03813760225927975,0.024108084276518397,0.023906357865332767,0.03348758276837625,0.07462168499882678,0.17374594508918056,0.32769742088930154,0.4346637091862096,0.4721977322872776,0.47882626765501685,0.4839488653786612,0.49379296526892935,0.5051519070217032,0.5093027582448205,0.5062391679224743,0.49788902350989916,0.4869763761592714,0.4767631488677606,0.46165828958178556,0.4226874346639421,0.33531024457469893,0.196137000480433,0.03356240798460244,-0.11680757924900582,-0.2444442677575629,-0.35855626938575963,-0.4602371587847739,-0.5525945081162603,-0.6250667436741169,-0.66821617240149,-0.6899805681841816,-0.6965250932807421,-0.692826811567777,-0.68800850290031,-0.685262075588827,-0.6318134974549935,-0.43373401655720534,-0.27471373285312645,-0.21071270123297256,-0.18296873154077964,-0.16520034682623497,-0.15424940204345963,-0.15041238176778543,-0.15610140255937888,-0.17162833240147848,-0.20197734169851392,-0.24895359639648992,-0.3101061358317884,-0.37561381284154904,-0.4346146401864573,-0.47924160566270335,-0.5070494639128977,-0.5195024538279809,-0.515124499448688,-0.48596483299694165,-0.42388380166635564,-0.33208668301258293,-0.22311735537547706,-0.12391264800475138,-0.05502424923457971,-0.01489820359854227,0.013259071107451878,0.048215840730782666,0.10595089946254951,0.1930862227098947,0.3121113438156108,0.4397678519467624,0.5139230929691173,0.5219290333357276,0.5001162984407568,0.4780265949956119,0.46713533930514606,0.4644001447272809,0.4677823437603448,0.4761010305330299,0.4909801632707031,0.5116977595068295,0.5319010329545137,0.5535470645373924,0.572768382452962,0.5819694113668108,0.5725908807273402,0.5386917273365494,0.47220942951433115,0.36669449059115883,0.23936192535062895,0.1294865408622419,0.0631198767873933,0.047642156140230534,0.07807189595892496,0.14114334481201926,0.20625555763360373,0.2250200741958638,0.18423655342010178,0.10532854660838253,0.01927222196588923,-0.04594976163966241,-0.08505932499586275,-0.0975606481347632,-0.07976797550609993,-0.03047328545856584,0.04982852406926432,0.14531314733534048,0.23318250783472275,0.2967327386951557,0.3328967946424588,0.3503452641853013,0.3495027054204251,0.32689068930841225,0.2795063336875256,0.21214309710529936,0.14098173446888945,0.08492955356063957,0.05333711257834918,0.038356809646605865,0.026311918293699613,-0.0038822778055012538,-0.06481950283567245,-0.16102594275612242,-0.2861643199050429,-0.4321806548328987,-0.5991256828093596,-0.7733547006262823,-0.891863180804211,-0.90520905571864,-0.8265799133102637,-0.6270268092245898,-0.3462365951292122,-0.11545511505423016,0.035091273604473186,0.11386973625162372,0.1437345445470855,0.14129683494669912,0.13134629480234475,0.13186981843342746,0.1399030100464626,0.14387314047762395,0.13267322012143162,0.12064195016935017,0.11503447056025862,0.1236039514283678,0.12988611410057113,0.12297484946684656,0.10758218718604741,0.09070884479994032,0.07561633866063347,0.07485432339199014,0.09276898903393675,0.11933532044583908,0.14855021181032424,0.17511473829869156,0.2026158061255298,0.2166409860760089,0.19370089292339646,0.13361428590230487,0.05165505445385197,-0.026747571379737715,-0.09715133627794612,-0.15520322686768515,-0.20197996313259448,-0.2389588758042286,-0.26506782120775935,-0.27607028709645276,-0.2635986638671761,-0.22914508080206686,-0.18335511101080754,-0.14652085756921332,-0.13080878931757953,-0.12711994010458902,-0.12463258154027165,-0.12374410365267775,-0.1402847231714076,-0.17987965542499748,-0.22718797905637808,-0.27119287452060914,-0.309380493860928,-0.33430497819032967,-0.3315884356382,-0.30445838969739797,-0.28946801978401315,-0.30414089590106513,-0.33983960970024285,-0.3834433228804212,-0.4249606944934762,-0.46851446982873507,-0.5119654122295386,-0.5282296678400249,-0.4808728535627553,-0.37621540774741424,-0.24251957397373267,-0.11182824890547521,-0.0023228291578267,0.08467617486323256,0.1484187493088762,0.19827963215169528,0.24047390834761012,0.2728669571807619,0.29707722436363543,0.31979289467323746,0.34105127630079696,0.3480195253477013,0.34078656351814096,0.3246788612285422,0.29764174390135606,0.25698074481403294,0.19964448835911142,0.11778300387027582,0.01895103966269995,-0.08992367671220107,-0.18894706687589183,-0.2654676625264612,-0.3184017445816641,-0.35376951288953135,-0.3922406995494675,-0.44560007317960776,-0.4920810692803244,-0.5150086662428622,-0.5220936786223609,-0.5240063792302007,-0.5145615633857832,-0.48601463673765016,-0.4283320734348343,-0.32759756289126246,-0.1720406402107356,0.010263361057441715,0.15697941368714166,0.25794344315690876,0.32573355923618746,0.3733848343245285,0.41033686578274203,0.44018231208995956,0.46851137688621103,0.4927797845258053,0.516212858156486,0.5356486291473994,0.5496322546680856,0.5514038580555402,0.5318069990739118,0.4870398555268162,0.4217782446956675,0.34692900750518896,0.27983479147650264,0.2409252596965239,0.22822395686108973,0.21433325839705467,0.1428992819612674,0.020451945288012287,-0.11053689920358396,-0.22194539685765716,-0.3121244882241077,-0.38932963485742156,-0.46236342642215406,-0.5353900197329404,-0.6073993500780938,-0.6652992385199608,-0.6811795969330846,-0.6211755638696894,-0.4917592111917437,-0.3572570982739422,-0.26015971412628236,-0.2015065624524552,-0.16737588176660292,-0.13767976963129253,-0.09806090699775005,-0.029715376951849448,0.07375663713028845,0.18272288210270343,0.25018086769790415,0.28613197892546016,0.30544167059692406,0.32303635951158544,0.34103682625954534,0.342365163948111,0.31896256347727586,0.2885454772183329,0.27830783118184316,0.3132536106822467,0.38471755997865514,0.4506970336759293,0.47247132546490656,0.4677145967327317,0.4237860674725097,0.3557251827304223,0.30356992682132755,0.2753228149439278,0.2686196984299063,0.27359059479471903,0.275257644578839,0.2616856784507401,0.23693036972088094,0.21057730579521444,0.1896550845696709,0.18237192453697226,0.19101795922719522,0.2152567625195291,0.2431362619075721,0.26933240098636235,0.2838110641764306,0.26589765039296664,0.17346965650232068,0.05779938151760418,-0.007079225498243801,-0.03542109222305913,-0.046530586789938044,-0.04608221933451422,-0.025877522568497003,0.03521707864947854,0.13678408901696126,0.2592801526696087,0.37520335792931947,0.4483815907064245,0.47204011161170234,0.4511139207766916,0.39880332981467503,0.33408797382220323,0.28353976364633554,0.2503022490595627,0.22401650926721847,0.1956916556805564,0.1640562921535941,0.1295587442203703,0.10130818870107285,0.0838120119675098,0.06621800638881148,0.04352473219270383,0.01921214867664094,0.003164785833035686,-0.0043986517446588025,0.004551797497366097,0.007958179192771583,-0.01754145316525939,-0.06702123771926413,-0.12128509476704964,-0.1753583739570628,-0.24155256737924863,-0.33986611733841476,-0.42716936866944055,-0.42863443177785876,-0.3595564599000972,-0.282390892719305,-0.23023461103391202,-0.20932151144804578,-0.20780273004123517,-0.2190189645297099,-0.23667750122007636,-0.2579073793677236,-0.27389393592809635,-0.2812680124587972,-0.27379212272183256,-0.25080375155149237,-0.20652285730547687,-0.1479801356698144,-0.0894107590104011,-0.0411138246537041,-0.015914949894295455,-0.01908572584316811,-0.04290289076870893,-0.05842343556065288,-0.059810081353004904,-0.06139729631337002,-0.08167553171104136,-0.1442849069376287,-0.23826905423730355,-0.298797092954374,-0.301198031160194,-0.2724513664584648,-0.2351846246783755,-0.20139844403126614,-0.19019964560978772,-0.21887375454124258,-0.2717799554256178,-0.3138998430815537,-0.35190376187480016,-0.389495762726559,-0.42463244421710095,-0.44775314445913017,-0.45216482719522505,-0.44389845421128193,-0.42652865146918245,-0.39991764697643206,-0.36254125209711147,-0.3113971201081557,-0.24910166984915852,-0.1752128262061694,-0.09545447347786427,-0.023372655396140172,0.03641862452740419,0.07820735591613592,0.1082837666272081,0.13669238073901746,0.16671670001452973,0.19904113218037783,0.2237385427348984,0.24351644991581348,0.2588531643235321,0.2803189103319523,0.3119405887473334,0.33934021366289085,0.34614950199139094,0.33517133588783327,0.3224198627473774,0.32529529744389624,0.36047723043822233,0.4252376168329591,0.5007056776480111,0.5383863149587144,0.5065437812721056,0.4151912247101212,0.2940063623067431,0.16234823341578167,0.0227787666937976,-0.123342184810628,-0.2810351093815019,-0.4353671800759565,-0.5685999353882605,-0.6734511068275446,-0.7514163335461866,-0.798969510543945,-0.8215953449943342,-0.8234982919368238,-0.8098149504191552,-0.7797842457290612,-0.7404622759205827,-0.6944034021212196,-0.6376811093994779,-0.5711571143261986,-0.49822969538092915,-0.4147792247607877,-0.30434492729570306,-0.17383585224680195,-0.042311642789024606,0.06330497580751238,0.1320176917507041,0.15312103301984484,0.1289837428600365,0.08972600593341529,0.07613170858499956,0.11276508456045278,0.19248832156269005,0.2894267554509774,0.37138698051464925,0.4070070962991843,0.3980052553711993,0.3751642635494858,0.365609451508902,0.3765127493642491,0.40768313515385624,0.45368160943719077,0.5025039255811348,0.5449297350170583,0.5712178481982284,0.5784370791741472,0.5717882629580125,0.5630529879515291,0.5653144456075774,0.5758640026317098,0.5917024369622287,0.6113782011194535,0.6289402273203433,0.6370590159563984,0.6367515236679461,0.626674548614123,0.6033566566151022,0.5633172176752304,0.5147742668353502,0.4779872263321439,0.4566179151425118,0.4413884379093263,0.42260808052318966,0.38804038238182975,0.3221858886125138,0.23548207065920906,0.14084797751658026,0.04890580533370164,-0.024135876068099603,-0.07944849497937462,-0.12547799786644068,-0.17442629982249377,-0.23836734698333265,-0.312595508720636,-0.36908103514158386,-0.3916540172661411,-0.4000027774123443,-0.4207912797580518,-0.4674699703596855,-0.5277485899164255,-0.590508634449501,-0.6521488114544306,-0.698681963642647,-0.7194052833833335,-0.7104286363324378,-0.7018614863822532,-0.7027295123690434,-0.7013396335538005,-0.685803334004725,-0.6452836689047897,-0.5819568464817546,-0.50507632847801,-0.41220519254530835,-0.29868824487174117,-0.1617012584031489,-0.02707874202415394,0.05160438583513138,0.08927854557625767,0.1073045460638202,0.11262439969846393,0.10573812150998446,0.10017794422253143,0.09522115298167007,0.08951577847950594,0.08924839530381508,0.10421396196297786,0.1326875286956822,0.1540230346520012,0.1515884679956294,0.13299410207288903,0.11777457511080783,0.11158008327083116,0.11080675943752274,0.08873879543936722,0.03395117955360248,-0.013336498191814664,-0.022627834575629134,-0.005711926600419448,0.019051150508526335,0.03582903756871054,0.046692145073093966,0.05309227303887191,0.04923792721500907,0.04639537138663128,0.04525095406012777,0.05493637173653811,0.10464025527067489,0.22941610334303367,0.3791384244138673,0.4529479057216603,0.459677151918747,0.4391948125860325,0.408045078707414,0.3721023175688873,0.33481291776128197,0.30125800621504606,0.2692633377983715,0.23154704590988126,0.18010466350127624,0.11714383692190687,0.048473764693743336,-0.02245725552463373,-0.08714818084494486,-0.13562480997157805,-0.17115790202052242,-0.20539428995529244,-0.252347714703761,-0.30788696786452957,-0.35007790589558196,-0.370371170853127,-0.36281464472074726,-0.33421790707041105,-0.2970451941803391,-0.2649977806645775,-0.24977113766119916,-0.25669612232389893,-0.2806990283435289,-0.3123258946157687,-0.34979582209718607,-0.39767993608282304,-0.4649792148418825,-0.5310827016374411,-0.5146168668489468,-0.3973387544345998,-0.2772905067590593,-0.19056566189241483,-0.13517332716460012,-0.09449801675692203,-0.04492174185480869,0.04710865682424588,0.16313841583796815,0.22818558156770705,0.2506382494593096,0.26055767096552496,0.27280542649051165,0.2861576760030595,0.29013344353063464,0.2725831284152421,0.23529607481125978,0.19600009559856726,0.1642848497542926,0.146220804452642,0.1439934974170839,0.151632248337773,0.1567830216806613,0.14882889745361,0.12825206924960997,0.09243139536134276,0.04001592653707295,-0.05233568705163575,-0.19575619037154854,-0.36788499756653686,-0.5165885784462629,-0.625464158897585,-0.7053177941188632,-0.7605491524477377,-0.7805850346693793,-0.7358190195235782,-0.5947294351606661,-0.4021292460661632,-0.2621576321531429,-0.2090196382777342,-0.20911606719800555,-0.2165318236373365,-0.17827210574790056,-0.0227756615580576,0.25665236432021904,0.3851842045472673,0.40324182792455066,0.4129268936789273,0.4393008848795582,0.47594002297675936,0.5128567542264035,0.5467904814432567,0.5843154651251947,0.6203293612302402,0.6506496714429928,0.6738598987031569,0.6888939993804973,0.6883298752672742,0.6664334598984997,0.6312978696035129,0.5940551562189681,0.5532672262527791,0.48914922703355507,0.3908849126824143,0.2647953748118741,0.12911244675693256,0.015011715962002382,-0.05975267287684285,-0.08446570977513297,-0.06042803627921104,0.0018166462689014218,0.092228407849885,0.1757531964266574,0.21533081331966253,0.18806385688855995,0.08304683640924704,-0.08335729819174148,-0.2656472124719578,-0.41579372530883074,-0.5152083447463287,-0.5585939236105192,-0.5619059112714055,-0.5427898050931005,-0.5263343321081799,-0.530545827495914,-0.5535848331182149,-0.582895124399663,-0.6061154968793746,-0.6196312432659392,-0.6261363466540061,-0.628339907716442,-0.6274422382722717,-0.6190704839415542,-0.596767445513834,-0.5457462231873426,-0.44334397030865835,-0.26999465935645783,-0.061882326555958815,0.09538897940552474,0.17874957809792708,0.22967655323994776,0.26254768930442407,0.283309625821789,0.3032903281743063,0.32195863217959453,0.33673363031470555,0.3533985537250666,0.369246912257735,0.39383873238194106,0.430215512245586,0.47851224816438004,0.5268653350822771,0.5551799453816669,0.5584091812973906,0.5495319119196608,0.5363797051031662,0.5255713420118993,0.5148321556008308,0.5049760701360819,0.5037215590258426,0.5138853488878696,0.5273635592064807,0.5314245896274924,0.5208045476487639,0.5025478728909675,0.49314838574255476,0.49186058583802883,0.48901928999916605,0.4812658636169566,0.4597426866407954,0.42573066905499596,0.3938865043396118,0.37825897096536676,0.3833241215727299,0.39501512653099274,0.3962012923614964,0.3793469357509448,0.3533239078076037,0.3235913990891107,0.2935572481892019,0.26949637393277454,0.24870114377983799,0.2311919602623942,0.2238184863486429,0.2235223197568543,0.22807716415114299,0.22916505671989112,0.22129391859220832,0.21514379601051956,0.2239012298865943,0.23770321992326734,0.21773981375082638,0.12265738608145584,-0.050943351012662154,-0.22200255372399044,-0.3519773250323053,-0.4422873321562396,-0.5157075647957603,-0.560766497716175,-0.5684147715937314,-0.5323921330283734,-0.46916940936964985,-0.4186502932659398,-0.41134026968558396,-0.4272805225665739,-0.4387440698362082,-0.44611126680580104,-0.46672519581744465,-0.5053517808446231,-0.5542723087261379,-0.6015944221648402,-0.6433064103456242,-0.6782482837364628,-0.7035503732741629,-0.716818066616342,-0.709830103157804,-0.6786307434626165,-0.6203842520913094,-0.5424468101089376,-0.45891838673072494,-0.3767600711448242,-0.29006014662609797,-0.2180820365484899,-0.17389359933754953,-0.1562544338408672,-0.15211204020822666,-0.13781286162323692,-0.09111994301317376,-0.023355612619527066,0.032020363427550366,0.0556888494125812,0.04629946154839451,0.012985735102357673,-0.027311597438123447,-0.05618044193345104,-0.053081195541969294,-0.016985459706335776,0.026828085583845748,0.0492030168531541,0.07378034989418958,0.1293389584172933,0.2213528848069095,0.2601642198294583,0.23589815638354575,0.22076649723262198,0.2176672952655365,0.22276380099255733,0.22553451268007657,0.2272082227775574,0.2245691888091636,0.2255302297025911,0.22342186575416295,0.22099255203989132,0.2177114366270431,0.20900513317892722,0.19030189742972917,0.169559806247073,0.15192478504962698,0.15141840031478324,0.17425795526497478,0.21316824398451908,0.2432755751293422,0.24913897882299635,0.23034961359593234,0.2033322010808998,0.18178886175916578,0.16952722963452005,0.15167401163429708,0.1301493306257831,0.12372071577970944,0.12330989100348747,0.10990555962075207,0.07140248872718896,0.022393028960607568,-0.024523005430315815,-0.03474034227093181,-0.014146139720789166,0.014171847219005702,0.02603355385083551,0.023439639298120943,0.022033039403260214,0.04500404063722682,0.09788432562608759,0.1431137176165544,0.1487373612157268,0.12033416758297037,0.07087825640528837,0.010969108643018994,-0.04255447650859518,-0.07211173449741307,-0.08172139614768681,-0.07108161952828075,-0.05815986910014289,-0.06175697269468381,-0.0826321324017581,-0.10093524809437103,-0.10386885760978894,-0.09342419453209419,-0.07208978322637712,-0.043206188348873756,-0.014716559042971108,0.00733382896074065,0.01242205883057299,-0.004931260817330278,-0.044638317056004004,-0.09463144475711399,-0.1354968812815398,-0.1528181528188524,-0.14734985425227068,-0.10779185700468555,-0.02803899165103275,0.06978257436096406,0.14068393618438235,0.16046262164026373,0.14045712666921012,0.09130278754769841,0.018028020859726584,-0.07738448652380425,-0.19072084320701144,-0.3140011934218589,-0.43555962456697517,-0.5269227720846725,-0.559189638544197,-0.5325138707737864,-0.4739022221580278,-0.4119718677950469,-0.35590414191457354,-0.30238657960957954,-0.22522542059142162,-0.08856422603111881,0.021946342085621472,0.07293584836240817,0.10487250232848097,0.12481144988892275,0.14498748411217452,0.162267284802379,0.1767821876865637,0.191521891874171,0.20247529249250293,0.20219399781563066,0.19380357368518747,0.17706234009729704,0.15949324733899123,0.1495676411939123,0.14460681609855244,0.13963829957108492,0.13229406649161352,0.12064339950032461,0.1061855585129058,0.08222144592914928,0.04157028179347638,-0.006734234140259121,-0.05542989594951707,-0.1046066470575848,-0.15519378033697637,-0.2049005135311284,-0.26142892458183514,-0.3414027395060862,-0.43422362785350527,-0.4360280453254743,-0.3466989242345241,-0.27003177635821196,-0.21860582973589307,-0.18153138017638523,-0.15660179070931204,-0.1397895588418856,-0.12569691738583325,-0.11361543148452487,-0.10610999909661181,-0.11316165062503249,-0.14561506635174992,-0.20450811302050612,-0.2795028010864608,-0.35594212813658277,-0.414537838378971,-0.4233527391318369,-0.34553256544274485,-0.18144975070610345,0.00033893393179140947,0.15094187977872683,0.25296375533156984,0.304160750753785,0.32680150652940454,0.3403280545318022,0.36262930543747307,0.39204652641801435,0.41854208898855805,0.43538735886659036,0.4388847766763289,0.413611770564335,0.3699351024754462,0.3420257641675284,0.3477801092542054,0.38612233278425323,0.4329652618521252,0.4743836319888134,0.506581289678604,0.5277209016679414,0.5315258723373556,0.5132457950087715,0.4651276036249122,0.37807927911998557,0.24337237715296803,0.0932689815745511,-0.009748517707494936,-0.02997376921827896,0.005030903341291384,0.07255736058755147,0.15908066640378907,0.2605019261262561,0.3572324870634076,0.4310848044432213,0.4755729896550119,0.4884420320282523,0.4647616123254297,0.41151962132552444,0.34728361669329627,0.29756645207421906,0.2632099883285493,0.2320564351063321,0.2013027540902953,0.17556975170773984,0.15538903705266185,0.14114178275917597,0.13309883827853375,0.1178004399022088,0.080186158151692,0.013521119814222184,-0.06137771765405586,-0.12659151710243355,-0.16984752988406046,-0.202037012790452,-0.23849117594863092,-0.2959009390808164,-0.3845292579574733,-0.49285120578730407,-0.5678829583025021,-0.5941042435455938,-0.6000889090138692,-0.5986253042406202,-0.5914097314896546,-0.5736392688457452,-0.5185184991357813,-0.4121138258159469,-0.2827182032802412,-0.15303963836278062,-0.02537755610565911,0.08815743281152391,0.16369016529804117,0.18195798619723205,0.15028724549985362,0.09771640165520144,0.045059158466984287,0.011298482032479356,-0.002826266379834626,-0.012129133531808283,-0.028722122296371826,-0.06152725188876023,-0.10928522014813262,-0.17322069819530528,-0.24533742647528642,-0.3185929392736569,-0.3775821943042382,-0.4194567727562873,-0.4574161557538581,-0.4985725129128843,-0.5356571894715498,-0.5633509436694822,-0.5822375001639194,-0.5892226392065871,-0.5841844300272975,-0.5594491192087896,-0.5135617488635829,-0.443155319927412,-0.34502746556932373,-0.23267041414577735,-0.12924711821709478,-0.02025446945782138,0.08743826537363447,0.17741419220662233,0.22321966540581173,0.2318138468057029,0.2304843473016175,0.24333608738945559,0.2802446356460205,0.33751176683895046,0.3912364262815991,0.4236393755221564,0.42630541891797713,0.3956782577704052,0.3409310144170845,0.28007049850761245,0.22943928607314412,0.19947043719580432,0.18360606684922784,0.17761480403696567,0.18522819976947286,0.20683590711826783,0.22493920420702157,0.21998911714631303,0.1878976008317032,0.15230394044205375,0.14269798016456575,0.1610078903928699,0.19527597205403133,0.23938776358899047,0.29670585480787875,0.358813105374946,0.41047775900723227,0.4525426839726892,0.48779144661975593,0.520551527943202,0.5426919470147679,0.5523380647230517,0.5445025309162371,0.5001945697856941,0.3978471458655064,0.23118216938570488,0.03767230289064769,-0.14106779209862866,-0.2819935282085705,-0.3950870966681995,-0.49141689272224875,-0.5800082624906493,-0.6656541799813884,-0.7325677327713621,-0.781779948126193,-0.8142191012547972,-0.8330551887809882,-0.833179648629162,-0.8070509308474647,-0.7413032015984901,-0.6281126646067269,-0.46963565582289,-0.29429872503709725,-0.14042877278203167,-0.025939498062112983,0.0427358326759275,0.07098423488129049,0.06773176399813467,0.04580916712756632,0.009225899970307257,-0.030033906998371235,-0.06400051056315977,-0.06821292346131144,-0.037115969239347,0.02964451747570537,0.10905084046326435,0.16972874650687633,0.18163408340107803,0.1588345160000293,0.1281216950008257,0.11681971329382715,0.1521786765530994,0.23262747551937332,0.32488968516132005,0.4028490446162364,0.4555580846127503,0.47171140063064476,0.463282825869481,0.44401478950543616,0.43440347250106576,0.42975047988509785,0.4241442080244127,0.4158174736545625,0.4195512263896304,0.436791214188488,0.4465023475833882,0.41920175371690493,0.3507228057444097,0.27095516706716455,0.2231764616598828,0.20501322847495737,0.19419370428425084,0.18077165254016594,0.16602544884981685,0.1627842400464665,0.17295139266023868,0.19198316497542017,0.22161164994861282,0.2686599871937901,0.34455007981420566,0.44667041267374014,0.5499203235832656,0.6190910359332362,0.6435179448425729,0.6194630880095369,0.549581448998092,0.456738236491684,0.376130012074921,0.3190437595710009,0.2830226243258647,0.26000872824451626,0.2543253070964522,0.27577922538238986,0.32820716045239945,0.39080187806456623,0.4236052707272559,0.3426697359549611,-0.05893908269672973,-0.5722465985852576,-0.7253693553383344,-0.7323298975408182,-0.6991604513610575,-0.6566860828558694,-0.627050696947321,-0.6163032285138873,-0.6214029351059764,-0.6266174552791803,-0.6248288780552577,-0.6200170813486419,-0.6173072967784135,-0.6214392203686261,-0.6317934843519478,-0.6438839192154122,-0.6547213115253265,-0.6643249765856131,-0.6725191760619469,-0.6732437577860857,-0.6555123034163741,-0.6146224011042454,-0.553841632156952,-0.4800557304169538,-0.3932060193613483,-0.2837127582360799,-0.12109105503949238,0.1546922744763872,0.4729547892940628,0.6437120691117387,0.7004618548842692,0.7132004594194927,0.7059363789718034,0.6718846444353797,0.5874527495341841,0.4487204848414572,0.31133991525539695,0.22234107364079944,0.18115015999668352,0.17262051550050858,0.17363798927156118,0.166176087564535,0.14709139066617996,0.11996249159912035,0.09455821855561604,0.07712447066844359,0.06834660974023739,0.06027881734774679,0.04686389681592225,0.02804814311177531,0.0015161372251924566,-0.03329126836518061,-0.07980742781391102,-0.12405061920197455,-0.14087976033027755,-0.11884328873463222,-0.07364357558681896,-0.02795804837097657,0.009547915741053506,0.04433836329779928,0.07858858348346573,0.11568949199321428,0.1528054904281472,0.18966229704636423,0.2262594610160528,0.26020986300495247,0.2925498685846052,0.3322285691600813,0.37732289730215934,0.41562616941250424,0.4467304849640817,0.4787981693550095,0.5148828398676186,0.5452430250929872,0.5542894243891872,0.5466466313778464,0.5400897146024114,0.5396756906754652,0.5414657885548432,0.5275442767040213,0.5088634259801095,0.49362497768689895,0.47439967295980445,0.4292463625736717,0.3537938269931791,0.258893840398289,0.16450309683057904,0.09368579389269602,0.06752954811165618,0.07805021315628242,0.10048244848776582,0.1043828333688509,0.07098615097984844,-0.01029334967668938,-0.10964879793991314,-0.187394944244115,-0.22744167968773507,-0.23591207106794654,-0.21805653514948947,-0.18524563647975684,-0.1616056975974294,-0.15469660493827558,-0.15729091403281786,-0.1581940498153585,-0.15747020043641785,-0.15299855085398192,-0.1479219699171632,-0.1501463601121897,-0.16035410267209357,-0.1793279142159386,-0.1858174258692151,-0.16312384660320556,-0.10426608008583252,0.0011045085643785022,0.16289404252740727,0.3636372169785083,0.5171681303675969,0.581525951670185,0.5773878832536931,0.5518072972593934,0.528119498636115,0.49286334116075264,0.3902505280303764,0.23387871500322885,0.10702674635223745,0.02803214639615669,-0.013480821540325963,-0.036208455212812816,-0.06127350491370882,-0.09271790619304957,-0.1298461885034163,-0.17660803732696698,-0.24227335200413544,-0.3208311695483679,-0.3950061159864399,-0.4518176690614614,-0.48416042028280565,-0.48683700971033145,-0.45930633832979934,-0.40353414269808424,-0.3366013313949207,-0.2743723041491037,-0.22620232192329964,-0.19760730488300882,-0.18859728348124213,-0.20055815613982292,-0.2332673778997089,-0.279584677604113,-0.32846431867413334,-0.3469544168952594,-0.30468521388829994,-0.2383842796431814,-0.19535462924762478,-0.20406784182593818,-0.2707562638304527,-0.37196446504401826,-0.4756005319837427,-0.555345275614685,-0.5902600383685542,-0.5641560510976172,-0.4920140451409,-0.40407998039975607,-0.3041694584292096,-0.14313897272107762,0.09190174812841907,0.26852310743881874,0.3614887423670004,0.41315525660409164,0.4391939029542498,0.426441708910844,0.3866240796343921,0.3491693458299862,0.3356699393493255,0.35112424009927196,0.382288990566816,0.4081765860681726,0.4059212237808759,0.37016568576499215,0.3118761142507528,0.24708645977670643,0.18553792338947422,0.1335116003481418,0.07701774003762482,-0.010856049729212643,-0.1537602783344791,-0.31131080076758466,-0.42061840904825726,-0.4427834332276674,-0.3761388067658474,-0.252959791513078,-0.11652232508126886,-0.002725107214040151,0.07825712637649346,0.13424172394321576,0.17441314113594275,0.19781513934199568,0.21207548319027167,0.22969331476471117,0.24673789425463782,0.25905719620791734,0.2640726472016154,0.2593215237231823,0.2468578595680675,0.23941276907857104,0.25034394250239317,0.2868776210026292,0.34599680634248103,0.42080916278269226,0.46845083622876454,0.4186061144594292,0.3192925360806163,0.2286397898051514,0.1610038051627355,0.11179485849752939,0.07837276755150907,0.06104082728087528,0.06701731444552046,0.09054296242017376,0.11625620161401852,0.14761519607231774,0.18380374996378945,0.22411275960707472,0.26544025333729543,0.2998050736883492,0.31385988352543853,0.30656641026896947,0.2815147884332948,0.24347034870325138,0.1971890865378964,0.1450374798895466,0.08554581855297534,-0.00024796654334555937,-0.11361766758870388,-0.21401421452367259,-0.2627278763287224,-0.26569069990742017,-0.25035117544494695,-0.246277922215295,-0.2669687618638497,-0.3212966230719908,-0.4163262583856522,-0.5153600250509274,-0.5525946320651879,-0.4367494545526209,-0.20905508147798676,-0.04384991829338316,0.02494732988913448,0.05403843858855226,0.06995720342488068,0.08710605509677176,0.10909945834566288,0.13213468916457186,0.14539145128614958,0.15038925872550343,0.13570235157995666,0.1060999868637259,0.06856063249465723,0.03757984540148711,0.017150258057207147,0.0025258770575930884,-0.01391319498854668,-0.03645428106553519,-0.0669217139050922,-0.12022044887688094,-0.2083795565086484,-0.33361794835774966,-0.4813330472453292,-0.6137617501063634,-0.6924845251107571,-0.6952647711470106,-0.6206958585766852,-0.5230021306577922,-0.43538731640353706,-0.36581991921074347,-0.3195942922137562,-0.29422991688227124,-0.28678845208533116,-0.27834303389127624,-0.24751941210694342,-0.17922083230637018,-0.08616420546421619,-0.015427555392507463,0.008817620532664591,-0.0027301213985782987,-0.01965375067907001,-0.027617609771621778,-0.028922311318958692,-0.027632719652762653,-0.033686593829320335,-0.04758504843036005,-0.06655198573866386,-0.0872103283919118,-0.11071733071210385,-0.1245899115890288,-0.10684527435002455,-0.05746484070021364,-0.004174736107605097,0.02288800448430513,0.023650209184302787,0.004639912662741831,-0.023008014886354594,-0.033892200335040416,-0.010278319901522883,0.047873035059035035,0.11781154129348095,0.17835350251920923,0.2247483708996075,0.2551218970838435,0.25961446243304237,0.23651724226550228,0.1949120415555486,0.15413491666630025,0.13436607630715808,0.14420012859929163,0.18331797372222278,0.2176108457925689,0.22573792013033422,0.2048583670394579,0.16001841923498936,0.08456044094469325,-0.030640511296222594,-0.16683610075483715,-0.29692413353716635,-0.38986161916569184,-0.44263751855268213,-0.47180447858532004,-0.48856946745490176,-0.5027241382953326,-0.520249169227111,-0.5361936529735013,-0.5215702205622665,-0.454135262199359,-0.364115551402273,-0.30111890765611715,-0.26881576973538324,-0.24654713668800843,-0.22832481838341934,-0.21311854459677537,-0.19848382433000908,-0.1815261781469936,-0.16542345497023173,-0.14867695689059085,-0.12290065801610642,-0.07910020762517717,-0.017089600673707454,0.06510211656458921,0.14519753375301364,0.19321839013456707,0.20978463088160368,0.2084604216464388,0.19545717175853625,0.1692525408329459,0.12214027499576846,0.07196114301310236,0.05496023049153907,0.06561576138591992,0.10246620122133829,0.16123853293967816,0.22384903558622435,0.26275073205815047,0.2826198811296865,0.2973107649725878,0.30872617935612046,0.3302130680273717,0.36465473637610657,0.40201604239741473,0.43017254417565115,0.44485740020286535,0.44566187355155834,0.43520616818622326,0.41426134585847335,0.39161276301902703,0.3655085952725045,0.34585518451702385,0.3338976660248808,0.3227302981934148,0.3169771520306685,0.32097084539906623,0.33264318757276823,0.3476001019332532,0.3552278424091275,0.3465221874147457,0.3183408099890475,0.2788800521277484,0.2440541875824808,0.22161850926709034,0.21620433787586205,0.2196110820636785,0.2208806249057456,0.2123712440466414,0.19500017469828765,0.16773141424843718,0.13566707924746532,0.10244707097420444,0.07095030931077378,0.04328548175143254,0.023431571110989396,0.015061488332407544,0.013485488518555197,0.02020339429218673,0.02461375891707217,0.01715508646668426,-0.002980492220771674,-0.03339891699062254,-0.03862064556695996,0.003341803197908388,0.0839117065008323,0.17230412659761343,0.22831279785417596,0.23128522870110566,0.22340146161420615,0.2228850431797682,0.2156564290794539,0.16914657488176607,0.06788030560185845,-0.05007769374810279,-0.15539333149571455,-0.24296291241913687,-0.3190398635167557,-0.38492710469532265,-0.43943136872773214,-0.47851540498388,-0.5029159279656671,-0.5074798237317518,-0.49461293841903414,-0.46898743757060424,-0.43800048361550414,-0.4127068324485681,-0.400469651254634,-0.4013103204968093,-0.4151114171852898,-0.4282402686538567,-0.42502984101892527,-0.3924223517738386,-0.34282473283721177,-0.30612890976686075,-0.3048995759685244,-0.35270105288489306,-0.4689040008510613,-0.6649082945276626,-0.7436635929945807,-0.5927956783323957,-0.38527879600105325,-0.17829453316156982,-0.012704823110983686,0.10637663736166574,0.19927986556850552,0.27127151990750037,0.32036974553375824,0.344642991741904,0.3513482715468007,0.3431131063770146,0.3234968529422211,0.3035207496790623,0.2894437015389717,0.2722027006992605,0.2369868431085357,0.17055496730172584,0.08333151415832817,0.00016803760416625582,-0.04493946833810675,-0.0382740317449288,0.0016450611707119942,0.05319023944802609,0.10880289819321973,0.16313401190874402,0.2144953828188932,0.2605833412145302,0.28936375250927004,0.29173086624276706,0.2840515709579561,0.2735962487706188,0.2572470767485092,0.23383482889453144,0.22001481659963615,0.2335521328136347,0.27614592476841854,0.3088252424142897,0.3128453870722424,0.2913763697686429,0.24702620670915953,0.18701284553129482,0.12138825465521877,0.05960831645465472,0.009145696926710677,-0.035072019751609076,-0.07674600734567853,-0.12175523506948219,-0.16242753010106123,-0.17893546573242747,-0.16072318453587156,-0.1195399951238933,-0.07048732800786339,-0.024439825290100962,0.023509675243522155,0.08167773707481878,0.15057716941821445,0.22255238307328254,0.29270415069801875,0.3648399349823786,0.4327891568291437,0.4715117547756782,0.46889289875845586,0.42942839489602147,0.3641223236762888,0.2750173585767777,0.17080333718914387,0.04991986914329066,-0.07590593840053803,-0.19080017771474003,-0.27569956165252907,-0.33177655747065576,-0.3555179278929411,-0.3560634054722423,-0.34231881348930326,-0.3154168378911182,-0.2794763422165641,-0.2467188833689717,-0.24707879103158015,-0.2918899208264434,-0.3757384338587816,-0.4519493311855579,-0.4711862773001633,-0.45933643561372667,-0.4198542753071617,-0.34099189578856837,-0.2102651152097573,-0.07292769740111532,0.02258724656129791,0.07293464155158245,0.09654982839378853,0.10146764944482703,0.10375219458530452,0.1136650917733909,0.13167067479887334,0.1479221786668453,0.15242567003443688,0.15753361800722754,0.17382924421697904,0.19316376674502336,0.2107275124149278,0.21427268733725555,0.19746832685671958,0.17940626791429976,0.17933301540614352,0.19116392203360258,0.19702688403144986,0.19594177612466473,0.19839174602227191,0.2099782554364821,0.23189515693958862,0.26206711348978456,0.2971110298297178,0.3216766163857929,0.3277080390499113,0.3092994112946728,0.26230701683825686,0.20696112854072496,0.15465960663110162,0.11023843845710132,0.06856995805753115,0.019282592720004165,-0.04208337779429544,-0.09997828842774653,-0.139349977754474,-0.16834201300558163,-0.20913442542987615,-0.27043054069234795,-0.33831819540510794,-0.39374467465853197,-0.4240227301181606,-0.425759549200206,-0.4155240857573828,-0.4183183442615208,-0.4410329169473257,-0.48169002119817417,-0.5138063713295656,-0.5001908755122777,-0.44284241081157794,-0.3854699576399902,-0.35103199479059966,-0.3337534948337007,-0.32682918481812123,-0.3296013520308286,-0.3270720494057277,-0.3094234761678807,-0.2929739615328614,-0.28472582295340365,-0.2813591617102331,-0.27550131207200745,-0.26594916856092365,-0.24982649262944462,-0.22528100137742,-0.19590451480000673,-0.16659988646079416,-0.13861361396927097,-0.11315453797211153,-0.09144074127062143,-0.06664001312648545,-0.04361667286854083,-0.03260930988716348,-0.03395959757460959,-0.033786951914388956,-0.0036599104818019292,0.07889669357261093,0.1555716719947796,0.18413285766368223,0.1978574078234251,0.21469179684871167,0.23517293955705576,0.2574741295911864,0.2791849779106032,0.2992359405801896,0.32140342010794576,0.3393085171917819,0.3465777081503883,0.33632331750014643,0.3084757438577359,0.26654817971964967,0.2186727881178153,0.18091467373783035,0.16826035752417143,0.18306940252346945,0.21605583041099163,0.25371001392453557,0.28255091953121614,0.2857536775942111,0.26574793861017443,0.23670713671714066,0.22358640139318306,0.2457264026501716,0.29976674687008076,0.3722899822218677,0.43600821290546654,0.4643295087877038,0.4410179262893047,0.3847063021498343,0.3331056462715327,0.2803160795075319,0.2063412531132258,0.11042435024613491,0.033014265902475255,0.010628155756984501,0.017268617793644525,0.008203958527410406,-0.035271231812572953,-0.0922754158500954,-0.15230570146673705,-0.20420224028106693,-0.24217210536333839,-0.2697475995678063,-0.3030383061560575,-0.34626682727990743,-0.4039669906320078,-0.4669588733006511,-0.5211126711933479,-0.5574671604883206,-0.5745247927754379,-0.5848697203012386,-0.5996216901882323,-0.6150233896558693,-0.6110223397891235,-0.5674940301205885,-0.47159878571402275,-0.32927240090166365,-0.16919351373924407,-0.023106404500979744,0.09366883908556783,0.17763078477564878,0.2281549231075874,0.24814449169388061,0.24147550133421603,0.2343457433680848,0.25353292257036664,0.3036098646063988,0.3803979222598081,0.4672799541266326,0.5541661581180797,0.6356004989014186,0.7066929828259181,0.6994327585065091,0.545163909746183,0.3515678837741057,0.19640202178507013,0.07797744920373402,-0.0131146536609732,-0.06718658236594734,-0.06833054026146151,0.009302052050755663,0.1288968110245759,0.21688442406995725,0.24675733713884992,0.21476312956899216,0.14092529575367424,0.04917922336152024,-0.028630601372064912,-0.0884498205029047,-0.13559611014337228,-0.17460492898308827,-0.19434817864057477,-0.19022472332372561,-0.16855944265301973,-0.1407695452448879,-0.1087131225104798,-0.06870781178370525,-0.012854957288554021,0.05646843272985646,0.12849209977009185,0.1896073394272854,0.24096361100818925,0.28100518387551254,0.29261710045946293,0.25829165935540216,0.2015536465290668,0.15056731766234405,0.11236061199336567,0.08363842312616589,0.052817514915999265,-0.0009352968405776709,-0.08552228601965295,-0.14672466896185807,-0.16276873554374707,-0.1464347867045058,-0.13828119517101956,-0.1613645665985497,-0.19881904866979255,-0.2005719232415558,-0.15318976977253157,-0.08015997472292191,-0.004044273594976057,0.06069098183893934,0.09601853615649349,0.10765748002204044,0.11753014536489534,0.13708654890339902,0.1752977683714876,0.22571385505620642,0.2779380843268696,0.32269157267194915,0.35119180046989606,0.3484249137185615,0.30246629668390324,0.2253108556540172,0.13773588618847316,0.061129073460519996,0.009527690797592555,-0.017018832342066657,-0.02995224872398613,-0.03063784271509502,-0.020343809691243,-0.010382786355298834,-0.0049233564087920526,-0.01647524924085675,-0.06144523210233237,-0.14712479746961896,-0.2669774966815313,-0.40692958426771797,-0.5322479837557188,-0.6157906039006888,-0.6577639898544865,-0.6637270531898777,-0.6527482507814093,-0.6599712023108614,-0.6611666903344574,-0.34978347702269635,-0.1845795796090299,-0.1697159235497325,-0.2006659560166013,-0.21824840620186503,-0.20053059366738513,-0.1494830419489714,-0.09560380371684431,-0.06836580272818281,-0.06473438638488574,-0.07448396445494217,-0.09007448226785499,-0.11090653090722759,-0.13384658626038512,-0.1540588840707675,-0.16724660110897327,-0.18134370540214825,-0.22103290038052673,-0.2958968226559846,-0.39153435331801417,-0.47187811764897997,-0.514894202296756,-0.5218794899899687,-0.49594162402646186,-0.4449535590702742,-0.3771702648507999,-0.2841638337623552,-0.15253158413151766,-0.011337727065234319,0.1142654985396363,0.22243721388818002,0.31568681314100183,0.37624398597148645,0.39762348542731574,0.39971780711019034,0.40286912030515765,0.41119197576358146,0.41088722706126957,0.3854627342943176,0.34695709555762505,0.31364970760491573,0.2931225003377945,0.2781697443966285,0.2711917244210609,0.27569125211550055,0.28947741445481556,0.3024550225122713,0.31246172243338166,0.3228732948047935,0.3276594427405581,0.31590541957526536,0.28300548715652907,0.24012804098540697,0.1988409332230525,0.17284116581593947,0.16077254077029066,0.1612380268635464,0.16652539776789857,0.17337028306314387,0.17707502133937134,0.16537486187565764,0.12076542581797266,0.047941433193541945,-0.029762143295146704,-0.06746236532564191,-0.07000721299009291,-0.030776805894979224,0.0358258669952843,0.09552726286932448,0.13293589882460444,0.15626868060389157,0.17069185008703602,0.16279478485106827,0.14943894686694412,0.13514354289770214,0.11609961310114611,0.08935416630458777,0.06502937897651248,0.049760702976103265,0.05333800310937777,0.0692141316626809,0.0819487511327273,0.0915439693104141,0.10367103319887994,0.12910201944085856,0.1561135594177498,0.17951887842583336,0.20257006319293852,0.2383832309762191,0.29387930371489146,0.3436636275433224,0.3721140443710672,0.3806857140970654,0.374006493117303,0.35193778104859447,0.3279521066303842,0.296178936217084,0.2537634243840906,0.20337604733459141,0.1489961540017796,0.09000980475877003,0.025932506996181243,-0.034234877423201304,-0.07189268140719858,-0.07782811598373429,-0.05906269220517543,-0.044105119811796024,-0.05698345116762374,-0.09883628012371697,-0.1512588720988053,-0.19346142704474587,-0.22232318202733273,-0.24599564973040813,-0.27165442905669673,-0.29850330410307324,-0.32553118787679447,-0.3583305841062096,-0.4042693444628517,-0.45801241222111616,-0.5051821718631949,-0.5217714607480552,-0.4694959013573666,-0.3331938243601486,-0.20440060066818014,-0.14190079302471698,-0.14045144658828096,-0.17452927900544463,-0.2129449726292178,-0.23415301059074042,-0.23335386979068073,-0.2071772955962056,-0.1639086887002655,-0.11604290706701591,-0.06960888389576432,-0.02623451127997014,0.010689454171633571,0.0369864706398025,0.048591926011928445,0.04490956814856795,0.03479836180653688,0.023137093338815813,0.016416989471558376,0.02053281105536739,0.04109098985609747,0.07424157793128952,0.10532536295017413,0.1189658121776139,0.11556056969386111,0.09438206831657027,0.06874248080801428,0.04101586927668608,0.034298301243712324,0.042812993180656636,0.05570853197091927,0.07286563550132158,0.08354080981334822,0.08346614977946326,0.07422094220471466,0.05015112007068009,-0.028722403862814022,-0.1649301253103096,-0.3012498547546756,-0.38848331739375286,-0.4143906063938019,-0.39183175278120685,-0.32593951578787433,-0.2326445671010354,-0.14786521410871598,-0.09553191608114092,-0.067235642619262,-0.04550558264445377,-0.022835655830599676,0.007395197868214673,0.050657405589921364,0.10776944480218276,0.17312796184109416,0.234606939418781,0.2695117675349241,0.2776194186641178,0.2721635286185607,0.28039698600055846,0.3077678555657709,0.34147639423276704,0.37368970647033234,0.39493142745226006,0.39351973359329484,0.3704063904713739,0.3411515091155541,0.32546223017179493,0.3210602714443296,0.3241701799243094,0.3411295488356254,0.3666800752453299,0.38985464543253995,0.4044850970609574,0.40530152175249784,0.4060799803115182,0.42639789487030344,0.4555631461761035,0.4686111074520778,0.4575771241447824,0.4022001675075474,0.3410246558918729,0.27900797752283046,0.2127465494698066,0.1458268893395052,0.0932119854026699,0.04435373745537186,-0.005007492721542264,-0.04334818886692723,-0.06997139964363805,-0.07805197204821716,-0.07750638973736142,-0.0766276601533705,-0.06933421344732295,-0.05406645951180696,-0.026533394201199653,0.003248567010549392,0.026778580717510173,0.05183727133503101,0.07123697734323746,0.0757790248811108,0.057191698610247844,0.02547739507017042,-0.005529341458759485,-0.029569004087645723,-0.04947159239896948,-0.0680708686997114,-0.09800282803932837,-0.14098901274425907,-0.1870771742455728,-0.22308537166232495,-0.23777558903901266,-0.2422836979319148,-0.28886869895872214,-0.40133689251326327,-0.5132533960307866,-0.5851413948791849,-0.6287763317444802,-0.6502805939809666,-0.6386531574276985,-0.5791332794082581,-0.4682594254979621,-0.34201236883009095,-0.23409328758052622,-0.14866750959952613,-0.08500342530361459,-0.040413230623218686,-0.004562049952069769,0.03010614374236769,0.07561477622401182,0.13156252374323185,0.19764789982045866,0.2704267477113279,0.3449428079279287,0.4152253320100605,0.4793529744708129,0.53685593727128,0.5854677768375394,0.6200414709914948,0.6402731279955712,0.6461374951930571,0.6409808258978956,0.6263039207352321,0.5973875703773133,0.5563187336743954,0.4991677420892274,0.41059904330974295,0.2741454743362269,0.0866525421774672,-0.10773929148970614,-0.26997442931526566,-0.3895009137207049,-0.4713896350189423,-0.5233975180786382,-0.5523537161422596,-0.5674818472533582,-0.5778897868902686,-0.5897373597536654,-0.6085930341035616,-0.6366665130879845,-0.6724656479009475,-0.7055947191625553,-0.722800291974257,-0.7193852374274888,-0.7012442098716147,-0.6722390102133496,-0.624026959919337,-0.536147866911078,-0.3968720018405151,-0.23306608362892078,-0.09084576683192977,0.018731333070849496,0.11045752269353032,0.20262611243651335,0.29495058295128546,0.3643285062203569,0.3935074412124192,0.3972408359926859,0.391543663394139,0.3773076074591655,0.35481380620145725,0.3297282899488689,0.31121384147534936,0.3023760393248256,0.30288574752224,0.3089755638129584,0.322014819198577,0.34860456611707996,0.3875794737825134,0.4354207751236924,0.4878912902450757,0.5365406373552821,0.5763872659676331,0.6084249131326774,0.6333727457270476,0.657526765563099,0.6811266814535655,0.6928635515666643,0.6852196517396428,0.648516563688544,0.5667472042840579,0.4480002993253714,0.34846717868087534,0.29121107281682396,0.26029729212234165,0.23424790078830152,0.1989717606520396,0.1543430668365242,0.10598518501372983,0.06687264944301556,0.04933181960908631,0.052186574193723856,0.06539670193404172,0.08852872756314802,0.1151764067302095,0.1312074917775021,0.1439253323477689,0.1763862941057219,0.2225995811475921,0.27388672902760997,0.32320068726167195,0.3574902330235202,0.37092446064966494,0.3727314211710685,0.3654697486590125,0.3462666493356547,0.31494991262861405,0.2814417937692006,0.24877143677588295,0.2056543641083913,0.16012879527397694,0.1259645208853496,0.12105478510362601,0.1441130315561194,0.18728187433739557,0.2428499639933916,0.31394387276568914,0.3572115298579076,0.3147023362311813,0.24514023489425424,0.1731236490010221,0.09891124163288646,0.018651514806407768,-0.037549479157373854,-0.07534237316257306,-0.11216114439134088,-0.14621612978133713,-0.1797233273980314,-0.21272774994902177,-0.2488396614389495,-0.26317712718153863,-0.25276521401200425,-0.22042590342005028,-0.17615406848773993,-0.1385090816411705,-0.11347769092238541,-0.10734701792239637,-0.12547956103245586,-0.16851264843201044,-0.22687264131479332,-0.2804379518966241,-0.3085077332910399,-0.3008176780266581,-0.25787828731495477,-0.21119684042788547,-0.19686103403431235,-0.23009102511621365,-0.30655568464722094,-0.40537106556123814,-0.5027573467217011,-0.5601707383080878,-0.5437817871511827,-0.4640625063611513,-0.365882178779298,-0.27816928131338353,-0.20861687784355945,-0.13910329938556096,-0.052623883242797334,0.020039807718451156,0.03998027174131507,0.01932462628352672,-0.03972176592276752,-0.11730137822358816,-0.1882876572193006,-0.22939407842348136,-0.22916564758967375,-0.20045345264819991,-0.15318842478295797,-0.09961813493387227,-0.06671585563400986,-0.06560943417216138,-0.10026433320721166,-0.16742597286478486,-0.26169044257647706,-0.3561160748126294,-0.42548780323480156,-0.46048091431223714,-0.4587307087762137,-0.42232071212121763,-0.3545219435447657,-0.27111588158524114,-0.1846797716111848,-0.1032051572420962,-0.022658768718999127,0.052426234443269756,0.11976411011262852,0.17093863349459054,0.21106480422062723,0.2537650429919777,0.3130647246116953,0.3991375738521992,0.48810612083353316,0.4700158726272001,0.3644885124831544,0.25764682801854605,0.1553598452559914,0.050924358289775346,-0.03146363078766125,-0.08790244462336883,-0.12397662072439121,-0.15290490167128198,-0.18850726354398115,-0.23236285710868249,-0.27115656563992413,-0.30280160875426426,-0.33218809776396707,-0.36840046678741956,-0.4050348302135788,-0.4298317596488844,-0.40950015661156214,-0.3199148601250453,-0.1956883312832428,-0.08734220049754653,-0.008030041625217685,0.058180220534369595,0.1233494072007877,0.19317580504036663,0.2578079375647638,0.3114378034418405,0.34261307158192966,0.3379155431948419,0.29559446978877457,0.2476238964090729,0.2488230363031552,0.30764909256156553,0.3936678838341126,0.46872105999784774,0.5324323815011501,0.5946425688836126,0.6508188777334676,0.6766025982745577,0.671502607225675,0.6521497789786053,0.6426710084068599,0.6524723155726839,0.6698677565789461,0.6265256762646872,0.3726864763924229,0.05493424342834692,-0.14219852408811062,-0.23019385460173986,-0.23599303570648944,-0.1895727655015056,-0.1195522893428904,-0.0560263882805055,-0.014647304619903939,0.009344315333170514,0.0187854093393742,0.029320745808313137,0.030326028064237436,0.014967555688587606,-0.015810870079871735,-0.08360553656228108,-0.21803976164213384,-0.3897136643566498,-0.5162713324331258,-0.5808459275520862,-0.6131266233236278,-0.624172255425485,-0.60880290749762,-0.5546269503507008,-0.4668270548204811,-0.35826243644004413,-0.24220033850884287,-0.11815519011331863,0.01444313561439708,0.1400671104843697,0.22862998193653614,0.2834305623920398,0.3346253168658151,0.41395508437152806,0.5055342166453087,0.5789737017725084,0.6155019253754305,0.6073661773177031,0.5576808869672164,0.47785167540697204,0.3804141315258732,0.28481557432513416,0.22164486755275156,0.18558070958179648,0.15631549380738485,0.1373855508277097,0.1277681783874826,0.11774905513342106,0.11707766764228664,0.13118129168839357,0.14232392204133826,0.14172541740691033,0.13965642392810645,0.14767452410276177,0.17014161924363994,0.2092300749328956,0.26395329679032864,0.3241028756048083,0.36136107738988854,0.36678143630254734,0.3488555713009902,0.3226351047756385,0.2914019402516262,0.2547939135662026,0.21837668246179254,0.18968346286042725,0.16893991468522704,0.1629004573388203,0.1583073194330615,0.1474559699579351,0.13035225100189324,0.0995755784350132,0.05564268080339332,-0.010895984734824086,-0.0937172046286442,-0.16316339352417258,-0.18832194408877492,-0.17275664878988403,-0.13934154016494318,-0.10792376219579818,-0.08874694338413723,-0.0817654225469869,-0.08513249906790893,-0.09265269745136626,-0.09463912784900617,-0.07829019858420666,-0.030465461788038467,0.04462577599113551,0.12181727674746774,0.1753149291246527,0.19486837158825343,0.18854429166483677,0.15815957889764684,0.12877833539682634,0.12149936821911347,0.13717451648334558,0.15766657068385617,0.17354522737293837,0.17856911556339702,0.18029666450054688,0.18069749176618494,0.16083876750887607,0.09869347733767492,-0.020677301129608795,-0.18105431108479508,-0.34504574374976454,-0.4802617756800054,-0.5771032526466477,-0.6369498744096689,-0.6615664148216214,-0.6253661185123829,-0.4443860559585056,-0.19289460299167865,-0.045491512271291126,-9.085169672776197e-05,-0.017392571737385742,-0.07701478193683531,-0.1721288706684047,-0.2941955281587492,-0.42204217525028487,-0.5320129684313143,-0.6076792220418328,-0.6508591808429006,-0.6717351073273718,-0.680723933439765,-0.6852326588231318,-0.6859100211045156,-0.6754871323335924,-0.64958731543158,-0.6056494341974806,-0.5455839312028252,-0.46210794938492583,-0.3535195018502841,-0.2181757200396962,-0.06816679486333582,0.060588499982432355,0.14752414443035472,0.197039636353198,0.2218326605662622,0.2280556902476292,0.22485128045540798,0.21874690749377845,0.20912931206679686,0.20393171241081182,0.19895963757130872,0.18772783870763113,0.16896146689521727,0.14645121907711217,0.12718104850361622,0.12275645601266073,0.13177763011237362,0.13981113162702571,0.13776324025670125,0.12966614423186132,0.13260340292317985,0.15567989041385366,0.1810011376119957,0.20223597989924816,0.22557044380390956,0.23989647427538077,0.22867717960991482,0.20940049414696923,0.20483311760416,0.22934891971448002,0.2766954360036212,0.32936940987980556,0.37345009724605666,0.402587214246261,0.4076393152736741,0.3950131518259884,0.38244189192038125,0.381312945137979,0.39820997866425617,0.43058826680834256,0.4675200331399629,0.5022910729104171,0.5320312154743878,0.5662514999796792,0.601724022540669,0.6194870605741062,0.6040718127215247,0.5706543133108972,0.5386692674251571,0.5081109558989054,0.4649604750924032,0.3972192705363838,0.30862760626479147,0.21683544850203737,0.13497643579837007,0.05684565251774944,-0.015899052370574263,-0.08402017228870667,-0.15668988005641088,-0.2436685249700125,-0.3464624437576428,-0.45968852335125354,-0.5681406034620665,-0.6659942992171732,-0.7522694679061663,-0.8213158445871859,-0.8616669308094239,-0.8745735514570596,-0.8701815705622677,-0.8405139711741498,-0.7649686766363301,-0.655564054226519,-0.5311778593619098,-0.4021747144581526,-0.2707964190243951,-0.1598290540835534,-0.09027638195540195,-0.06972798981092318,-0.07783709127070174,-0.0926293869721398,-0.09377367605700926,-0.08118971763403016,-0.053184139712838314,-0.015496870950840857,0.037744480996007,0.11024265728760761,0.17922206065527665,0.22962281067660814,0.2678344035011659,0.32013266543779323,0.41765932605221856,0.5287029970779741,0.5839370191345573,0.5889354376842704,0.5669905030373023,0.5279158981576042,0.48770884708230783,0.4670064168027189,0.47823997724733724,0.5116428537571586,0.5512179459241419,0.5886275812215158,0.6204145153868978,0.6461964066702457,0.6791452948970758,0.7217592455411227,0.7663396219990958,0.7915261804161711,0.7650436418197746,0.6626766170318803,0.4926857935024155,0.28085371202864895,0.06003759422482646,-0.15156070561703877,-0.31356923070779164,-0.38536499656684126,-0.38985814720963163,-0.3561283152236678,-0.3063240966423514,-0.26262440713078417,-0.23697403647870535,-0.232643617129674,-0.2505282703286076,-0.2922073842624788,-0.3479495162227165,-0.3702944145590557,-0.34893284028784843,-0.31561882975630773,-0.2854663086367134,-0.25393540745576365,-0.21375198511480928,-0.16505902343078668,-0.11550877724331138,-0.07142912037652734,-0.0365784516953042,-0.016056918935685605,-0.00932517897478021,-0.014996757501772059,-0.027185261373619877,-0.0421709981521377,-0.05658344064798176,-0.07178891463339791,-0.09211280252669067,-0.11744893306775715,-0.13375398854220383,-0.09752252544154005,-0.010450402949007096,0.09449292760702971,0.17478419477899904,0.2019734148348155,0.19113959329657956,0.1561964392100281,0.10342385561738211,0.04828431765563262,-0.005068029885327093,-0.05447309193483185,-0.11135498138104839,-0.17441401513757857,-0.22233227095583244,-0.2463332140877752,-0.23663083854827982,-0.1999664648544766,-0.15090514103581087,-0.0964920330296962,-0.046178532306651775,-0.01083188448575147,0.005860437720682769,0.012824274273778786,0.013251579765787416,0.00748082541912315,-0.006233187969398045,-0.019868590485693862,-0.03468528868245334,-0.04952422065527117,-0.0639739573133333,-0.07492770708387882,-0.07280213023747227,-0.036939499668152506,0.039957852235356174,0.09967317029837469,0.12099251497151163,0.11827080163804703,0.10202456388954817,0.07673546716151833,0.05658846049557008,0.0605184863845769,0.10471333527380768,0.18278887044675765,0.2451517245495111,0.26459009890897406,0.26362034687114383,0.24710606456241893,0.21784395561070716,0.1831276308137835,0.15381662820135286,0.13217398197418803,0.1100274732061854,0.06824390310123248,-0.002702152687695863,-0.09191452740424225,-0.17918342670947834,-0.24676500933975262,-0.2859494503687168,-0.2930378309712777,-0.2605305152900288,-0.16713015246465593,-0.01458378429011427,0.14918006054403415,0.26999050428407556,0.3069826718108794,0.26681368084227597,0.1853131595261048,0.10142164671032253,0.05148700365546107,0.04712949817999644,0.07900707807926752,0.12135600070961128,0.16092419935075247,0.19188922493589328,0.2049369163897467,0.19530396524190696,0.1692777011505287,0.14315704163937604,0.12009083744261853,0.09562479885848249,0.08706164648199974,0.09774408747363197,0.11397953807353385,0.1155246473344004,0.09415726266714199,0.06332031710173132,0.03351034534543467,0.002395013724875964,-0.044955529170555654,-0.12267292752440788,-0.22564365938421685,-0.3186406704989535,-0.361682862889889,-0.36747428705519364,-0.3641916197369229,-0.36435045291875895,-0.3787458558352089,-0.40484013409611525,-0.4339474302791978,-0.45638659152970873,-0.46435847157356913,-0.46113660709701443,-0.4590522749261921,-0.4688845696915498,-0.49155363447981365,-0.5149408697576927,-0.5149477043881104,-0.4583145656487714,-0.3352265356134553,-0.19452409885713415,-0.07890754274480274,0.00354471868554388,0.057127311544591074,0.1022683121721945,0.14248126882757697,0.1812408680552359,0.22558535598854224,0.2778682128376958,0.3377434464160957,0.40489198957868117,0.4680522586806327,0.517038986012474,0.5456411351126605,0.5547683599797829,0.5522936549006575,0.549783024760976,0.5498766240385496,0.549140359844106,0.5401986842293172,0.5248772050563262,0.516456521013288,0.514414905718909,0.5026112856167573,0.47579367286164204,0.44502954087992497,0.4241225113321429,0.40354551850268733,0.37373194137933713,0.3375795389244142,0.3005949391203555,0.2571517526382298,0.20907234342513725,0.16087022933194686,0.1276763570997654,0.12064967489365522,0.13297781177036666,0.14988784433147798,0.1614322844841973,0.16602318799547489,0.16171253271787644,0.16349984152744232,0.1807346820419664,0.2101848160733055,0.25319577296590595,0.30645849787220614,0.3504008806816185,0.3721646836693435,0.3791076910326592,0.3810517965804311,0.38189912309743274,0.39751116171405526,0.47401141110255846,0.6859497942523662,0.6585352061964147,0.34511895090339334,0.1915959160590299,0.09943857441354474,0.02240225135368256,-0.05165208967123186,-0.13494369705324,-0.2161932534576739,-0.2819357556843465,-0.32759160670404125,-0.35857561167267143,-0.3878392788489598,-0.42330110720317515,-0.4631295586081022,-0.5056461012667566,-0.5495629350071116,-0.5919305786268083,-0.6224358772166542,-0.6233117489681477,-0.5863269718368626,-0.5351845855584546,-0.4949871065218753,-0.48194205598663137,-0.4996868361136803,-0.5458069661439612,-0.6064000266033366,-0.6627477571864105,-0.6955726092428004,-0.6867931594486221,-0.6244624557894701,-0.5156642467775118,-0.3778107439247993,-0.2410531891477298,-0.1311687197547141,-0.06408812897904555,-0.02764785402974363,0.048702056642432094,0.21559872962062768,0.3943728403082806,0.4912396189888805,0.5285664547288645,0.5364840967292995,0.5274148151206889,0.505878335217844,0.4659733510319332,0.40553386787477974,0.33697671633268417,0.2774549899698833,0.23297092605145867,0.20832101571131995,0.20387141167227496,0.21634921201686208,0.23779102006678646,0.2474564214365366,0.22174827798794067,0.16092794934247762,0.08664939747428867,0.020733950062954,-0.011570594957625177,-0.017093390452001703,-0.0030268380705937275,0.02454192624886491,0.055460117612233475,0.058858438069852935,0.015805586619719487,-0.0724476657281456,-0.1815527572548067,-0.2883207177356214,-0.35986410104852506,-0.3605420715272854,-0.2561297909620833,-0.09762145300917854,0.022476615898458927,0.09853889514692442,0.14697891898673712,0.186856163877533,0.21644081903347778,0.2324346718642864,0.23067624778126997,0.21437715987096592,0.18972668979404445,0.17988234943920003,0.20829075764535074,0.2726187760758974,0.33518620833676216,0.3633884858234215,0.33973074845009904,0.27961049175348424,0.21238286834773318,0.1530478971473138,0.10295064150515143,0.059438371283835015,0.011012688149264453,-0.053968498364674954,-0.13818253190772542,-0.23166922378032404,-0.32988140876989686,-0.4129260853187032,-0.4474618344886866,-0.41039720639609456,-0.30264540722978983,-0.15839511766350267,-0.024403473108996796,0.07513196863385724,0.13863314266678875,0.17107307559879772,0.1727541307716391,0.14901797198829878,0.11529263976823652,0.08001267701044826,0.05566582490717375,0.049066126554527995,0.07375761526707127,0.15208747654095028,0.28448946700214556,0.38573134815140636,0.39861809158782396,0.4046877557053827,0.4017184603276677,0.382682534012568,0.3566581545683959,0.3281592190982139,0.28167876998143637,0.21652622241844022,0.13589039437210035,0.06149797714257826,0.00925308029016668,-0.02129286135160263,-0.03594267878674636,-0.038399676250126566,-0.05492319616604156,-0.10692047101914265,-0.19694322703298492,-0.29480985140846433,-0.3681733266471967,-0.4082480109252232,-0.43326218065444777,-0.4605200683835091,-0.4916082753806581,-0.517808908617342,-0.531273975952041,-0.5237831052415421,-0.4954914172294625,-0.45053597744285634,-0.3957106787053464,-0.3353774342368255,-0.2716710606803103,-0.20869194744767253,-0.1515862091527749,-0.10882993264528072,-0.08433945091801726,-0.07705636001425871,-0.07489689472012893,-0.06973230615989809,-0.056197667893895326,-0.031065645759622725,0.01498411145385436,0.08328104848725494,0.15425673073683274,0.214839478639263,0.2627080018903017,0.30567165555499276,0.3470906698392148,0.3938134292030973,0.43446536650120465,0.46040198547413563,0.475848295456559,0.49439223712154895,0.5211847750669979,0.5541970945198497,0.57878163048598,0.5816580615749356,0.5565422439823532,0.50744083407396,0.4504297511656013,0.39817992762526067,0.3447807763607323,0.2784307659649094,0.1953927714719185,0.10824992054524048,0.026093722504785942,-0.049898414606766736,-0.11951943021354856,-0.18831928827320868,-0.27167411140006376,-0.38199323570173394,-0.5055714724036889,-0.6074540422001019,-0.6647472893814801,-0.6802811173340635,-0.6666441923791107,-0.6339231962797319,-0.5842245874730414,-0.5029828132949731,-0.37373421528034273,-0.22113698909480767,-0.1181431598457846,-0.08394681962621874,-0.10287998194763634,-0.14564628226541632,-0.18274317492748182,-0.16802566694677987,-0.07435112363283423,0.038061070039228394,0.11891408597371728,0.15695316214472507,0.13652364498983202,0.05149732374783207,-0.05283190123569153,-0.12442008995537213,-0.14809038559940108,-0.1271023805377711,-0.07905071355693212,-0.016517954514271398,0.041825651983290385,0.08448028159640905,0.11287111929798357,0.13404811198585279,0.15341195742565403,0.18021491632205167,0.22331969386958556,0.27291235110854256,0.3174085497673961,0.3507481746863356,0.37544167992557625,0.39392771076514616,0.4126839872112856,0.4287985095673342,0.443939478989939,0.45624703708246694,0.46562208709401354,0.4619388965829742,0.4466290778143847,0.4256486665948682,0.39687492348550774,0.3334937694806257,0.23430473515773254,0.14590630859786125,0.08792438029582064,0.06251001503441124,0.06377789765309921,0.08036019810521425,0.10897507345055212,0.1575160863864509,0.22628423553827964,0.29762251733493733,0.3559073909598951,0.3974774234164344,0.42628002527876147,0.4472932725561073,0.457752275669401,0.45134766347890865,0.42530059245274915,0.3700176141491449,0.2703244012794566,0.12097646999435761,-0.047765062335602536,-0.18464853761802372,-0.2651791725072106,-0.2935727840636639,-0.27227926436059935,-0.21555325845387382
-0.0012012447364303366,-0.012637112812327657,-0.02175550291469693,-0.01666030195861141,0.012608049622665322,0.060360904536331465,0.13346717315092044,0.22919501246627394,0.346826968482898,0.46097261209880125,0.5400559895051704,0.5644079170216321,0.5455475590517271,0.4799655020013507,0.37528853067971746,0.2641980231234558,0.1874167864142014,0.15500884950863966,0.15432417731399772,0.16501232685324446,0.16968471395284346,0.1690184411364257,0.17648004977332366,0.1989484163722708,0.22826758349737364,0.23964299881094805,0.23450528749680233,0.23221911607732618,0.23919823204753446,0.2506759239041209,0.26521634487652357,0.2643891664712231,0.22475840110055098,0.15077465450669905,0.07337860954138091,0.01313534634699443,-0.018984153731123714,-0.03661547551504288,-0.058897812777681025,-0.09647839599577641,-0.1463963719621485,-0.1919072213531198,-0.22839012336814854,-0.2374322320330183,-0.22707667940042456,-0.21510829790702926,-0.2150757041141296,-0.2333962212723613,-0.27400600044232504,-0.32550892383976876,-0.37941120786094956,-0.4244106043453726,-0.457104127078858,-0.4705648218370382,-0.4519633237756775,-0.414291797346234,-0.37537353764707876,-0.3413614978715817,-0.3156673924336346,-0.3004255612924196,-0.29886838849118674,-0.31297532043146953,-0.32819174535243795,-0.31502754469195393,-0.2585369712982503,-0.18773273640005203,-0.11810911840251818,-0.06885138820722095,-0.042173452568553066,-0.022269914788214162,-0.0020643240820254955,0.018249990341484085,0.039557738112987115,0.059065076089682284,0.07803893437583652,0.10024517094448228,0.12714676500407293,0.15231327720815957,0.17635165007506062,0.20783381924363467,0.2418104172654356,0.2810324118353809,0.33430166403853795,0.39940609803437555,0.4515455972122425,0.4741905437636248,0.4818349549173877,0.4906522738312352,0.5001649867315999,0.5151117640617592,0.538752909545041,0.585171297570951,0.657579022091956,0.7314103575878853,0.7621043070191733,0.7105615508076197,0.6013802128274399,0.49565040583043324,0.4135694651872216,0.32618103632681444,0.21115284301006101,0.12476327056991114,0.08252466337747166,0.0891706710420271,0.14137085610413413,0.20830447293075116,0.26061662433279476,0.2865077242967212,0.2830338017990301,0.25795266562241476,0.23162694518233767,0.2082203997609252,0.18824403031919074,0.17076980391895272,0.1532040988062515,0.1302809045020395,0.09879185791180366,0.06274479350658257,0.031582387585538406,0.0045644322464832125,-0.02347526473124327,-0.05553886426159622,-0.09961389584410275,-0.1530534292550596,-0.20664731078348733,-0.24309358449547427,-0.2571736666441542,-0.2576225095233686,-0.2579919827209189,-0.2591915426365041,-0.25840306780523253,-0.26343938305273906,-0.28043696415175196,-0.30560873582011355,-0.3365089920722703,-0.38192898669424125,-0.451525034052801,-0.5295822282338573,-0.589935695779662,-0.6297980840854029,-0.6585849706470408,-0.6714151936000815,-0.6260300194323474,-0.5250153156200809,-0.4039620432283691,-0.2827468775316045,-0.1790565645166719,-0.12011522768946227,-0.09453444045682884,-0.07044951764678403,-0.039919274497162385,-0.025138421467433943,-0.029069112426332762,-0.04482462135481117,-0.04617687339613524,-0.027072089455571966,0.0014811844987444815,0.029778746239331338,0.04573037455482403,0.04347320894456532,0.04141364066619338,0.05845174868542656,0.10624010618353333,0.16666373590348668,0.2159264973313439,0.23924631572979874,0.2410727512454664,0.23977010978354554,0.25310939639120883,0.2757301621136814,0.28336806556085664,0.2660551656809435,0.2388790358238054,0.21179130923496725,0.19830268997792524,0.206736505506522,0.24381582922628434,0.31099172152967375,0.38510816271914156,0.4263637705019216,0.4254014531454345,0.3995999689515943,0.36937072639940305,0.35267908871797815,0.35835980931619055,0.38909509883962135,0.45063448459430594,0.5220002988180035,0.5332096233641445,0.4496263684300257,0.3388132501943542,0.2417749033927223,0.16396954181702142,0.09928696124467665,0.0473613784211748,0.011099934315702057,-0.017018637849119295,-0.03589558477628692,-0.04797208642583719,-0.06066155775071602,-0.08493593971234044,-0.11421827888396592,-0.14992705905398682,-0.19170223557328753,-0.24103828733307991,-0.28340940933154346,-0.30623170011668654,-0.3096727810381494,-0.3196593084431017,-0.35786154848488183,-0.41706937605700717,-0.4791411336852904,-0.5296919077694642,-0.5625702828868797,-0.5842143807235689,-0.5884991976801428,-0.5782784396078334,-0.5842793049512308,-0.6347042484614721,-0.710264735804642,-0.7281611355076391,-0.6729558850213766,-0.573155457425696,-0.453739251358543,-0.33053903611474716,-0.2228824188739313,-0.1426920411612432,-0.08636802026764996,-0.042504913750617324,-0.0008707246552855031,0.039402055416402945,0.06984193852951114,0.08467724519360845,0.08433400229355686,0.0824260195676464,0.08254058483513703,0.08304914588251411,0.08779361472015311,0.08931038183004304,0.07827380126445523,0.05247506356992636,0.02951956640499709,0.0164992074982285,0.008586984169566126,0.01242395639169307,0.03826345804187013,0.07843595377853767,0.12237059027653781,0.17044447921338152,0.22198727988169994,0.2789400094953686,0.34400619325581516,0.4147215672489625,0.4742166211548713,0.5043563479122309,0.5070671461377178,0.492172976220599,0.4692571598829054,0.451685500052439,0.4476009747908975,0.4559834724138771,0.4704389497997147,0.48332500734739053,0.49221983980827066,0.49226612507635936,0.4813084837932316,0.45618307669261443,0.4245407295297406,0.38265250761556874,0.33257971746463505,0.276177705691234,0.23055693255525153,0.20540197173141006,0.19235815214802393,0.18410102648075866,0.17486656257068997,0.15523702940555886,0.12789828647362167,0.10768587168666062,0.0931808611640132,0.07897553620755128,0.052445556585588575,0.012253107764941274,-0.03820288473361868,-0.10784778223595551,-0.20094678365660912,-0.29235436214898675,-0.36888741249466406,-0.42464854932472296,-0.4527395113038342,-0.46936958830847303,-0.4943732938927793,-0.5505326177741954,-0.6503852742495191,-0.7919559729775753,-0.8711200158569105,-0.693763293783213,-0.5027142494730032,-0.4187179414224817,-0.40195145145066197,-0.4306151011089044,-0.4884170002941999,-0.5261198522005129,-0.49281808142913236,-0.4039968433306115,-0.32454756803422097,-0.2556436352772543,-0.19777940339297476,-0.15558381171577534,-0.13433361735546165,-0.125001048290596,-0.13061328970320019,-0.14221727923013536,-0.14761749131397334,-0.14225981501831156,-0.11760788620649762,-0.07630289916578277,-0.03700753859386939,-0.01126790082226566,-0.0007367933218185737,-0.0025338831643117146,-0.006616237484404142,-0.00989907547137833,-0.0132848250667632,-0.016908380353827232,-0.024478397622588896,-0.033571207487123146,-0.04356314665599749,-0.05340985324252518,-0.04815454956737769,-0.025880447875531905,0.00099118996800124,0.027705248764379548,0.05441936900943864,0.08686757885987133,0.14939128901420518,0.24631690006155568,0.24945542723677258,0.21675752038914373,0.18712700446782107,0.1575768339573672,0.1266387173351162,0.0963028312674654,0.0817358129717498,0.0741956794386436,0.06483463706361567,0.051015995352001284,0.037484081231125545,0.022427474041722684,0.006318215780306714,-0.01126016204809479,-0.02564718382587714,-0.03139880891935196,-0.019392374229523782,0.006309929850989354,0.034805475165460134,0.05972432465551611,0.07136755546707967,0.06298997879560235,0.040867446704982484,0.012065354924617558,-0.030350232123245908,-0.10668796206802696,-0.21597687481518954,-0.3301219138377838,-0.4259595943109275,-0.4949319436643823,-0.5329996936161009,-0.5393631535383691,-0.5224711904364995,-0.4719668788479579,-0.38286736734855364,-0.25079968464366503,-0.12045635560328838,-0.05000609497150493,-0.04788032039303775,-0.09850674701854939,-0.19237372683136197,-0.31757252572351413,-0.4577782902258317,-0.5679620280807701,-0.5887021199587048,-0.5288716630103639,-0.4460513568174317,-0.37530156952538024,-0.32601070728791176,-0.28664572690426915,-0.23434646630603934,-0.15356033816802508,-0.05700972643309417,0.03957712564932575,0.1242442655986233,0.18923149546260842,0.2210498052400938,0.22465084531192628,0.21001646719150124,0.18742661929078339,0.17292961028217288,0.18797291745292172,0.23616025048523898,0.2976464873264166,0.35483920535102165,0.3903799682618005,0.40419643499236957,0.40562497640676604,0.40856869779438265,0.4279365042684763,0.47698585087919737,0.5475302038983568,0.6124193107093463,0.6501797160160779,0.6769174829405068,0.6953415742593713,0.7041559780675674,0.7012256407476426,0.6990176541656249,0.7139929467112545,0.7461567709316419,0.7872306413801614,0.8154605008847012,0.7984128127312649,0.693832398647236,0.5325683778200664,0.3912293083576231,0.3063916060126942,0.2766761292341587,0.2835542827936362,0.3007592851879759,0.30646571426844404,0.29020514058692093,0.25993001417821787,0.2261537381177877,0.18234255649891848,0.14000403549204438,0.11009599151182708,0.09779972808470516,0.10090612343470075,0.10984567647486047,0.11473889892677466,0.0983739736097501,0.05775573531390584,0.0029165967259054655,-0.05166305245353841,-0.11223636454694368,-0.1741107539016647,-0.23089304873745006,-0.27873426785322414,-0.3226633673578444,-0.35893045489641306,-0.38827447443128726,-0.401621515450372,-0.3971352380461956,-0.3813427551653689,-0.35503145440653916,-0.32494346758558523,-0.29730308997738186,-0.284131130386488,-0.2840191207790245,-0.3012468155946641,-0.34043687668549016,-0.3948594232733456,-0.43579048535464715,-0.43813230009974263,-0.4095416236866026,-0.3577864968977453,-0.2947979466241593,-0.22679815881641716,-0.16361433867389494,-0.10571994311277838,-0.062163569405572765,-0.03380183112700714,-0.0153132893444331,0.0011315131824273096,0.018463641572229128,0.036631706034612126,0.04730083168293177,0.04776466255016471,0.03838017639132476,0.014931419683602098,-0.02090038812193983,-0.06808621605243252,-0.11490303606299651,-0.13952335531247637,-0.1330609305964312,-0.0975056941225301,0.0044472946535066265,0.2109660652483536,0.33671065073085377,0.34597113612421826,0.34402625248663476,0.3477656249654572,0.35596527996445976,0.3697420409074686,0.3735897752718312,0.3790568220088353,0.4099337489717476,0.4705050750954149,0.5408981925148926,0.6003026718094189,0.6110209889875501,0.5673086078831918,0.4725455849426349,0.35609534668047854,0.23393070453430562,0.1175419804986796,0.02126319995182553,-0.047051256769012444,-0.08274555262168719,-0.09098726060419454,-0.08011255098508893,-0.05788426088292722,-0.035419496437483,-0.022577144353515165,-0.02227695958690728,-0.029761051241379656,-0.04372852582711396,-0.05881336743640627,-0.08162721383147145,-0.10777258003867718,-0.12691148848656608,-0.1286937770562965,-0.11941240403063957,-0.1035365972443759,-0.08187111016211353,-0.06043992110668619,-0.04415655019240565,-0.0505078251036344,-0.08609549070011245,-0.12993894119905705,-0.16144872666383667,-0.17617467504384157,-0.20325164552193523,-0.25497417234235265,-0.3040937240407878,-0.3443495220616201,-0.3634962982152754,-0.3567601507821867,-0.33768963888837494,-0.3084125571863852,-0.25459872101454395,-0.17106210035056418,-0.08790299340849715,-0.04505485800445662,-0.03068172284302471,-0.03430001228390719,-0.045821103155562364,-0.05068784234743957,-0.04302723381849924,-0.029401611813074303,-0.015207547088756178,-0.013440973020169545,-0.033189686209212095,-0.0796358794655654,-0.13801875143013684,-0.18421788980561904,-0.18753295269051426,-0.14223593385953212,-0.08156429103856083,-0.030289761693976625,0.0009405960041359156,0.019861039181408288,0.03061050422828705,0.04997065737599922,0.07986125236052048,0.1210155648761999,0.17958974900462088,0.24129080222765142,0.2859842188899118,0.30273192611691335,0.2924918689875619,0.271932720168386,0.2545994521793638,0.2511059162656575,0.2631802849604314,0.2879513806421636,0.3217834518324683,0.3541085896984825,0.3804762719779422,0.41364552662856385,0.46110529182886956,0.5132599026218416,0.549362807560187,0.5508852052863421,0.5136216043940909,0.45230651266222116,0.37748403173132455,0.3102438677831264,0.258767445327538,0.20895349989471845,0.14964087311882412,0.10215718000441708,0.08021125295983018,0.06848564471750991,0.056800581365104096,0.04714399008704478,0.054716515658432927,0.09060275694444088,0.1353099236902044,0.1645971606752739,0.14815925446924247,0.0822995911434512,-0.0105360971272148,-0.10737521638683181,-0.18142160502331076,-0.21859413090814184,-0.22993215408643403,-0.23731483264523875,-0.24462881299126982,-0.2557954762091972,-0.27553569880789613,-0.30128930915266744,-0.34684228433255043,-0.4269217079100196,-0.5288062076272229,-0.5893603340966436,-0.5925363406638782,-0.568363700743472,-0.5299446467024401,-0.4831533328492735,-0.45354847106394275,-0.4381879895225294,-0.4205627097559149,-0.36512672472161023,-0.2573233802021629,-0.14415014950059546,-0.07649393776789855,-0.061322560482410644,-0.07673436139988454,-0.09324488517991804,-0.09648290428443208,-0.09253907602287173,-0.09223225498331168,-0.11492828101818699,-0.16855833787282593,-0.21870154488551294,-0.24354941791933502,-0.22396431858182736,-0.16225334112031295,-0.07672894739247656,0.016137508086341245,0.09731846748223344,0.14649605227454007,0.16742843766491475,0.17284232946537603,0.1762509081405575,0.18739814106123495,0.2166305027779715,0.26123384743273315,0.30202932564225243,0.32393270171341576,0.3195043224381888,0.2935727245695266,0.2578140583419259,0.2271771581514827,0.2131688440098203,0.2233967768944439,0.24693743658474887,0.2573702390251916,0.24457163768809798,0.2234148298840806,0.2042990873725862,0.19275239112706233,0.1833843680726374,0.17050697583449742,0.15435666007144055,0.141582380392838,0.1413058355651916,0.1599704390232563,0.18518890354870587,0.19919944627514083,0.2054216619040917,0.20723040464580703,0.19303660159619004,0.16445071082461973,0.136624211913106,0.13206430822703,0.14640550750318224,0.15537501619169852,0.14406710676563403,0.10983779186221874,0.0688386055458366,0.034142753947671814,0.007642520661879073,-0.02290053089354765,-0.0828034767863996,-0.17115852860334055,-0.24105067224833063,-0.28538732180930004,-0.3189850411579844,-0.35424763287988653,-0.39949510687411527,-0.46640475072485343,-0.5611362757623293,-0.6670526849855289,-0.669037137014139,-0.5127441081795874,-0.34009945265928265,-0.21591616105632824,-0.13659369527328571,-0.08613688511055473,-0.05891030294394463,-0.04900007309124896,-0.052321603084488015,-0.04976312232838572,-0.034965837373646905,-0.018717929748528896,-0.00816748975036197,-0.003786633266607057,-0.0017800390188300022,0.0032788279101612808,0.0065834361029971115,0.0054365841473663105,0.0007731173046156395,-0.004266272552299056,-0.0009698011002674448,0.014454521923895904,0.032167140541742766,0.03273733985060615,0.013786274323807118,-0.0066259869975563305,-0.024079582354225942,-0.039804323594092576,-0.05143110776183922,-0.05353751216231139,-0.041685892601650974,-0.023327238382308393,-0.006416673636395779,0.007891494268012002,0.027397759375348923,0.0634567632704063,0.12184323808517983,0.19862379539199068,0.29176057251316023,0.40015030524016076,0.5090507797711633,0.5949615560362119,0.6081539826805619,0.5276494192552202,0.4299728581533114,0.37240574704543056,0.3471282852345266,0.35068506625332596,0.3686707581354151,0.39164350385450175,0.39546781551255294,0.3755057879506669,0.34301993092596356,0.31334891275633164,0.28264418006684666,0.24943393579438508,0.21363510715069542,0.18170579969892062,0.16663032719089962,0.16151383527560698,0.1633664253292214,0.16516964679339183,0.16323354610606777,0.15345654335617212,0.1307524133399371,0.09581034264322412,0.05344633028283163,0.008695103260163936,-0.03341541508315364,-0.07302747386502872,-0.11468058326589467,-0.16964701957187475,-0.24816946400886225,-0.3471483949664146,-0.4476000700366772,-0.5279030267352101,-0.5706577686606518,-0.5742046174268249,-0.5446643368976707,-0.5067999784877266,-0.4797932648210798,-0.45039711067669946,-0.4132589963733367,-0.3814782675872322,-0.35696917451985277,-0.34311642180928936,-0.3372268146487619,-0.3356092486490505,-0.3338174375050373,-0.32923937123904345,-0.32021799990635175,-0.2984334083868021,-0.257508738672531,-0.2018590226721496,-0.14534053629230212,-0.10525584491677811,-0.08750668065880737,-0.08456213564530271,-0.06800128000939991,-0.028588416001542112,0.02800817983231466,0.05169760878286129,0.01995287391623835,-0.027490306820215367,-0.04150933373521713,-0.0022301363219289563,0.08665469319804904,0.18095634899402432,0.25744186873189817,0.3036838080685632,0.3272407451961591,0.3378924522544786,0.352874798487568,0.3748385952235735,0.4042771887071689,0.43768216772497526,0.47425049038672773,0.5019130016730102,0.49920368290190326,0.45372833648838107,0.39223538856936085,0.3506702532301391,0.3463336987119138,0.372122206597963,0.40998552579944764,0.44596163974661407,0.47277772368897486,0.4824033333539962,0.46868342059903306,0.4270251587914947,0.37455664686416373,0.3303562383339586,0.3034498040942759,0.290352825060825,0.28158740259562487,0.27470225323321346,0.257918993437193,0.20113330972054697,0.12341130282879774,0.04931823369469077,-0.00973984461598519,-0.04927495670845591,-0.08264282521700839,-0.11126721030699416,-0.13440252195596836,-0.15204353653443423,-0.16401910955386,-0.17737720662957385,-0.19514700796865828,-0.21697927886453056,-0.23209454718008185,-0.23036142020771888,-0.21872721693692135,-0.20511290032046178,-0.19278508986907936,-0.17972165270703763,-0.16399895344901674,-0.14852837925220805,-0.15190786268473555,-0.17838956823294438,-0.2279889955005082,-0.2929654369922709,-0.36866570418643296,-0.4455781452042014,-0.49695316635213593,-0.5137360098661572,-0.5027307100702524,-0.4628238128904917,-0.3777228764258203,-0.26959316685349005,-0.18790261048951923,-0.15124517671278903,-0.14135050556403625,-0.14184523667685378,-0.137902271014836,-0.1239959268870763,-0.1130334110879959,-0.10958542884718858,-0.10972221659412501,-0.11601079427053708,-0.1117582761299313,-0.0874659776616573,-0.04733767965959665,-0.001969691564068469,0.04106743188979696,0.07657834496734459,0.10190879130547044,0.11452940522396374,0.10645796327036477,0.08702104335030426,0.07888780689331927,0.09600044381610111,0.1361580063827288,0.1855131567836914,0.2311597450041553,0.26847755881090957,0.29577089501045983,0.3102918336837516,0.31141087827383324,0.29722148497317913,0.2712783583603163,0.24805367180253546,0.2566549285393136,0.3114121727741426,0.39388454392577404,0.4999848696377663,0.6302292567763581,0.7469431623755705,0.730368480749735,0.5856638052763856,0.46101973729719015,0.3739440003865987,0.30925136805944037,0.25732798957014996,0.20801750882014883,0.16259342957763726,0.1426876981128436,0.14771736087049422,0.15201029887274833,0.13970144475770252,0.11400126227193692,0.08706495640765947,0.05514854694327675,0.01841811109302369,-0.019098575015927967,-0.05832134476929224,-0.09418760521536863,-0.11995500219700193,-0.14644940245909935,-0.18528022400241004,-0.2363652224284915,-0.28002120224328353,-0.3037233159986308,-0.3121907879803825,-0.30482265336395425,-0.29209302998645237,-0.2847185120439153,-0.2840386311591112,-0.285702720539021,-0.2618757575164538,-0.21624191670164447,-0.1705620267594444,-0.13017115350267938,-0.09096131911938253,-0.05559266503539396,-0.02007482683165586,0.009118677198078674,0.02383355866542143,0.02527301028044607,0.019853262067721273,0.012793047815684175,0.003913760757399361,-0.007119026714639922,-0.010516289094201835,0.0037772220979475682,0.02751683431150106,0.05489445968227659,0.07512155459951043,0.09445191976418282,0.10589134410322489,0.09836142210930823,0.06857735264512822,0.024326734111399146,-0.015661764677304967,-0.0453175356621425,-0.06701220303819452,-0.08417913765186195,-0.10297061881217506,-0.13388749701827213,-0.15906052851052824,-0.174159861441506,-0.18915568841597413,-0.1984926729944603,-0.1930441411109165,-0.16887887124940934,-0.12372155012639882,-0.05946635031175969,0.011412693492811918,0.06613691398815748,0.08170664809004125,0.056305634388034674,0.012290795258991466,-0.03420067295779548,-0.07125153459778963,-0.09430737074082676,-0.10829662955275839,-0.12071734299822613,-0.1390404788661481,-0.15829914117573055,-0.1645133101567423,-0.15256588245914163,-0.12863174242375272,-0.09705292194554999,-0.06820462096605924,-0.04760559228932014,-0.03628862554363222,-0.023665644888837253,0.00857818112982205,0.08254217144654735,0.1883597596301393,0.27734679998825534,0.31925053451023266,0.32543704121421785,0.30919383885698715,0.28396837088742294,0.25600963118872067,0.22353741626048804,0.18383229615950036,0.14361426410774664,0.10899756546283182,0.08589999637195708,0.07241971838378192,0.06467763029041369,0.0710137078723094,0.09252354498289035,0.12645322020457603,0.16296618023926565,0.17731461853282127,0.15988538004246874,0.13315784724679183,0.12399185365830315,0.14584949688782525,0.18462544676160006,0.2187498166078153,0.23515888215025132,0.229305098975133,0.19295536734873667,0.13091101548843873,0.07290529123650395,0.037576862684351085,0.01429837755980217,-0.0020319391207371776,-0.011889242968674147,-0.016388876469016555,-0.01398576062018586,-0.004947878538034686,0.01041435424946603,0.02850903937264086,0.04707467481225175,0.06288045128089453,0.07483163101372577,0.07529236387321146,0.05972338449711268,0.04169734454426681,0.03328239122437756,0.031939845108848654,0.039080940803508254,0.055761360441545185,0.08268272917730184,0.11071933104255385,0.13049080493733295,0.13696695495594924,0.1279631376688582,0.09880464415314796,0.03226405465077829,-0.07692498363555432,-0.193956170814045,-0.25745161271204775,-0.22340866139917165,-0.11425389081920989,-0.01244784439159414,0.04842288867875218,0.07752427364188286,0.07664918590647973,0.06286935786478177,0.04962937903703814,0.03956741513404653,0.04434292252104572,0.08566365093379977,0.16360483518804683,0.23219914138002884,0.2574236921736011,0.24716446840289133,0.2181233053590149,0.18530538703231328,0.15426524604816805,0.12978141274531504,0.10861067704993645,0.08504407219090476,0.059418422358006776,0.032286120133140986,0.01065202753483094,-0.0018830536206839435,0.0074069403415249315,0.03495099179323504,0.055059785202000326,0.03117139477327665,-0.023681187303428185,-0.0869208972930937,-0.14922020103311326,-0.20521580694307787,-0.2490108992923618,-0.27851744119287386,-0.28851934529768014,-0.2791519826207234,-0.25831338283290817,-0.24017746249713587,-0.23185018915303382,-0.23185827891900032,-0.24434466099019,-0.27445478521999744,-0.3214334151441632,-0.3650223200616598,-0.38607678073022095,-0.38230202858417817,-0.38091310225528574,-0.3878521541815557,-0.40551002940023717,-0.4078544969249933,-0.3873184933363778,-0.3484911717891009,-0.29806206645242406,-0.24131643652262444,-0.19037175862009784,-0.1511145020572792,-0.12356664124922605,-0.10060188174463291,-0.07870635614812337,-0.05516675623359922,-0.03358365974386191,-0.020502575395689594,-0.006804737732105905,0.015354566813562934,0.04827161767789525,0.08686082489941982,0.13018267086770138,0.17753221873206565,0.2244776475136405,0.264935708426713,0.2974081225277599,0.3226713548988103,0.34043207684968163,0.35055385602162636,0.3547973402942426,0.3562822944568282,0.3539202269530775,0.3458050165400934,0.3340800653548581,0.31692596589977984,0.29024562456692277,0.24795257317536382,0.1961821817100344,0.1597168510619284,0.15792314647300926,0.1896569912547743,0.2335762512844245,0.25945727565192594,0.24862154387645277,0.20516614181402773,0.14149856012788303,0.07359959371289974,0.012029995967264968,-0.04150650211626618,-0.08000871007038046,-0.1003246889178795,-0.10258482827937496,-0.08427906603742687,-0.038634963355050254,0.025116637643582043,0.08016918321413592,0.11733535955335911,0.14208542182403772,0.15634887044623993,0.15692374657228703,0.1454533841601693,0.12607172486145396,0.11087277816590975,0.10625374881487519,0.11151973880913198,0.11726777218824776,0.11592576293872692,0.10063709798436432,0.06661180637892336,0.01518947930723909,-0.04195535321537563,-0.09802413880674954,-0.15726840274004966,-0.2149771561030512,-0.2550559065932579,-0.2733676759536254,-0.2802548095688178,-0.27970094156806213,-0.2735245429427233,-0.2662646423849576,-0.2612978377373579,-0.2579051599547302,-0.2537653873667158,-0.24245154710211644,-0.21564342482275037,-0.1754701949423785,-0.13355749162991815,-0.10091494332742822,-0.07334919564068106,-0.044610653670779536,-0.007332895714208447,0.02128770490066133,-0.0034734492361337406,-0.11720478954266131,-0.3023139953689059,-0.45423621595329755,-0.5085600993219629,-0.49134503398946794,-0.43078507068749483,-0.3375239408365572,-0.2203604942875924,-0.11403622686513047,-0.025849950129108505,0.06797274751619407,0.19264234057947432,0.3484372442278556,0.5056688082536083,0.6018523257927222,0.6461359630357247,0.6527417105832672,0.627657259721721,0.5783692745332689,0.5218578180168246,0.47900858530434776,0.45155278204421395,0.42550573077801723,0.39331995868396524,0.35274451904115195,0.308758296586742,0.2706612419755018,0.2479247931433066,0.24158531733227268,0.25005260072381275,0.27310393885780715,0.3143442835726451,0.3764644285171958,0.47026529391669175,0.5926010596151411,0.6513869939670094,0.5857603889585251,0.5035943159810023,0.43916321721159374,0.38448771168890944,0.3278664748179402,0.2730068227129398,0.22062812845042276,0.18208071308050716,0.16934358606681207,0.1697933352258425,0.16880803258848223,0.14998957606654076,0.11204941220905514,0.062478373264184234,0.011814367263584667,-0.03417594200974508,-0.07023475012386374,-0.10155725213069171,-0.13663283666626536,-0.1755397683434692,-0.21622460883154493,-0.25665355944299756,-0.3026158490008852,-0.35874528843863185,-0.418877710516648,-0.47822918801458625,-0.513466537832977,-0.5207001473639499,-0.5036592480137492,-0.47766149393392765,-0.46400593849527455,-0.4718138647561601,-0.5012133757381612,-0.5592537210247015,-0.6306150563714613,-0.6614324545691481,-0.614391425497025,-0.5013632994894488,-0.3710996617743499,-0.2607290858983531,-0.17874986938756748,-0.1191072643948101,-0.08189069138203331,-0.07121890200157212,-0.08463954055025258,-0.10757347954433458,-0.1199119186364727,-0.1134423012930772,-0.09002422212453681,-0.06580915005828322,-0.04125861763369451,-0.019921802690840377,-0.000666133717176378,0.012437472336021405,0.025020384004674424,0.041850625510788116,0.06342924545606252,0.0798825949223962,0.11228866769800466,0.15232229968489824,0.19362725766468838,0.23885088596282644,0.2592718521675418,0.21822479465038766,0.16034930779341972,0.13950311920793865,0.1685298032123385,0.23261444234248752,0.30957926837736316,0.3794010368011753,0.40090084603150017,0.388838561748127,0.3829880180851646,0.36419843129152385,0.3116924808954549,0.23271375659713295,0.15336266350465488,0.10415899044792526,0.09395828150836913,0.10164768661158252,0.10114954056207866,0.08370511556761406,0.05283697104034805,0.020675839807935373,-0.006237536236221049,-0.013487405516659352,-0.005141296780939657,0.00028703536027200525,-0.013502740252769778,-0.03326801239438387,-0.044579731151037416,-0.0421365992155139,-0.027644747836292023,-0.012003769366672011,0.0025396765926618305,0.006930634983862169,-0.016914124673776662,-0.06670913630996768,-0.11737208468819212,-0.15688296292546644,-0.18875077987840214,-0.21351841381670525,-0.23077676889528326,-0.25368675313143724,-0.2876290006602427,-0.310240059276449,-0.30255746451802945,-0.2692895695856013,-0.23601982325898704,-0.2159069534227773,-0.20780578295628008,-0.2136056720418742,-0.2395565759804334,-0.28916215382835314,-0.3427835176412407,-0.37540222413927127,-0.3856286360854742,-0.3835773025949744,-0.3772975923850763,-0.36683195694972115,-0.3421126868085613,-0.29690442601997263,-0.22590821863911037,-0.13637910568301573,-0.041114212630850314,0.03988180114268846,0.09597572456881602,0.12870319100478922,0.14490959300871625,0.14974555486738989,0.1464598053461529,0.14550805072891596,0.15503103372795585,0.17109677758575303,0.19859362517357715,0.23573583464522696,0.27915825506078623,0.3201835385636311,0.3504299650944932,0.3668678193821869,0.3709461329887654,0.36541697720171556,0.3577643547408557,0.352451512110297,0.35704016438586644,0.37314376957547823,0.3933500437407579,0.40861461511121944,0.40617063650671104,0.38484789543611564,0.36098242241830664,0.34700789567118395,0.3433020240996905,0.3397268663181702,0.3382516607420793,0.3425889890073953,0.353308401513385,0.37178820952211433,0.4022418317407161,0.43467261442911964,0.45586260987993915,0.44999038492758253,0.4182778875111381,0.36175997247600505,0.28934854089885126,0.20780210216317796,0.1274406894033299,0.06270627241790318,0.01873645869258923,-0.01631721877466541,-0.06567150384889778,-0.13960084005158757,-0.2241672715051334,-0.29651827328074537,-0.3456579213065589,-0.3817173058721394,-0.4229755690411,-0.47682704471576526,-0.5397811943647576,-0.5933202492806071,-0.6015251756674788,-0.5693816220822152,-0.5328073994782676,-0.49568308837088715,-0.4555505360024444,-0.41390046285224497,-0.36900795123024555,-0.3256066680814688,-0.28621205694709867,-0.2509082056677312,-0.22110409026022132,-0.20818169867325864,-0.21407917741257673,-0.2369138353680452,-0.2707533012234279,-0.3051139643599503,-0.3312562658470211,-0.3468964035009064,-0.3612810573301951,-0.3777189370850011,-0.3827004243108729,-0.3376005267366977,-0.2618111140252942,-0.1996276010957066,-0.14716992776519927,-0.09732691905946471,-0.04399301948493725,0.008081163646266518,0.045437432238678535,0.056707123985792515,0.06398259536154353,0.09367305108893192,0.16108954855453506,0.2552792528902538,0.33417393897430453,0.3692443889774947,0.3746896819317484,0.37931270744436557,0.3975393281393416,0.4041652234176385,0.37720084914864954,0.3872491014201428,0.4402313023246606,0.4972508868494683,0.5245694187418374,0.5256069213891092,0.5176383674118262,0.505259461546302,0.49052142375871777,0.4921523622363982,0.5254073485579432,0.5950885450870135,0.6941474301329017,0.7604532090409616,0.6656414417716219,0.4620716293885735,0.29596790115930033,0.18666844644419156,0.12509125033172222,0.09073428718686871,0.06545523418223491,0.03373463485300248,-0.009106424963497178,-0.05955682557069747,-0.11013236600612025,-0.14543780321332253,-0.1660626193415852,-0.17293528517097292,-0.1727714548350755,-0.1644223808010567,-0.14972713729828824,-0.146546626820916,-0.16956306645297167,-0.20096305369712783,-0.2192568159003419,-0.202058569150914,-0.16803805858448545,-0.13649090943528558,-0.1199199733970812,-0.11447918437949897,-0.11475643859803558,-0.12537352548048555,-0.1555204805169075,-0.21956092830963067,-0.32065852044767734,-0.45497470802664175,-0.6013842527891763,-0.7102719937777369,-0.686269571249087,-0.5388119651707438,-0.40301648957938563,-0.32352307142592923,-0.2860221401674525,-0.27709085952075296,-0.2784300235897396,-0.24939148028615093,-0.14098775859859825,-0.022440802740267003,0.04637965041770353,0.08311155990336277,0.10924196606972403,0.13801465675684543,0.16592608832708539,0.18416341069625436,0.19077454894612153,0.18903113478210423,0.18236998426090187,0.17535776429443384,0.18002427107539104,0.19463904009632618,0.20645754579482706,0.21090455168425143,0.2111684825635896,0.21650106133935187,0.2301201879464876,0.23668209366027146,0.22525475876388842,0.18728175373135306,0.13176283293441823,0.08347982618563174,0.04958411469236585,0.033680173886762414,0.03337925556524114,0.05543888961787206,0.10454828622235636,0.15965360290632932,0.19056646921431097,0.20866974986609332,0.22579044035836796,0.263375829481099,0.36765665120845126,0.5676077129045399,0.6692380731186337,0.5187414517002341,0.39266482802506186,0.3247913274675555,0.2931901424940616,0.2805731435742274,0.2719440052055002,0.2638478867184975,0.25681619231729325,0.25249583674070875,0.24470743609175016,0.22153499766674295,0.18344705928046065,0.12861580341971973,0.07408819144470985,0.027864675702916092,-0.00843712752200623,-0.03345316568277898,-0.04395295112778785,-0.034246977977407125,-0.018641576238697884,-0.011864366354615692,-0.019847385887848047,-0.04100745250102116,-0.0683506896423047,-0.10137532194824464,-0.1456747532063352,-0.1987952513774396,-0.25950633852446725,-0.3280080649420674,-0.40635693468352946,-0.4717994499562558,-0.49743938678343874,-0.48820117512237315,-0.46122226415222595,-0.43882471781412813,-0.4245379712857635,-0.40752781656925036,-0.3818775907444976,-0.3448231584745341,-0.29503628108913216,-0.2446888132962822,-0.20391564878360852,-0.1738892934961786,-0.1586188882448846,-0.15927941378367158,-0.17717148648873454,-0.20856521536322678,-0.24361484825483157,-0.2751592780193061,-0.30252049606976106,-0.32112761776121457,-0.3067886135448134,-0.24101642042652519,-0.14823993703647861,-0.05690339983789255,0.03988540329328624,0.13087504114792745,0.19006909454737808,0.21290195239449802,0.20430875391736136,0.185935066793231,0.1745300527918483,0.16794182759653484,0.16127156604829376,0.1663709807445159,0.17950873989554658,0.1914160558145849,0.20613013479319148,0.22758947222209355,0.2501470693811973,0.2706062270511221,0.29425463187909817,0.326776835364295,0.3686430417671199,0.41621294832087397,0.4597076869025151,0.4992833430198345,0.5368541890026103,0.5735774376916567,0.5985369570967823,0.6013538418521307,0.583921153378877,0.5588312463025679,0.5307322246869791,0.5042184951723931,0.46512799282221917,0.4125725443651681,0.3646252189979508,0.3244390618471007,0.29109121853666403,0.2600876004459471,0.2309532258273395,0.20891887002715076,0.19827315264056763,0.19385224151078959,0.18671016367980367,0.17134258266416463,0.1378755715275609,0.08723797556134412,0.03678121013534595,-0.0001891324488926272,-0.020490608126196647,-0.037722071181833496,-0.0630648980093198,-0.10253120641745686,-0.13735519661000598,-0.15857629071088222,-0.16427222175325765,-0.18171629130330874,-0.21455787100766893,-0.26908927190903287,-0.32225202030666605,-0.3559491158796084,-0.35637393590327426,-0.3487013963718991,-0.3523372132669668,-0.3804014332276567,-0.4425037913735419,-0.5253959121917273,-0.5956952166089733,-0.6176548655533226,-0.6081635352682375,-0.580663145348402,-0.5383752659402741,-0.4832506218348375,-0.41599627087448204,-0.3498423446802295,-0.2998162102543666,-0.26637434514423697,-0.24896833939330115,-0.24999060266544534,-0.2569936612205657,-0.2528227555766743,-0.22657530518822724,-0.18289658865178607,-0.12265245483480276,-0.05374753166568877,0.004107946265914031,0.04698387046110862,0.07533072143858321,0.09670649897993226,0.12322515811860374,0.16229009666775968,0.21219275787311948,0.25471628509446853,0.27578206051146814,0.28114682887400766,0.2862381017589492,0.29623877968285156,0.3151260459545056,0.33843348857653094,0.3564264302597908,0.3579769182583577,0.3483853824254654,0.3644435840188287,0.4536227663729996,0.5802992569579769,0.5345020084258344,0.3994841883561043,0.32408157423767964,0.2984801709633605,0.3020225599654979,0.3128299038557012,0.31818397784701097,0.3266958511797457,0.34142856035249425,0.35217301258410283,0.3501374541788567,0.3324424436411069,0.3065649634355679,0.2774432422016632,0.24271622486530725,0.19968837659630823,0.1598927960088039,0.1259952557735578,0.09869874449801305,0.08478348313884154,0.08060804774297023,0.06864563627479375,0.04060694457870257,0.006980636148269862,-0.03304693706847529,-0.09022235462255836,-0.17197852031195413,-0.2561776701061467,-0.3229036048165461,-0.37061974382977314,-0.41504649884903627,-0.4466055012262665,-0.44446127702603627,-0.4050290003137443,-0.36743279233359943,-0.37156751434705715,-0.4296891867975432,-0.5529705316088723,-0.6985116458740477,-0.7818167169243134,-0.7937520911532068,-0.7585989896405221,-0.7259419931640617,-0.7162239205537794,-0.6913175806914296,-0.6022076447923216,-0.4607696031515629,-0.33024967638743036,-0.2355707710856553,-0.17204206342243086,-0.13034794852523254,-0.10956677438894961,-0.09607691340222868,-0.07597656810543196,-0.04726876911452859,-0.0046772333268867775,0.04519428977476235,0.10045890924142764,0.15429266165118347,0.1915678618825101,0.20793380960430038,0.217421656761222,0.2426802163891702,0.29144660577775827,0.3486846675777303,0.40316640552637967,0.43906101060378716,0.4451348012457587,0.39825820908879206,0.298476571438633,0.18118519289373622,0.08530502898783884,0.018745351904582812,-0.01891668272927801,-0.031392082370832707,-0.030161740030068968,-0.02458611606044781,-0.010663687747473297,0.021908717447244094,0.0687307593400804,0.12520410993117775,0.19070219421356743,0.268818303449762,0.35979956596125884,0.4698168808791284,0.5896334950131744,0.6859175034763639,0.5989610095971168,0.3988713867289623,0.2826071486125441,0.2392841701546053,0.22310606628193558,0.20386469200786073,0.17764143430539653,0.15488159751662445,0.13622219109183992,0.11813317701040055,0.09719287353460886,0.07527860446270798,0.06148031371520106,0.06158454717162685,0.06620231649598303,0.06431662849065534,0.04499347150225488,0.010308321893955318,-0.028015125024541798,-0.06493200130651673,-0.09993541417035835,-0.13419696408430024,-0.16760975162179437,-0.19883740558775248,-0.22190286954026925,-0.23364939491872505,-0.23795022501816554,-0.24666305739639033,-0.28258895885655116,-0.3444714791054636,-0.33765634508731246,-0.2479474704976341,-0.1795847654133694,-0.14545722242690654,-0.13177400177801443,-0.12664425395304302,-0.1265552508986282,-0.13122410852003763,-0.14827883193868913,-0.17455799309951267,-0.20259012276636595,-0.22465970960769513,-0.23682031776556053,-0.23499173183446787,-0.20869630698206582,-0.161349565804023,-0.10171667893135078,-0.035782523127654696,0.003232727398164882,0.0063633349409618215,-0.004822600011994126,-0.007531412856518725,0.007927628448544506,0.03795050323936382,0.07367449598328729,0.09920374085934212,0.11942166998769903,0.1466139619768458,0.18845515325561782,0.24302511225417608,0.2970195478337056,0.33434434300964727,0.3507314032948199,0.3608297476195841,0.38337434833802975,0.4130945005876004,0.44778096178840343,0.49183222198427806,0.5553492591633403,0.6349426177213119,0.7024672803444724,0.752384487833259,0.7982526171666412,0.8354173809147801,0.8218033023577832,0.742975810317502,0.6251368380263667,0.5046851606596509,0.4098307727408856,0.3533071917278047,0.32496651653457037,0.3077593137206088,0.29188121936982947,0.26868951309647193,0.23007653703147804,0.17450800762297142,0.10959073723691781,0.043846953889185976,-0.010553909280818171,-0.04816356930567059,-0.06974786696832433,-0.08132038082981415,-0.08402907060297811,-0.07919257009045667,-0.06882795040201573,-0.07301202551038119,-0.10411418221731114,-0.15700871460176144,-0.2072644483808361,-0.22672891778373705,-0.21499174720794792,-0.1893950385644112,-0.16832421519689,-0.16935570911091444,-0.2101184232823705,-0.2939287398228336,-0.3967500964316889,-0.45915601123876254,-0.47242985715405833,-0.46496580269328425,-0.4598142862279167,-0.4716391447234683,-0.4903052202421864,-0.5037341108743265,-0.49927326416270906,-0.5064635577972427,-0.5523454026226579,-0.6115957079037743,-0.6382759635384947,-0.6123724628171507,-0.5441324419993375,-0.4638976115515209,-0.3852490746743718,-0.3206209259737478,-0.26387115302692565,-0.22370374513656746,-0.19715474831080415,-0.18021435626933424,-0.167019337136651,-0.15989324946840347,-0.15957106748486563,-0.16407426965919233,-0.16958689920854317,-0.16483132583267202,-0.146620632177293,-0.11965780044379075,-0.0907616936067218,-0.053149170551784974,-0.014287347698436582,0.02437073888246062,0.05671462193144643,0.07838174599952348,0.10534361036651783,0.14386753329170587,0.19997751697711136,0.26234376630217365,0.32901631658559577,0.3943811229460691,0.44628523466704906,0.46312312769252606,0.45514377746544343,0.4373841331230191,0.4240698812486786,0.42616472320910653,0.4492419075734684,0.48955496572314255,0.520595648544143,0.5062722959807592,0.44188550085065015,0.34440228149192254,0.24132269415108762,0.1595178052951845,0.10916266789802696,0.07890175966452595,0.05457406321624332,0.0313778245307086,0.020663828241598927,0.026823301242104972,0.04966656710415992,0.09151278642871812,0.14369271366286687,0.19267537457128098,0.2201758585293814,0.21194452002728215,0.1739535491017532,0.1324617183982925,0.1101460455538629,0.11102229191233196,0.12657606521228376,0.1306359570115581,0.11587430634357856,0.08314735002666433,0.047384813249010796,0.02115769913857548,0.01339240488823281,0.025500351022940106,0.03899418999787471,0.03890617256578588,0.0005009119890471734,-0.060914858660838136,-0.12204378224301539,-0.17909720006301755,-0.2334110761766402,-0.2829003890432974,-0.3069733223619709,-0.28173563179349936,-0.2277510394975986,-0.17655248480834612,-0.15507743448777264,-0.1591624157048394,-0.17316917667487852,-0.1897608249188907,-0.19685323354217857,-0.18621886518753006,-0.1547637332653625,-0.11800009371504169,-0.0837863490775464,-0.055775192835824355,-0.04536625310866599,-0.05120956901936174,-0.06121655335186929,-0.054242555612647285,-0.032713063296652314,0.009466383162978974,0.06970750609925143,0.13632220690766195,0.18905207228316684,0.22418760901291787,0.25185490605152877,0.2705781308048791,0.2922942687174828,0.32198903267889395,0.3586621073116068,0.4155044685606777,0.50002729877622,0.5917802980913096,0.6690355820237329,0.7218785616871,0.7535501067115356,0.777899222503102,0.8054552118340641,0.834169881004414,0.8467333960802608,0.8351638314101567,0.7932543513928626,0.7198557103931986,0.6141065551440202,0.4810335555048175,0.3106918067236293,0.11770432471993028,-0.02728652380696035,-0.07763780793525045,-0.06198659713001269,-0.02631522464721464,-0.005129165914249236,-0.006250320612132164,-0.014040549982341497,-0.01775959243113448,-0.012448175021266019,0.00017611595761445831,0.013515308789980867,0.02314173785060195,0.03242210119147729,0.046024845213027514,0.059469650298943126,0.06183574767699661,0.03027779648327162,-0.03762971369153389,-0.12707761914954474,-0.2141593322027888,-0.27191598775898523,-0.29991889740720307,-0.2958899052559889,-0.2720433866396863,-0.2411774566674869,-0.2080898054857393,-0.18950502708676162,-0.19667982572850068,-0.2333027164641302,-0.32583190951217006,-0.5019956868252847,-0.5125891778241211,-0.43233352039601086,-0.3986333740492088,-0.3923975186815524,-0.39024352121266026,-0.3851983133885516,-0.38086153041471704,-0.37035549262431156,-0.3515832476819936,-0.329058776026913,-0.3109993788070865,-0.2974240912108077,-0.2869102778875796,-0.27398759061887934,-0.2591147866894902,-0.24856121864868175,-0.24572719225685477,-0.24702610718603565,-0.25101168466427626,-0.2571241339629072,-0.26610401984038823,-0.26438012562758084,-0.24669192458134506,-0.21842738623474336,-0.18455389989842444,-0.15521752629858493,-0.12781369331003722,-0.08708399273275809,-0.055263901561041225,-0.03225053833394111,-0.005979633350909331,0.03732244084121864,0.11117209685917893,0.22088616755030996,0.3305518396498414,0.39959591482447526,0.4280075545060209,0.43286276205722496,0.4253542541057289,0.4094613642533908,0.382677245345223,0.34301700100793653,0.30329298243151626,0.27635781968465045,0.27346304767855467,0.2854971975913286,0.2954535652814866,0.2912644789381098,0.2744903176461695,0.2503290206697055,0.23016929662880825,0.22139397554261664,0.2161959677128153,0.1934604503744449,0.1480716571993698,0.09472560317252178,0.05137460460148446,0.026552959062035374,0.015590235498578364,0.01240752748404835,0.009443321760407245,0.0044341956644682766,0.004122277767020113,0.007550308637545784,0.0174560579225226,0.04182570228571544,0.0878413800580665,0.14675430499642203,0.19577242994856994,0.22762961311766958,0.24821443771783858,0.26476067937950437,0.2694766672814443,0.24732776062589354,0.20839119113264543,0.1621726088315374,0.11792080397261662,0.08584796658239857,0.07121180271418184,0.07109829370951745,0.07754559983067182,0.09254008074331058,0.10544780044546465,0.09611334713781632,0.058097999205186095,0.0017830184178672661,-0.03968690374312908,-0.057402959576094786,-0.05650290315405081,-0.0456358038519228,-0.03948942359988197,-0.04358065133574837,-0.05582461487834994,-0.06794663035349702,-0.06032488751381959,-0.02797545252657691,0.016499777805899497,0.047877826739265945,0.05910322510794425,0.06103268847440626,0.06687972048174871,0.09494635820436015,0.1423636411914646,0.18937748732810342,0.22098010741740068,0.23953347769927513,0.2497982324960437,0.24945188809382007,0.24264220086985605,0.23882677975662847,0.2517710866653017,0.28293107787260413,0.33473684531534903,0.41385499213939725,0.5082693778704405,0.5742065515236758,0.589990359606891,0.5621565581324055,0.5055518126500922,0.4450200333353031,0.39003534779729565,0.34070736628464743,0.2756642440393173,0.2215756272520542,0.1866576611823869,0.16219195608428788,0.1548870736658352,0.16336895813089952,0.18311385073516095,0.1920125123658075,0.15959499199393942,0.09261181350069653,0.00994369503028454,-0.06790237646145267,-0.12265428162026228,-0.15284968527066864,-0.16800312967201658,-0.17320429315533298,-0.17263462462042067,-0.17193301245817552,-0.168500373799137,-0.16431480408657015,-0.16180515682562213,-0.16621683894825137,-0.17676203270156804,-0.1938537956492491,-0.22397166725106166,-0.275959358133201,-0.33824295543602173,-0.3770850817299267,-0.39559973950001515,-0.4078407270309578,-0.4165681268304682,-0.4179463315880529,-0.40529777043287135,-0.39407365807952627,-0.41249944466699845,-0.4714216655263244,-0.5431139455561486,-0.5913283091771292,-0.6334224537228824,-0.7100821468907366,-0.8113156581831004,-0.7933921093251068,-0.6432186207150964,-0.5060232052945648,-0.40338858373111075,-0.32068634436293186,-0.24515315907308707,-0.17153084164978682,-0.10999297462688092,-0.06513897025169554,-0.03863733284605633,-0.02480880578481987,-0.01968731227074834,-0.0181675126085295,-0.0013083379604666248,0.029469109501806312,0.06788428244602096,0.10715537554233104,0.14831714550385,0.1915838090164912,0.22302476846471023,0.22866963345739252,0.2144898802127039,0.2085712091111553,0.22712621324044455,0.26202574038032883,0.30063723487957345,0.32806503604925663,0.33878364160833174,0.3362271803851331,0.3305687326594273,0.321122585524805,0.3023613200052853,0.2776115929247191,0.25406745537246817,0.23589398098741532,0.22462950599873835,0.22064713198888725,0.21963718272904265,0.21952507214524516,0.22444172693587358,0.24131486178707623,0.28281434001487754,0.3574332683075177,0.463241977191691,0.5490807535750457,0.5323620008719177,0.4383842728415602,0.3329749972669153,0.25498579436315844,0.21634978770156413,0.22207049813872926,0.2668353083869762,0.32219362873474283,0.3471202128976329,0.3298890302564088,0.2779945228518455,0.20943255686031392,0.148016953584101,0.1067771413855488,0.08313256369805279,0.06721661600994358,0.050701880514942226,0.032448373657249854,0.004027118208334828,-0.047162820181391375,-0.12726618957964086,-0.23392530626044225,-0.34571410983716955,-0.42323279427239535,-0.45510491553987903,-0.469039145487814,-0.4884041597298851,-0.5108163893688974,-0.5397343590162392,-0.5766512184941694,-0.6276186232360931,-0.6861411323873188,-0.7251583379165099,-0.7224245579636467,-0.6493271753075255,-0.4945811496406589,-0.38791371719761963,-0.35075941790058146,-0.3315254690022778,-0.2881896145773519,-0.21866162844166365,-0.14136946412389698,-0.09081652108773743,-0.06761151826781271,-0.055848839477438676,-0.04840687139364899,-0.04657505371253364,-0.05350898014237697,-0.06653737976654762,-0.07456448928141986,-0.07107368114898273,-0.05090541945941714,-0.0222215613609457,0.0069633140186572936,0.029229000693819666,0.03817027922404851,0.03718367910356872,0.044358960309916554,0.07676834051681865,0.12230577515118307,0.14843424110091413,0.13633224592482776,0.10589982890133375,0.08967683597091855,0.0947862741440983,0.12787029200260158,0.1798879678146655,0.24884358227541561,0.34441788668776613,0.462348592299145,0.5802570213022703,0.6508725569131552,0.6305158236906726,0.5313372005042357,0.41876215089480473,0.334213896382422,0.28191549138292776,0.25323994318640486,0.23234374387254822,0.20828480362695725,0.18762184333475804,0.17612488830321305,0.17659961109256886,0.17937240269539131,0.17291515664632026,0.1425182349246174,0.08793381092742113,0.02742124900361608,-0.03019745515501446,-0.08861305997724733,-0.1399222649772358,-0.18627929525150919,-0.22441804987763897,-0.2325506269179904,-0.21076286163823524,-0.1840398288243498,-0.1649810938666539,-0.1577765329228196,-0.15786186973073355,-0.16779618640040622,-0.18698014580521877,-0.22281647121382725,-0.2769829578703946,-0.3303346623412723,-0.3447843833104825,-0.30746480085855765,-0.22880142468654066,-0.16432706877454692,-0.1346833359512409,-0.14344129245552958,-0.16487700655924817,-0.1821433593468994,-0.18399681012586855,-0.18046894347869552,-0.18633122905133256,-0.20519575928271735,-0.22920853133010358,-0.2597924190689159,-0.3012109167194377,-0.35497027944299153,-0.4401410534862962,-0.5476303170022415,-0.6007013286355326,-0.5429067489074256,-0.4244520480718709,-0.3028225959768725,-0.19641469025252364,-0.11774812191647943,-0.06271681602297244,-0.026903359518891928,0.0009875584069530638,0.02651538331527352,0.05051017973280598,0.06826052317625753,0.08264773124520967,0.09872614392598053,0.11571840894678743,0.13050030255729328,0.1409699904004562,0.15401906319153785,0.16722744740854434,0.18195965303678666,0.18459990208552202,0.16803792103141174,0.13592979011097364,0.11991111065223155,0.13673803654224861,0.19327577431535542,0.2795225188314452,0.3689402340854874,0.4455907919488892,0.4917472110725836,0.5149691631267382,0.5346755864246894,0.5637332900878317,0.6046873360023196,0.6362835487287145,0.6300403179112148,0.5955017945136176,0.5594989090953761,0.544070027293838,0.5484740471153134,0.5496295873973627,0.5219352307593527,0.4547674982199716,0.3583420373440391,0.25815266774553264,0.19012734949168236,0.1553794694913146,0.13769021016791344,0.12455566126308426,0.10799488515169617,0.08521345663572193,0.05686518144660274,0.029714763007094747,0.014698104033459863,0.012980402859346584,0.011500605741181714,-0.002833228559104006,-0.029346984245646843,-0.06587003966943747,-0.0953386326522114,-0.10570184530341499,-0.09775745977401117,-0.08244862757463853,-0.0784248952520052,-0.10332692467460067,-0.15964962891465082,-0.24494778487798768,-0.32538970566750436,-0.35625461814837045,-0.30899462254167726,-0.2166395654048545,-0.1519549255531159,-0.14195606798418897,-0.17825550683684835,-0.22474796295456237,-0.2732807746958769,-0.32102649771741537,-0.3535798464330839,-0.350597829937048,-0.35802816805756177,-0.3888036000300742,-0.4236006317060348,-0.40154558595831685,-0.2910390388287613,-0.15712575364238998,-0.07495289444403752,-0.04540058232289873,-0.045109869155874935,-0.06669464539938444,-0.09722081964072597,-0.12511305118072127,-0.14269318568126665,-0.14582659761665248,-0.1367019791894326,-0.12334939084633918,-0.11202103681814596,-0.10404202830263796,-0.09476476642594046,-0.08229166997230757,-0.06254338682372204,-0.03397097452925754,0.0052647950458415355,0.0639134592740082,0.1328713538796747,0.19649697954275394,0.24346515013990846,0.2725162753062116,0.29339777708845194,0.3105023861178039,0.2807092199569445,0.22226986145868186,0.1857133353046017,0.17231316405548885,0.1566441680258951,0.1336136183723592,0.09625090678582128,0.044965154286641204,-0.005121371770335478,-0.03338493291867216,-0.025761995492123806,0.015751583223471526,0.073026982436711,0.12105799931787037,0.14931345913838123,0.16063761016222014,0.16447870808279627,0.1629176077567198,0.1492713739246208,0.12208353033142053,0.10078321416328961,0.09585686131691801,0.10603244070071426,0.12504950946825613,0.1452701431589494,0.16700750012208554,0.18444197853498762,0.1759755844138249,0.11363439526738771,0.010575345143427105,-0.08268979463620094,-0.13651201990587025,-0.15406521411502488,-0.14671440547559106,-0.13055235426446,-0.11528210155773816,-0.11640623779116685,-0.13681853390886678,-0.16410667976827023,-0.18696670554312594,-0.20044165578219778,-0.20934920548960304,-0.22114548712973287,-0.2306170744065167,-0.23635176887874002,-0.23963831606285316,-0.24062670631391975,-0.239943897529155,-0.23763533807962342,-0.22868497885140968,-0.2139648173973739,-0.19258747957908406,-0.15860752897133945,-0.12738368458041682,-0.10768839468052283,-0.09388421314075288,-0.07296544263786314,-0.03868591819145288,0.0003890382204242761,0.03903184640205577,0.060585396278348566,0.06799429052095544,0.08408938606723783,0.12725587946094966,0.18470896629876735,0.2413627688519455,0.2852326522231686,0.29695208725453404,0.279522299739624,0.25015149760598954,0.23814039944887494,0.24246991844649865,0.2545816799099187,0.2732711861383522,0.29917452409984524,0.3263750625305296,0.3640085137940082,0.4031322762993063,0.43628321666081027,0.4717441094520683,0.5295872301953383,0.5852692763326175,0.5868851036648441,0.5722400016833793,0.578851394754842,0.6093165081960227,0.660306923665585,0.686057616489979,0.6738450054193907,0.6388498906409835,0.5825297274025918,0.5150117158386719,0.4388215861850137,0.35842798667104037,0.27950589762344336,0.21275245261471523,0.17060467283985709,0.15521436617450934,0.15551306521003072,0.1492228351823344,0.1189873562070604,0.06032825403558978,-0.010434753102761924,-0.06967471511764776,-0.10710739362293319,-0.13394227684901466,-0.1553526228608876,-0.17536381000969864,-0.20541745964945937,-0.23932395570110504,-0.27320829058050156,-0.29850772418747273,-0.31063976456034553,-0.32296518446812333,-0.33634903720791837,-0.36586736787716123,-0.40570709072103184,-0.44375440851604,-0.457515991424181,-0.4357757382051068,-0.38637088299693373,-0.32949499496959345,-0.29563798749749537,-0.29943146167075013,-0.33751422595639463,-0.39006866387041117,-0.4350226438663784,-0.42376776208944583,-0.34999994298530634,-0.26469623258323766,-0.2066676782035786,-0.1718864549014682,-0.1528039580082131,-0.14432710777763907,-0.14252515732334317,-0.1510028973286497,-0.1647808711342148,-0.17271481622395918,-0.16282395799710955,-0.14091426164849125,-0.12000887788809134,-0.10677860957824437,-0.0975604138962231,-0.07943232093729566,-0.04998908812420204,-0.03009865177422985,-0.0365167480145461,-0.061773165548355276,-0.09073437562646158,-0.10873562816329566,-0.1079905413488429,-0.08325640918918467,-0.039903970756404644,0.012843039376597485,0.059622148256118515,0.09370931639589647,0.1105638011785143,0.10741436045415909,0.08831619052217904,0.06126752487332777,0.03654557975767219,0.02522451272539831,0.04061673577710299,0.09728516507953505,0.1917843814076738,0.2567916356386682,0.25730526238796064,0.22291367686057972,0.17951857695540757,0.14314146491769997,0.13532898736757124,0.16591554384769058,0.22855480715241724,0.29213854712879517,0.33748946047360295,0.35745625032206235,0.35939993919871177,0.3534660378407275,0.344625127092348,0.33288081992670215,0.3143374823627872,0.2874497942153064,0.2575783883484566,0.23404657887278504,0.2203825284219316,0.21204597827113605,0.20739904144619953,0.2079301161633614,0.21227015921596065,0.20877229963006974,0.1849355441122507,0.13997016904335582,0.07543827425203084,-0.012413291395021576,-0.12129370264233422,-0.23628951099047163,-0.3271341611230161,-0.39065496064744465,-0.43595041308346943,-0.47150622232058537,-0.5157063035909134,-0.5918360557060747,-0.7140053471280865,-0.8207954940307205,-0.7864711796727389,-0.6476398128261623,-0.5174251298623891,-0.4324487370881511,-0.3813919034085917,-0.34916080236182734,-0.3295080935668898,-0.3124278880791229,-0.2994115149208708,-0.2945362672410625,-0.29543213918363326,-0.2862679153870097,-0.25556675910310983,-0.20704050056068657,-0.14930270090463196,-0.09648491262856643,-0.05342295859260588,-0.027504648197704,-0.01846821687841196,-0.008276709317238711,0.011703313084603024,0.04636551934278999,0.07915991182437888,0.11299690889620297,0.1333121411754298,0.14401346731049533,0.16411545731182903,0.22368473089766003,0.3123390510965644,0.40070673402970075,0.4695292766624779,0.5358263251077938,0.5933576614821927,0.630394159186468,0.6380651247121017,0.5940397212693214,0.4499876439668518,0.24823732356107436,0.1167043792734049,0.07645281023899095,0.10099393474357497,0.17891621442447153,0.31122242323787863,0.5250263372422572,0.7587763347035859,0.8606707830176883,0.8594593905471185,0.8234507639560633,0.7699764104157418,0.6919638484651113,0.5782342091462703,0.44054867978006806,0.30686218842834934,0.1895473257750421,0.09768352400351932,0.037292916310731,0.008422296048587716,-0.003322586011676634,-0.010748360116715755,-0.020259008485489397,-0.03460984628417163,-0.050936029027256864,-0.06067516943044202,-0.062165607302305,-0.07076625669616449,-0.11100276623038921,-0.18496489524006252,-0.2589796598833183,-0.29912011601446004,-0.3061323614281624,-0.29898778444416585,-0.29511430540713907,-0.2997423582335797,-0.3345824674066097,-0.4180861860075408,-0.5225044300405974,-0.5995170271337823,-0.6462529920763255,-0.6801346276873758,-0.71735857707105,-0.7758373416638609,-0.8496188592650559,-0.8798317143122956,-0.8625801323687347,-0.8134707779768694,-0.7315587851784953,-0.6036175044875578,-0.4667809675578038,-0.36302679248438846,-0.29836565772203855,-0.25834832519448037,-0.22762972322615777,-0.196068560146191,-0.16002261848362764,-0.11793244404638129,-0.08166372598937133,-0.06769876856736766,-0.08084554582442678,-0.1093212996862655,-0.12958588265665358,-0.11316690941270081,-0.062135531251100266,0.0032546889192895724,0.06439699286516397,0.10467023528420931,0.12843344383934685,0.15263517241714097,0.21182501339677404,0.2969657477865889,0.3640148426587151,0.3802704191626572,0.3448671597681937,0.275528415836979,0.1993575132504399,0.13901376149619654,0.10404736261088383,0.09544621437084189,0.11385570436040382,0.16150997952306204,0.28166131380136233,0.301060710763855,0.250790389820362,0.2352717326984111,0.24459902592394936,0.26785877615759424,0.27949299658920645,0.2594775570922088,0.21969372566483028,0.17582197466514946,0.14117289798685856,0.11524753241176498,0.09500203200805439,0.07802989516491023,0.060454527828201335,0.04250797608734581,0.02938052545096672,0.02599084886122643,0.029952168542607484,0.03762792606472925,0.03868187287901076,0.033578180305012674,0.030290529571029953,0.033116163664425616,0.02924172931951403,0.0015185346769366675,-0.05150298911715639,-0.11897150317687233,-0.17045132953102077,-0.18738661409144206,-0.1808297451482891,-0.1756331061450881,-0.16946678108505864,-0.15799218899658724,-0.1394840624072151,-0.11508830001759869,-0.09319357415576957,-0.09539170479717161,-0.11774983025080811,-0.14758299747703588,-0.17793246402911997,-0.2015204145490711,-0.211862385788428,-0.2077974077682029,-0.20198891023981924,-0.20894289193666,-0.2187175798924591,-0.213562237853621,-0.19216675851617435,-0.16027964445931767,-0.12403168906512048,-0.0866007388496122,-0.06093905299890589,-0.052662533853373786,-0.053528798255763205,-0.04714874867642075,-0.023964988595368768,0.023844714831838466,0.0927463157560119,0.15043626070817542,0.17133733751306257,0.16222631585532882,0.15996182004232942,0.18445298505710098,0.217602166671258,0.23099249306581682,0.2519122959110265,0.2931044184996135,0.3455729268659871,0.3960031688262118,0.43616896910511926,0.4663573195317056,0.504082013287034,0.5561523858661928,0.6089614425956716,0.6272069226392584,0.6013208338059159,0.5373996833296519,0.4662680983019268,0.4250388935898989,0.42409685034112277,0.45321322313115925,0.5005685046043662,0.5455599177674862,0.5774361307874877,0.5894390119989578,0.5765248050157482,0.5455285085947073,0.5122617480193936,0.4902808553818607,0.47171390464897206,0.4523198804206797,0.4245434555956267,0.3865907744972031,0.3440305347914758,0.3006170603015603,0.2495265690014179,0.18529685185680844,0.11352568535192081,0.05321936819887815,0.010357165883591939,-0.02324230823012302,-0.05390704764495896,-0.08363436839980008,-0.11360868385504443,-0.14900907884273765,-0.18001377098956883,-0.20711382864932693,-0.23940751688061604,-0.28123651938971816,-0.32744903172549694,-0.3606215974943047,-0.3815043047591132,-0.39105297047776477,-0.3910699065436303,-0.38558934253038435,-0.3818336896597462,-0.3851584716718284,-0.4090277211806207,-0.46011279209485806,-0.5408606853555932,-0.6466546189695878,-0.7283570415003385,-0.6739175009210341,-0.5274422202355611,-0.4016987537476206,-0.32328172336271155,-0.2857135677418908,-0.2721447781772075,-0.2636459623583304,-0.2354890293424496,-0.17404522387044752,-0.09095565536482257,-0.012207331944213615,0.040674640224777896,0.06614391485739499,0.0820300156958437,0.10367630777302567,0.12681456713896908,0.14990561608973452,0.1781424815598248,0.20752438309670257,0.23094995996876755,0.2429568570558999,0.24893389180261444,0.27138525257269763,0.31099494473545924,0.3548614620828928,0.3953254760734191,0.4237089271602887,0.4362753766488635,0.4496690712326014,0.4836013230144932,0.5364496500766831,0.5799030253808415,0.5987129699981136,0.5942228034544995,0.5660794605934203,0.5468619505473078,0.5479057576204986,0.548985332483582,0.5223254804084612,0.46775986458574953,0.4074463631084047,0.35027672533930715,0.2765234901453045,0.16025708096564562,0.012577255324682545,-0.10841997178164943,-0.16716643194168102,-0.17076878989246713,-0.1447243983699235,-0.10654460410824815,-0.05393598115785324,0.001805135249738962,0.042924910158792344,0.06077774593142816,0.07081510526769486,0.08592525902009827,0.10902606720310368,0.12623222595623074,0.13671042986997944,0.14205690294146206,0.14013680474320675,0.12818410769197996,0.10209818513344089,0.06956129905739646,0.029183690556202464,-0.015917193153805513,-0.07340345741141219,-0.14250020323322604,-0.21222218881508037,-0.2710533919067585,-0.32448309794055563,-0.37873762120397225,-0.42113360322249177,-0.43012372726336395,-0.40852581771915764,-0.3837818358751422,-0.37561334421782216,-0.38597484274018534,-0.3984964837732641,-0.4058234444180385,-0.37018213293631835,-0.3103760860382144,-0.2518363638325749,-0.19912253730368726,-0.15781215761913697,-0.13152821536734233,-0.10060293878640178,-0.051027635958489304,0.0280268470057128,0.09995606584484294,0.1386634904764589,0.141574300218191,0.12628543330455938,0.10615711868662737,0.08763880757257811,0.0768692477771727,0.06839924669225544,0.06606132443687197,0.0695369796144402,0.08249187213533332,0.11157142387019275,0.15325800606200887,0.18427310609309192,0.1931820534903397,0.18103029512262847,0.15506383774464022,0.14485854968018275,0.16383221547166618,0.21575162258104896,0.2917082924131202,0.37757866396995293,0.4620839656209293,0.5085859015131382,0.485010225901118,0.4003232920165237,0.3136119057375739,0.25858988512610104,0.22346625203211146,0.2030915232704599,0.18513593984975119,0.15617665900860978,0.12182118421525111,0.09776628480228668,0.08854804995657238,0.08701658597752729,0.08744879170115841,0.0891636389541604,0.09024795949910251,0.08735533448243192,0.08279517440708037,0.08072940466659448,0.08555855006171438,0.09831919381088858,0.12022532078419032,0.15203039092057258,0.18974908522260908,0.21568801109002017,0.21334273459210068,0.18371713305978207,0.14204347059513475,0.09930246067714722,0.06174616964814196,0.032905213864291114,0.00027818308127220445,-0.047110899887127404,-0.11025922248951059,-0.1714006658473325,-0.21967411506158538,-0.2500944434145863,-0.26312384165698044,-0.2620142758353853,-0.25254386709130466,-0.24256385484131257,-0.23673403024787307,-0.2373334289516296,-0.24333034766632913,-0.25341641429491907,-0.2687739660600914,-0.29155316316410235,-0.3201179911394365,-0.35232312393063236,-0.3802272618128403,-0.4018330824243395,-0.4187383862190574,-0.4298867677647717,-0.42764847890843316,-0.4026974001684573,-0.3494426079165139,-0.2757867210249406,-0.20016137111951662,-0.1379696017034128,-0.09632617405393859,-0.07474147082890534,-0.06994024852937564,-0.0688113241871266,-0.06332045913827122,-0.04905077550985296,-0.03362116466867367,-0.02565232412880839,-0.023721938441378175,-0.0201429804883337,-0.006881568150732179,0.01524792079637566,0.04585604027052893,0.08057565972264202,0.1188412039016396,0.1605952451305537,0.2056616019391747,0.25512147309382044,0.30407336775759264,0.35569070771671596,0.41371500625249585,0.4630803339019067,0.492540902374269,0.5012435112357156,0.4984269993339424,0.49625930220924525,0.4982450013124458,0.5135445272728776,0.5403898707967509,0.5296374151261573,0.4680276251348633,0.3972962837331111,0.34107278942530006,0.3097727292219847,0.2983725868515021,0.2976606685345211,0.30629436156242584,0.321788939759594,0.3377882872658038,0.35374557147005514,0.3678619266405508,0.38947790245125835,0.4100355300515123,0.4152451838366115,0.3994776320873958,0.3661713335041094,0.3298278044724115,0.2970274676239766,0.2630697273151602,0.22095496722877916,0.17114370126776568,0.11657179764900344,0.06370820599987191,0.021399289715076854,-0.010122128961836922,-0.03280975164427885,-0.054191761965194575,-0.06878234002124431,-0.07126670002074638,-0.07199238723902047,-0.0869305541328666,-0.11983140600821139,-0.16666063611953685,-0.23911606151384523,-0.3230159361265544,-0.3872701848807621,-0.39318436154161207,-0.39271419173866956,-0.4283899235109284,-0.4602300151125953,-0.42011661352920254,-0.32681142614025854,-0.2669104773335276,-0.24476681734336342,-0.248290594423408,-0.26141974131640205,-0.26586641091736835,-0.25250998343635667,-0.22873115578223124,-0.20863303942448808,-0.19694543787566568,-0.18546501171686017,-0.16700311201095747,-0.13220933262923212,-0.09190668210306617,-0.05898082499037148,-0.037026049586706876,-0.02505699671935949,-0.018169938089955838,-0.0036528829020676425,0.022725586419767307,0.054467780809862545,0.08396173860569815,0.09245671270757111,0.08023617746751106,0.04939383717208265,0.012441642304051237,-0.024593604399417362,-0.04557572895544743,-0.03189062320264861,0.007252859997779951,0.047660050335542097,0.08702340691106537,0.13616944841370585,0.21134563101335888,0.2957431837676712,0.3135585745088032,0.3043119921066089,0.3046805112649728,0.28525242225592273,0.23235967219687595,0.18283153963023735,0.16026733744448904,0.14813594373507877,0.13790168956408005,0.127375334197967,0.1204538955778158,0.10576422835947931,0.08116765851029796,0.048877052499004335,0.012535322058363363,-0.021330692964566973,-0.05583524953054398,-0.09155941766996528,-0.12281512378520838,-0.14531366134803073,-0.16227190583919107,-0.17855070388644428,-0.19567279284785422,-0.20511404335940364,-0.1930324545829989,-0.15733569167254724,-0.11836200808872534,-0.09710078387631205,-0.10555418355187725,-0.13873977757267955,-0.18253588699952808,-0.24028710441388249,-0.2941255090231885,-0.2964623354839591,-0.21062523712593648,-0.11822957049371932,-0.06232521991337341,-0.030524177151688522,-0.025507477218905682,-0.039411506840297185,-0.062447338444996905,-0.09261398850561288,-0.1222011934183579,-0.15148030154436354,-0.18129271122091295,-0.20617719468936316,-0.2210797499091145,-0.22811629200586697,-0.24135024101464392,-0.2702253681600339,-0.32451957913604756,-0.38178254990106975,-0.38119441200165033,-0.312175192283419,-0.21810877833325887,-0.13346929495877585,-0.0692869093230318,-0.019698680024267414,0.024766465391348417,0.061019339685787016,0.09120738338040682,0.11729159260565522,0.14152785582767152,0.1586208534043596,0.1577468677038685,0.15469796777650346,0.16148576051567604,0.17835338653042002,0.1949362102763575,0.2124711683907233,0.24939969986029917,0.319378833046266,0.4081133588730409,0.48636751992370125,0.5404260215536848,0.5662757824440995,0.5852011586801811,0.6332679521981414,0.6933691549651629,0.6437360310497209,0.5187272143936776,0.4456609610426733,0.4248368735663079,0.42506788105300686,0.4238429571300689,0.4139493717132875,0.40281892511862816,0.397136381281725,0.3982963500417762,0.4037879802231224,0.4004351802601143,0.376463976740564,0.3506555527843765,0.33296083706940505,0.3276371995479294,0.32609203354659616,0.2962141718706585,0.23362925205626345,0.16062892091997658,0.0863103856267126,0.027399116903709095,-0.0001823650921681772,0.0007908045512222181,0.008636212349658048,0.0003010875079095029,-0.03678088850533003,-0.09155057935185759,-0.16335803141262822,-0.22841857264783982,-0.2777713041896123,-0.31388722832291405,-0.32824757556771694,-0.31553224032416094,-0.2809334656739732,-0.22842126290383374,-0.17399584771695567,-0.14263555110937284,-0.1532163855798841,-0.1931377443376855,-0.2423058654935757,-0.26635321712740956,-0.26258455604017056,-0.25300686237279646,-0.25688235463667247,-0.2786474063975113,-0.31408969032204137,-0.35208878124305076,-0.37414562308395527,-0.3539796389307441,-0.2752912586453228,-0.18662025572382357,-0.123765141051324,-0.07991766490214681,-0.05045496943904125,-0.03157684345590115,-0.015272546077465058,0.010408100909851985,0.04717978954840138,0.08978669838716767,0.13556337592630616,0.16819531214836606,0.1820080470167578,0.1917466210452046,0.19465209694298294,0.20489784688084994,0.2395385462991824,0.30540876267936734,0.4044187145276032,0.508750579542795,0.5600877927043163,0.5507378335265032,0.5089982392780087,0.46934530973957633,0.4183253340237217,0.35282901135868916,0.29153070627562533,0.2549112583819665,0.23410421830542733,0.21160957281234105,0.17985709631188468,0.14445787100753943,0.12659613801670064,0.1314412832126113,0.15772443648604081,0.19363592624532466,0.22246793454611138,0.22874558062683076,0.21997877278639658,0.2096563031597988,0.2029292482152649,0.1916468831419344,0.16901204010695373,0.14442408402137283,0.12334295431910498,0.10057885000208974,0.0796446487419999,0.06581417279663855,0.0600040895934431,0.06357857442477453,0.06501689946792129,0.057652145880155235,0.049464815797879244,0.03548876798281106,-0.0029218245376703917,-0.07210631538777267,-0.16100747400467338,-0.24108202547713548,-0.30337851192364584,-0.3579103381827947,-0.4073041592226701,-0.40896482371748516,-0.3268191349672734,-0.25213020636548195,-0.21462359329285896,-0.1996018796744673,-0.19719789000210602,-0.20244505568584292,-0.21993846947488233,-0.2473777349127721,-0.27712336228887224,-0.29838928653739155,-0.30974344061644343,-0.315917428704186,-0.3220679224414714,-0.3327754726367201,-0.3550052725152595,-0.39420340822053435,-0.4499791451013037,-0.516637402552251,-0.5818423891823584,-0.6333081236916568,-0.6478990537050631,-0.5885691141280356,-0.4379752374451161,-0.24454566678571374,-0.06898827011753735,0.06209059865319937,0.14998200902464434,0.20461925538605316,0.23000839072226603,0.23796336131954493,0.23930712923611347,0.2444090634467735,0.2643262405364858,0.2961921715901534,0.331891982743735,0.3614283220476697,0.3784644629426749,0.3775597445444495,0.362171789973984,0.3401715852484351,0.3140673017942526,0.28304530571264064,0.2722044816088612,0.30425575630593615,0.36542438386812004,0.4150015649161079,0.43654764444142197,0.4281171533269913,0.4055738753247818,0.390369270277174,0.3881533818321501,0.38884606537312266,0.396301294262802,0.4114794751778111,0.4167163697450845,0.4031383542657641,0.38301886761532583,0.37429442610989716,0.3685821388949273,0.35819257321145226,0.3401317450369247,0.31545087710263553,0.2824495840152501,0.24549576387685718,0.20351781369255573,0.15615165856933913,0.10553790468785017,0.05358935316771299,0.0022131935275466327,-0.0391797770402579,-0.06168156781942571,-0.06280073490665503,-0.047837354930869165,-0.024401894272250844,-0.004599853390856149,-0.0009209734903222668,-0.020728668660720963,-0.06166233154154806,-0.11551141301791078,-0.1786762267496118,-0.23846839369687328,-0.2815553754884241,-0.2952149342888251,-0.28325978498509197,-0.25611891189268393,-0.24454425168712132,-0.2706078328834301,-0.3250043264499021,-0.3703878866150074,-0.38787888875015425,-0.37714007054760124,-0.3352485481166895,-0.2797488086429513,-0.23703748501028407,-0.21441938821698248,-0.20000155663539762,-0.18321570495838216,-0.14958902598838095,-0.09122475535839644,-0.02498727310248685,0.035647533762783956,0.07852923828635924,0.09906655869145438,0.10407689475560687,0.11284364425220555,0.13052308811819122,0.16040741258082963,0.1724212623769111,0.15520942584870717,0.11571539693407489,0.0736932030999892,0.05160606282548591,0.08818440834197526,0.20066410645164515,0.3022216566950369,0.3552739025994063,0.3805997236366984,0.4065515528914716,0.4340027755542354,0.45596112236559655,0.47272805955726455,0.4979779652071957,0.5245353225307158,0.5426706727151959,0.5495896259884488,0.5519123444347703,0.531693011685756,0.48586578501190114,0.42756515095530756,0.3929930736763724,0.42071307735362157,0.5142923445571245,0.6208418741923357,0.6695699717505661,0.6158522911049883,0.46739739706117694,0.2855744236106735,0.15535626082771878,0.09075476012635134,0.06344403165082442,0.05232649143415908,0.04087970816118783,0.0246898436831554,-0.00046676614121721443,-0.02558658227394852,-0.052278323542201174,-0.08575740995614044,-0.1224250755443177,-0.15175452125248254,-0.16999380153764343,-0.18035147928750866,-0.1824975650250566,-0.18642077083331882,-0.19237152827243809,-0.20135540242956448,-0.21101942074864855,-0.21342465215646766,-0.19469300953325228,-0.16403698054950464,-0.14016473184786285,-0.13469908881588782,-0.14972450630924364,-0.18767250918971948,-0.2517030343480139,-0.34660561404612455,-0.4800520284130735,-0.6154338109407415,-0.6415286403015936,-0.5631135683306644,-0.49174595474939636,-0.4264227869127296,-0.3482988242277946,-0.27745985013762753,-0.2309769561072981,-0.21312426803130863,-0.21627613474832877,-0.2362891093873282,-0.2743928706791133,-0.31260505361828866,-0.33235865641028123,-0.3281219199169018,-0.3033125360747136,-0.2508384148563065,-0.1820314139455488,-0.10602077294613255,-0.04340672873549884,-0.00683849287092982,0.005974700489776327,0.0036917983704552976,-0.0014193912727006157,-0.001170058983655894,0.00972910444196783,0.02771408241663655,0.04581423398301922,0.0545130385854185,0.05510935352626568,0.051889336358112555,0.05873916160835171,0.08443641188587446,0.1374433362030311,0.17657453654016195,0.16032660494233772,0.12249480060120986,0.09838361564785666,0.09914039876223364,0.12032139620074206,0.161678485851195,0.21723916528953274,0.28518867954119775,0.3567144794081626,0.4026076170293652,0.4209063831052015,0.4478955508743837,0.47652102633335225,0.49129112013245463,0.49917691484851845,0.5063331159823625,0.5084826460460858,0.494013114397084,0.45844597831331546,0.3990200659721148,0.32110479942503467,0.24264354446313927,0.17877197386377902,0.14409395248673362,0.14008982465439337,0.1563137916632311,0.17478807054300685,0.1899079685180471,0.19061644912016762,0.18708056253142755,0.18974550592928183,0.19362182466086997,0.18397871335896626,0.15389148295649796,0.10982523480134358,0.06251182247990217,0.02231545837629135,-0.012180456363724583,-0.04663263270394373,-0.08235016235056089,-0.11580839021368035,-0.14123208956671415,-0.16139317972080314,-0.17772578590233318,-0.21228420613788987,-0.2613468432660102,-0.3224082235710993,-0.38854925101215154,-0.4413551577107779,-0.43901557345950576,-0.39104377662064366,-0.3372257385607685,-0.31197662862831754,-0.3160103169776482,-0.33456712717637554,-0.35415659619915957,-0.3560165447659804,-0.33189034496253467,-0.29397552603069793,-0.26262327638837085,-0.2415705023828534,-0.22790610672677852,-0.2137414875218315,-0.1922565467680344,-0.16305770956104496,-0.1286515731530235,-0.10606223164029968,-0.1031106204646724,-0.10786867402386752,-0.1141339974201814,-0.11438146866228896,-0.1066153525251288,-0.09426140363768669,-0.08296248810373333,-0.07420987931688881,-0.04368746230194141,0.014349431928499095,0.10195895954921899,0.19513784965015651,0.2538600007587045,0.27475160944260707,0.27903441144041025,0.2832948258405563,0.2980606735933578,0.3264929753151156,0.3688426575361591,0.4247560311563836,0.48950590385398524,0.5467050574113023,0.5796857504518524,0.5827935477428398,0.5585225846005731,0.5190987619792284,0.4763227424403343,0.43335262003972375,0.390891532252863,0.35494666129630925,0.32097637447342203,0.2947035254104589,0.2728164024566274,0.25361790718200594,0.2379443784663823,0.22162965275036484,0.20550259490921066,0.191487193787792,0.16979622128747227,0.1351744648598184,0.09232706202943615,0.051022715319886565,0.01657801070932281,-0.007586205623855677,-0.0303862874123075,-0.04339702349294025,-0.056708092317492124,-0.08114379321584198,-0.11234921844980506,-0.14073948397137365,-0.15639643217767446,-0.16854781324170526,-0.1802924167746377,-0.18506950802521663,-0.17025186759576003,-0.14146812307825601,-0.12061127292889912,-0.11428344117659665,-0.1175676201001987,-0.12990173507849018,-0.160382896905921,-0.25554483872118217,-0.3179554962394427,-0.24862238351251126,-0.22326738491751374,-0.21462838790043046,-0.20960424602742755,-0.20787408297614626,-0.20538463175534016,-0.19658112249157714,-0.18245280673202702,-0.17268230651624852,-0.16612611907383878,-0.15942098854077152,-0.15108923465432864,-0.1466912983349036,-0.14578286253318182,-0.1443394762902851,-0.1428460018210605,-0.14051435410531934,-0.13447369929639003,-0.12203408426421619,-0.1083013495671067,-0.09897419111599233,-0.09746279392655123,-0.0998510628744282,-0.09607069071418012,-0.0772896771938484,-0.03514143972413787,0.032622259993084046,0.11927006990569569,0.2124121451208864,0.27979039298057923,0.30999773421102794,0.3166780117614918,0.3131296278738795,0.29518507852396203,0.24894820605023318,0.1734435045766635,0.09309168324380832,0.04462716122995894,0.03506185866763799,0.04247615761640387,0.058930311070762756,0.08656913364743735,0.12482672624434707,0.16282488767015452,0.18986924995121923,0.19627182067931798,0.18565571154230612,0.16409719654179872,0.13817060532466696,0.12198308534126608,0.12528131787474686,0.1539740311742154,0.20252635794060322,0.2505416306592386,0.27650053375488803,0.27368278328049805,0.2571581645905422,0.24812544921235866,0.25505607121910673,0.2773089795933364,0.3014481806762562,0.31778227294409445,0.3083322701684251,0.28241013735257453,0.2519853740657085,0.22353659142580706,0.19698456638153827,0.1652659469423917,0.12401055113407797,0.053007171368950314,-0.05514810143360728,-0.17671193621583797,-0.28963909645346175,-0.3887080072533174,-0.45431464727742904,-0.471091466502544,-0.43477344601227225,-0.3567065276436731,-0.2638508586375886,-0.18805572169328,-0.14510612690903013,-0.13205462141439367,-0.12723585165295073,-0.09932089472257666,-0.04390454722777917,0.024051655464713884,0.07876665960563013,0.10648802279887959,0.10983377364319499,0.1008610964768907,0.08491932046169667,0.06834867522724929,0.05663219499424321,0.04999740418739092,0.04630245150095528,0.038511434241800965,0.02378462261249425,0.003895723401355537,-0.010838909247400967,-0.015665687610714574,-0.010306646294546522,0.00738749907822667,0.039593767540331185,0.08890880882406155,0.1623517935597195,0.24597181661350553,0.2943411141744924,0.2699842060649423,0.20717484358501298,0.14558773528182084,0.11118419381898156,0.1328421597734911,0.2435648554495684,0.4776440399396206,0.7043281917776812,0.7305547871563624,0.6509882061284894,0.5560159548057833,0.4679525401506891,0.39639011979334904,0.3444170227659396,0.2910319918260573,0.2338973306403608,0.17892517050430004,0.14089932611867673,0.12002015830933073,0.11039336642662854,0.10754401847566662,0.10423425302719334,0.08876126095832268,0.05319021334617915,0.008062426930990883,-0.026753019656008358,-0.037819975829366734,-0.036395115093796566,-0.03476744543340594,-0.03754119540720952,-0.05089187614059164,-0.07620995070917999,-0.10540746219240689,-0.1311280861197919,-0.15113525992452373,-0.16935174775325842,-0.19849900970455273,-0.24216953188434956,-0.2901525266652194,-0.3178905367298762,-0.3088837411236771,-0.27898429545986975,-0.25313397066060034,-0.24534352140743154,-0.258059967014961,-0.2940642112854625,-0.3475498172285358,-0.40462570554932387,-0.4388871492699529,-0.4410321247148713,-0.4330086577247933,-0.44331542135478513,-0.47910082784981683,-0.5104580776790332,-0.5075626326630399,-0.4569889029146281,-0.38127645988548764,-0.30549531724884454,-0.24374554009155433,-0.19516976534085823,-0.15129953856219533,-0.12310635856050176,-0.10853024292040478,-0.09671573787396298,-0.06981237693159718,-0.021335896434261398,0.02947159761816436,0.0627643996038672,0.07780517220017875,0.07774567400417665,0.07855529874754318,0.07774373394865172,0.07599526649202612,0.07312447713827488,0.06929256420756405,0.07256726822703703,0.0872553297399395,0.11698399366745305,0.152394095412243,0.17596752936994722,0.17756555492528667,0.17187903794221412,0.1669589269331696,0.16071911651911247,0.15996211033800176,0.16165412510234392,0.15677898829914017,0.14520782865538004,0.1398633311143251,0.15019275541973048,0.18395005639806622,0.2465446624323768,0.34464511659862596,0.45507165302496,0.5175736682673941,0.5238885902920299,0.5341498862074827,0.5565550707811024,0.5467201218719163,0.46958189677018114,0.3586443194882266,0.2713417530853839,0.2260076946957652,0.21445422807034875,0.20872744012971733,0.1892998722826983,0.1578184035233583,0.13432937361625402,0.13196756804596602,0.14695922779818027,0.16239897424375302,0.16339139336334696,0.15052596921865077,0.12894875530139457,0.09511791613603864,0.05799960656986965,0.02828252873593649,0.0020971166784761264,-0.021896138574889954,-0.04893934535387425,-0.07950350720793654,-0.11136348472782202,-0.1548956992667349,-0.19911843441886026,-0.22085947480474794,-0.22069767600981577,-0.2301187059995825,-0.2522322734465894,-0.2730153837711404,-0.2700338141656155,-0.25277129320617714,-0.22783001029592098,-0.2007778393451545,-0.16842185334677762,-0.12575901123443103,-0.07064817037796638,-0.017275665066658126,0.01881286015135854,0.02968342439408777,0.022968947841230564,0.005162147760027982,-0.021345095522068012,-0.053734195330999615,-0.09683014213487484,-0.1524520923636023,-0.2226248626741963,-0.2881285847254289,-0.3294868488476992,-0.33066758085932035,-0.3040105457684772,-0.2651791725072106,-0.2175026534999197,-0.1583283748214216,-0.095414827786981
0.31356385492557715,0.39550314605647613,0.5043572674417675,0.5827398763970947,0.6133361616804905,0.6557321810096377,0.7091542850964969,0.7421529312327857,0.7262380365700555,0.6624109053324375,0.5735086171279681,0.485410116794837,0.3864398460525428,0.2672465438377943,0.13744673766658574,0.01423083169360138,-0.08119029520551925,-0.1421709040952625,-0.17980880974555372,-0.20641443830540734,-0.23268133315088624,-0.26984242280793225,-0.3241637404492635,-0.4005071940171352,-0.47583289294928116,-0.5255416837935472,-0.5465190467934027,-0.554218494832416,-0.576608201993667,-0.6297131361204259,-0.7137040904643838,-0.8016145161726174,-0.8341561910901297,-0.7925645622378461,-0.7350466445021996,-0.6922151959546046,-0.6630191263319333,-0.6357151078693482,-0.5980881293255893,-0.5491778377766214,-0.48563905267840607,-0.414823521562048,-0.3534627187058009,-0.31609949778716684,-0.29404049256197756,-0.28033484398894537,-0.2777407209222412,-0.2840754898179843,-0.29569481915177853,-0.3032895103286097,-0.29609870027906054,-0.2673226971363436,-0.22988978516464417,-0.18934717406635973,-0.14919777408434262,-0.09563227910005734,-0.022597861170035653,0.06718333827971795,0.16881111302112625,0.29069475602066935,0.43788277459466846,0.6034306461954422,0.7445590544960848,0.8026015616304554,0.8013093779125456,0.7917492370980789,0.7885950719631857,0.780296506196813,0.75845456130879,0.7263975126480181,0.6934040025668609,0.6629933613236628,0.6379828984517704,0.6162714794476306,0.5933856795015966,0.5726340056479529,0.5633765966458258,0.5783160724385472,0.6169922858895478,0.6741493644325031,0.7281441303380967,0.7564884680283976,0.7507039943106513,0.723223525804567,0.693250398823094,0.6715220138334356,0.6604893546737083,0.6632628318468066,0.6699687710530297,0.6675671056327203,0.6426093923340243,0.5959200600866296,0.5397092144681785,0.4992854743127989,0.467827568329507,0.40587563714245095,0.29579807260386876,0.11768534123118754,-0.19359338977403462,-0.5477830585182207,-0.73202885691313,-0.7747786379030182,-0.7910351194811919,-0.8183701500905465,-0.8441698192527382,-0.8526132833552601,-0.8411149085335206,-0.8097925744545007,-0.7759731228530157,-0.7486026767461316,-0.7306410805710887,-0.7222864751872885,-0.7209398665496717,-0.7209635102522463,-0.7185485901409122,-0.7135671950984094,-0.7086511654175514,-0.7179593283238722,-0.7388075723805081,-0.7713002487928573,-0.8008812161590091,-0.8149019143380424,-0.8054072465969087,-0.7697035968603912,-0.7125457889096717,-0.649638968455416,-0.598714518930777,-0.5642111300392394,-0.5350400852025635,-0.5045044279784031,-0.47691542686941046,-0.45680545888752344,-0.43188562645065076,-0.3895215920930944,-0.32454449404871255,-0.2231927155894487,-0.06375133175182454,0.15245047472875137,0.34900090137750284,0.47078700975750354,0.5275422287776366,0.5531635640678345,0.6030431613399034,0.6857867243148408,0.773901471133244,0.8185453041172632,0.8038320125183225,0.7639743808370147,0.7368740239415138,0.7481068789577878,0.8039756466445924,0.8793962119144844,0.89118933413499,0.8073129642802762,0.7270647436258654,0.7132240636727117,0.763887505553801,0.8288760129326926,0.8505344536563038,0.8281258039094819,0.7685304080950095,0.6730850867350399,0.5584301804543312,0.45001994703672077,0.3573065242130264,0.29262065587676367,0.2588738404514721,0.24069120439786507,0.2316917727714284,0.2188046439005415,0.17848302173937033,0.1034617820354488,0.01045937210801846,-0.08418527971914684,-0.17170255900659043,-0.24884454364910974,-0.31615495002614746,-0.37766376631128173,-0.4179842305568568,-0.42961925948040264,-0.4311486297660139,-0.43636980012405713,-0.45252501900526043,-0.4751648791135749,-0.5011113059573248,-0.5314465490315969,-0.5583355516234616,-0.5699134258750714,-0.5577545425244,-0.5298783137739479,-0.5114331205142262,-0.5149481491632745,-0.5348659678224277,-0.5646333217492099,-0.5918565432206364,-0.6097179447475356,-0.6129884903272929,-0.6000434185028786,-0.5617139335473336,-0.5081299409313644,-0.4621576317441753,-0.43105557720680593,-0.41245125738078225,-0.4030734705297216,-0.41021106839654164,-0.41996033478038075,-0.4198530296890133,-0.4142955029159689,-0.4248713487678901,-0.4382704946907897,-0.4363558458857341,-0.4063278812780987,-0.352877474617844,-0.277107833728219,-0.17343984981166308,-0.041148847746032405,0.09450918523523237,0.18745922775379747,0.21712847792556442,0.19772707851427723,0.1637079248311937,0.15093391259054575,0.1688916045382031,0.205123966492667,0.24523179791268077,0.28330865877847594,0.3159981593798729,0.34523687059426833,0.37400926665635187,0.4085926768506971,0.44835634448059103,0.4872144155486749,0.5067776506543381,0.49626588409707084,0.46280081197020667,0.4223881929130303,0.3951576846596158,0.3851467050680296,0.38319793248218414,0.36857857901311786,0.32856261159920125,0.28247495786261045,0.2514895114055724,0.2422808700023532,0.25514024177741357,0.2828786809171013,0.3119725934137359,0.33464302035345517,0.35352419592118856,0.3679857882282946,0.3816226022673048,0.3931689410832308,0.39789659227914403,0.37868863029759736,0.3150265993120325,0.2046698630620783,0.08487257986407605,-0.008189653778769686,-0.0536471891149577,-0.06407111689517929,-0.05691837035633708,-0.05680218571619458,-0.0724564563649148,-0.10084905016136979,-0.1401605084236069,-0.19445971711073337,-0.2661150339768416,-0.34808756640483035,-0.4440026983603727,-0.5540286928598785,-0.6551217295534035,-0.7185111458066795,-0.7423115148657007,-0.7473008791556287,-0.7461248948868536,-0.7436597989196959,-0.7391142473410425,-0.7248415230967473,-0.6951517382737504,-0.6634359147045579,-0.6477548903166186,-0.6651743612963263,-0.7166055831607763,-0.7744252258687556,-0.8076903591835746,-0.8139526955372302,-0.8105028526677606,-0.8160438065466935,-0.8203693856511897,-0.8015352603533531,-0.7574510713654627,-0.7051580850381372,-0.653751092245074,-0.5805810752758414,-0.4448004816619132,-0.18215847114230457,0.0965466171579882,0.2076684391359071,0.24610909474357945,0.2810470313061093,0.340860595401774,0.4349425002167486,0.5628276335745905,0.6602910934420977,0.6977798300741119,0.6973011996419992,0.6767177157608979,0.6176614059504938,0.5225919399803471,0.4183907654042959,0.328260752104003,0.26375181143991977,0.24029044505751782,0.25318117861479383,0.3027367683202234,0.39024085406157344,0.4969598831661081,0.5785364384217214,0.5994323578963336,0.5605675496726648,0.4904060913504139,0.4205942574231002,0.36022266293783367,0.31075123582854935,0.271131061293299,0.2378777008051635,0.20371290641382991,0.16848619496327022,0.13606243442030277,0.10508152910624079,0.07612644191751931,0.0535791369756826,0.04380973176693367,0.04199003885563995,0.03100983388999553,-0.02325213635572888,-0.19511351745680153,-0.34411976677698297,-0.4213607980814035,-0.474453224390983,-0.5103931363107715,-0.5402037236256236,-0.565940040696604,-0.5741975243646715,-0.567445730776627,-0.5551102421196488,-0.5501033277033477,-0.5583169741476209,-0.5790479820368829,-0.6059553739017455,-0.6323401938418429,-0.660059504754122,-0.6867061929852365,-0.7053201947352428,-0.7074526886873316,-0.6891201835596564,-0.653835542233123,-0.6172959926889386,-0.5868473943947691,-0.5569341065604704,-0.5063489595953036,-0.4375280291740584,-0.3709084327987611,-0.331018369201061,-0.3127974196157656,-0.28294888817487557,-0.21504502454604912,-0.11740217310706716,-0.013786178266107618,0.0795033450965183,0.15419836503538137,0.1927345376134665,0.20341449973111034,0.21120371059845705,0.22535637085355212,0.24598396437952974,0.27708417275979486,0.29074480023417565,0.2616264901545848,0.202736300692911,0.15624662325015706,0.18243470099487746,0.26821085990294113,0.36129392802471444,0.4270024316149375,0.4613384755080658,0.4881233443482695,0.5246404187823883,0.5706554893371076,0.6117529362462009,0.6440764480201805,0.6619705212123078,0.6674969200812156,0.6672477838400236,0.6676998716781207,0.6719746357764393,0.6754299830673719,0.6778388855768693,0.6806092717516808,0.690497407736565,0.6990176887612887,0.7068959535940308,0.7123148178529825,0.7044553071174362,0.6645394943103202,0.604022377578853,0.5428777126232198,0.49083698137379705,0.4188434168963321,0.3015036627178025,0.1671251724315677,0.07845874882303475,0.039302853862299446,0.030381080206013204,0.03089521663711666,0.031043862203941085,0.0223656394616528,0.008239577303219916,-0.025325928138155884,-0.11395231451869,-0.2892677945796478,-0.4905103974868756,-0.6426212108977306,-0.7269822113535258,-0.7675559787059405,-0.777668394359171,-0.760566538826054,-0.7147476468888649,-0.6578792611245665,-0.6258873319204452,-0.6332395439265771,-0.6651733602574113,-0.7019707858105272,-0.7324641592239268,-0.7571291856315584,-0.7681615508844395,-0.7587835289936995,-0.7267279154044226,-0.6798895537397293,-0.6314624289796051,-0.5982754931868687,-0.5924595380101539,-0.6165306644407613,-0.6580654251724651,-0.7031609347232493,-0.7449102304916755,-0.7673191430962126,-0.7593819992010739,-0.7077846491541303,-0.6178149577835497,-0.5244042112011372,-0.4409645363510407,-0.3646229188433581,-0.288247118468387,-0.20864766833131587,-0.13186171066197752,-0.06387469960819704,-0.007682333560886981,0.04614662889955859,0.11292888091208118,0.18852045891037353,0.2441930787323073,0.25920527677430705,0.2542943174358849,0.2686561888901452,0.3261929256893396,0.4253016969665752,0.5317917169804411,0.6135105986714895,0.6580317168141935,0.6735406689823079,0.6706370353124249,0.6561773998966269,0.6370801143639293,0.6199429763295763,0.6069785995248147,0.600959400104839,0.5949016996551789,0.5821401110846015,0.55346126634689,0.5009335751801975,0.417856641385307,0.31004840038514625,0.20457810774658167,0.14021832002930285,0.17968695353481756,0.36492328038977434,0.4989292341874881,0.525158378591735,0.526537865583118,0.5086563894311751,0.4636635487789837,0.37571766240252497,0.2543246387858641,0.12597967469060384,0.034588824756214984,-0.00025705632063506177,-0.013943661478049738,-0.042284068119847605,-0.08227142616267284,-0.11968121923609874,-0.14617286287469775,-0.1771255137820213,-0.23467804107972498,-0.31294899184718455,-0.39822586021259143,-0.4793576323991048,-0.5566162647793945,-0.6303065388743231,-0.6830757123828766,-0.687466067247497,-0.6560994112255129,-0.6313809494330592,-0.6291070050940343,-0.6337883056692132,-0.6173674038237565,-0.5655235771836845,-0.4893487854554845,-0.4202166763810306,-0.3762190965399982,-0.3489588777470259,-0.33354857738265037,-0.3314701141192945,-0.3344124859604043,-0.3346546227357055,-0.3268405241772936,-0.3194877139084961,-0.3217311975393112,-0.3216600850609863,-0.3014237149588111,-0.27099867804861366,-0.27945825728338286,-0.3507406672358848,-0.4721615332594168,-0.610186194857712,-0.7341442823073947,-0.8025835351835329,-0.7915257743304738,-0.6737691566418391,-0.4177385355916846,-0.02096809004710305,0.3696555190273244,0.5977023979844395,0.6679717295378019,0.6716135010838825,0.6764733563963689,0.7008764769499777,0.7328943083483178,0.7517194907802816,0.7469662764601305,0.7106755392212751,0.659358463763359,0.6276414366251172,0.6353543444181929,0.6782761816554533,0.7423839586372663,0.7939462846111411,0.8316855984350667,0.87475238274278,0.9148896482144434,0.8959738728999135,0.7675867956020309,0.5898106727268173,0.46079418883194617,0.40434368498551504,0.4109631891117506,0.4520463973137062,0.49200805691491256,0.48673383337920395,0.4314992229102838,0.3457315516079937,0.2532907133194209,0.16547492776370615,0.09685354624248242,0.04686767814224664,-0.005599014084306146,-0.08172180965557674,-0.19154179900741203,-0.32963249279596996,-0.46803452655282607,-0.550437208798373,-0.5554360943121972,-0.536363774991948,-0.556656415941269,-0.6203329728735013,-0.6920981810958415,-0.7394002231898892,-0.7613942201680548,-0.7743715635134276,-0.7838074493642445,-0.7816772694700432,-0.7745551776477682,-0.777393187630874,-0.7935069435679384,-0.8197860360730528,-0.8466168815235062,-0.859848234017254,-0.8566263842670355,-0.8427980370041921,-0.8273934738710566,-0.811601308690212,-0.7888708600205221,-0.7491699797214023,-0.7014461474305623,-0.6559078494853421,-0.6062825702617223,-0.5457789714199017,-0.48291169303354464,-0.4411420455152793,-0.42371818768863506,-0.4402310133293565,-0.4907401060023826,-0.5620445543320337,-0.6040747876116055,-0.5804089649169004,-0.524595594574441,-0.4430387228065669,-0.32689446191504445,-0.19942162024205917,-0.09506403747436411,-0.0008218548183417676,0.11945767979710235,0.2823910128011699,0.4561311856923803,0.5638558660070737,0.6026260515787181,0.6118005569100254,0.617624516665185,0.6364268826273111,0.6773116385202841,0.7286733340556559,0.7586460061359643,0.7429599877292696,0.6928494282361106,0.6396206272929912,0.6093140213668008,0.59677511361364,0.6000435635560366,0.6130208760281585,0.6301709699547052,0.6542040390568521,0.6796510099475344,0.7023690770138347,0.7138086943688525,0.7039892481588484,0.6744000459089853,0.6294940203701552,0.578122974005481,0.5239615649884426,0.45689000572699734,0.38672310238994123,0.32283709829915463,0.27643990801685925,0.23288749438984838,0.18593124915669088,0.11532206240328581,0.03733417728911528,-0.027136056336584963,-0.07684964544091205,-0.1148417825175865,-0.14346183027968287,-0.16131220562444248,-0.1660039171018379,-0.17110477631114807,-0.20038034292999915,-0.27231526373118814,-0.3968954333930515,-0.5756812806210121,-0.7540618768030993,-0.83641056844019,-0.8236942903247764,-0.7683217890522599,-0.7016467295155993,-0.6353167136566517,-0.5659989156235924,-0.485128771456073,-0.3964569157902894,-0.30252797493655437,-0.20820875808490494,-0.12579869808820765,-0.0731508969568395,-0.06748356839497961,-0.11746219108903284,-0.2398604897545276,-0.45359526337211525,-0.6600187291117781,-0.7527807220112409,-0.7834830718094187,-0.7957934973643641,-0.796624040370087,-0.7819187414481225,-0.7360682511183896,-0.641360215808803,-0.4638165489867314,-0.1949277106727805,0.035688161563545234,0.15586642554097296,0.22947706050718222,0.2906111866182517,0.3320206694278256,0.34746997844515376,0.3455732770417721,0.3412566014335739,0.34689267433751425,0.36677040758181134,0.39452863001489236,0.41633543601091516,0.41916235599246116,0.3980639593096278,0.36152444526662875,0.3295862844573312,0.3213138725407281,0.34469408760351267,0.3975121227368104,0.4751461177520787,0.5578175977146491,0.6080216685887899,0.5678855570213849,0.45798870127205343,0.343037172255925,0.24808138992458173,0.17179485301361525,0.1229789026950456,0.10011170415889632,0.0962090239831678,0.10407436791745336,0.1171945028681694,0.13919277964697513,0.17486034943246836,0.23017540169281012,0.3098757491784745,0.4078298222628343,0.5070923270609896,0.5802978034810264,0.6000336922782267,0.5355201427137557,0.3610640812425356,0.12817637060291348,-0.04403645663291768,-0.12677654451916687,-0.15273048823752644,-0.14452409945527975,-0.12575547649233146,-0.12155221945089179,-0.14667450023231926,-0.1900779330376997,-0.239249241236986,-0.2871182582660476,-0.3359368649926218,-0.39085120109159927,-0.4556130468904047,-0.5217618338412032,-0.5844163974631204,-0.6456227705487122,-0.7080761462083985,-0.775637848240997,-0.846257721418739,-0.9027043826051664,-0.9309222270832657,-0.9253820431547706,-0.8910767781257367,-0.8502594957503348,-0.8210694992917366,-0.8079550786518347,-0.8075119558901851,-0.8100040053087335,-0.8021949479453057,-0.7686660171798011,-0.6888028662642106,-0.5430974934740205,-0.3852764862422786,-0.2902501980111189,-0.24420790059558514,-0.19755338147468818,-0.13108742990166708,-0.06673760313835153,-0.024801898688378614,-0.005663849710830519,0.004098448973250469,0.021767072751786718,0.050915251451630616,0.08527072085480478,0.119622185469864,0.1572497829606425,0.20612616941468317,0.2718483775606184,0.35677048492369107,0.45382602626708174,0.5513827183022717,0.6388060276417089,0.6990230570705792,0.7288673188837412,0.7430965175009767,0.760263098137569,0.7783679657729966,0.7735415499033527,0.738054758300306,0.6963954176059147,0.6577389183677098,0.628989662780172,0.6073990225145623,0.5865227195789638,0.5550040977702865,0.5152550179226899,0.4872649098731919,0.49111019299043845,0.522883992370754,0.5535553053281275,0.5617280833102308,0.5327852177236778,0.4763067192516811,0.4089284462027047,0.3330896909521219,0.23948923327120192,0.14466786224202122,0.0606122237777994,-0.004929438124474714,-0.041057016146819766,-0.05522582328567391,-0.061379350516950884,-0.07074267494904135,-0.0942347152113734,-0.13078355492897026,-0.1866867408724959,-0.2597734287893449,-0.3567585963170923,-0.47725908031242964,-0.5838994055313192,-0.640419047468509,-0.6738708773793401,-0.7462183411241968,-0.8282035901260081,-0.8139738897359151,-0.7563617982332925,-0.7073987100139519,-0.66031941777357,-0.6064209208276058,-0.5446931324847862,-0.48928360803500076,-0.46165112465029823,-0.46282082706276534,-0.48420383527857686,-0.516201106009715,-0.5429840740952478,-0.5512693902879883,-0.5305388127483192,-0.4829558031965455,-0.4170995751802597,-0.34321499249421344,-0.2624222291196692,-0.1859296257837796,-0.14505787900356262,-0.17053398757395283,-0.26943912956098787,-0.3857305484942216,-0.446444408508584,-0.4271766257190804,-0.33816916292254073,-0.18911629754795325,0.0019544460589306333,0.2067701096189521,0.4134013572049042,0.595771673663922,0.6906292968249257,0.7098277044347707,0.686226316362962,0.6426839832101363,0.594861331556954,0.5479552637883677,0.5133519847556117,0.49489401878956507,0.49291023614393414,0.5008930140282706,0.5114424713129629,0.5161216053050648,0.5185774697737818,0.5284885156196188,0.5503790396724062,0.5799879748089766,0.6050912168734514,0.6114161177819895,0.5796742101742032,0.49386740959447123,0.384776478245025,0.29146484781010595,0.22543124142017254,0.1830527232673652,0.15663676786264166,0.14232904349475778,0.13301941465696954,0.11809356132492642,0.08271571242932119,0.021092842773372634,-0.06862638494240447,-0.17081871234741322,-0.2660401645737395,-0.33524701536621565,-0.3649552281030416,-0.35612376715328964,-0.339596859604172,-0.365027737762717,-0.4505768371820171,-0.5323674157420427,-0.5554579659785914,-0.5491534982399262,-0.5479823539871279,-0.5606393638671725,-0.5911826651017832,-0.6271038340800859,-0.6581761151423416,-0.6823906908913941,-0.6853445066629149,-0.6603273723005113,-0.6184435846019815,-0.5763039249392254,-0.5414997339999769,-0.5273676767819268,-0.5339151637665985,-0.5480332357870913,-0.5607025524730624,-0.5724911752324211,-0.5806772311446009,-0.5900869003721443,-0.6064441789129537,-0.6365759275166297,-0.6815504710330029,-0.7078887051338008,-0.7072315924735694,-0.687198627922205,-0.6463477201178206,-0.5765608053397131,-0.45731546238875687,-0.2740370265723383,-0.09560891488930448,-0.008684698194457044,0.01157393989857967,0.017303839105174086,0.05301026874600021,0.1409547461531703,0.27192341180503554,0.39652905360799123,0.4776148581322977,0.5245268737184319,0.5575741731968198,0.5932458974314683,0.6402804080193762,0.7008230272480325,0.7690029478101932,0.8173402364829429,0.826035606238595,0.8027411583144795,0.7639743810631563,0.7165771976637285,0.6588750243902157,0.5927095473651245,0.5262395194522632,0.4718713843850104,0.4276038987155127,0.39550484186960594,0.38132276281141325,0.3873250015860545,0.4124129503128577,0.4199854165686886,0.32042385462835593,0.2126218173946477,0.15999124588209304,0.14234359881485353,0.14075007044904772,0.14616499866743407,0.1526930697976356,0.15658763104951826,0.15457550147101312,0.14402486154527877,0.12162540012153947,0.0937239606762381,0.06034538940332815,0.023522476027166655,-0.01495730308585862,-0.05852456301763972,-0.11038123395143054,-0.17806591205155387,-0.2703620566621955,-0.3894036525440155,-0.5243959866557021,-0.6662439589587379,-0.7981879633507938,-0.8953173313467062,-0.9478998014115465,-0.9685389259386432,-0.9697891224070367,-0.9534935866291984,-0.9127714171414373,-0.8222580508557369,-0.6575667731197801,-0.4625942294853279,-0.32567756409634147,-0.26405403617939566,-0.24716102919793015,-0.23306365066310447,-0.2102258595656726,-0.18634830475717049,-0.18242000940320624,-0.19954317886583148,-0.2252310344214239,-0.24806508410907357,-0.26149234245981196,-0.2661575227452262,-0.2642096587877269,-0.25432770137164085,-0.23811407696212594,-0.2332236457416186,-0.24633877082530747,-0.24383229490392064,-0.18808208436696228,-0.07353163439616478,0.0593042743033794,0.1763837511027429,0.25699868758167244,0.3022558650193479,0.3211948626238305,0.3237375224801725,0.3166791726725829,0.30966713366234694,0.31740738517012507,0.3434011380940742,0.38103812313576824,0.42360996309276483,0.46862008171332303,0.5157497698606796,0.5565327385907305,0.5905059903302521,0.6231057516449967,0.6582127764126573,0.6855868275371007,0.6892899203265438,0.672984003910921,0.644523989983664,0.6017882819849306,0.5487538205380346,0.5081500326059359,0.4946301117333262,0.5018672977112265,0.5157397653473061,0.5316990070842788,0.5470534329912313,0.5620735471299527,0.5722759435908734,0.5718319471536238,0.5422765273325795,0.45074024400764573,0.271615464115725,0.03735455740379752,-0.20779983000774652,-0.4050130641512773,-0.46989926615627664,-0.4398494877668283,-0.410455032600396,-0.41881105601192514,-0.45466767057976565,-0.5018697624278963,-0.5479155707337402,-0.5787034447285675,-0.5798985611052916,-0.5323852640056674,-0.45101704699268047,-0.38308833978622453,-0.35817523697792286,-0.3725029786407652,-0.412239255929352,-0.4565069577548598,-0.4914331501503303,-0.5176216813497583,-0.5425286442848665,-0.5671531252915105,-0.5882480667001319,-0.6079493497191756,-0.6324131002507203,-0.6720375933550602,-0.7236443119423097,-0.7565325507730962,-0.7433656537174417,-0.714726330715697,-0.6918028114674529,-0.6697288208323339,-0.6388118021110873,-0.5910776588002683,-0.5249010478986418,-0.44376855820945516,-0.3621891871051034,-0.28800527614763377,-0.2240754655875394,-0.1735406198237146,-0.1351689470440279,-0.10385308420580756,-0.07610527627635767,-0.047378156992132305,-0.022440501577390793,0.009775048485181084,0.061191581131126875,0.12014267354929456,0.18134064097245695,0.24855618503534738,0.31581436310844097,0.3692261889377685,0.41058902171755557,0.4393475409869502,0.4655801547926855,0.5044331112163442,0.5547525362114676,0.6008527120689444,0.6403285820353952,0.6794839992210481,0.7312931329622075,0.7961028391535481,0.8555111239864391,0.8890715872614848,0.8904495241149748,0.862438214534573,0.8167109824117561,0.7617577714225695,0.7019055535675452,0.6404495517010904,0.5761259081395913,0.5134308738075755,0.45455592750451707,0.39658303542943985,0.3361468776590281,0.2787002375591943,0.22487903918261246,0.17281268629890803,0.12126027616753536,0.06216769457470279,-0.010870233587197768,-0.08618328630995423,-0.14290636416777874,-0.17001401287147289,-0.1793322447533369,-0.19368888981559723,-0.22877554835092254,-0.2920270612159575,-0.3865961307049608,-0.501703682132308,-0.6021963669410184,-0.6661915892944232,-0.6978593778826536,-0.7136587229802855,-0.7286776984539127,-0.7518021660536547,-0.7886210055951689,-0.8352126337022693,-0.8627058968174963,-0.8314523242950665,-0.7416744084052025,-0.6415288234577681,-0.5573215993198591,-0.4894508814351364,-0.439890208709415,-0.4098897068836838,-0.40026409340514213,-0.40511966138361694,-0.41439190643609763,-0.4204743635300214,-0.41473718505216134,-0.3943167964356159,-0.3601734945525789,-0.3123148548142396,-0.2632085139736146,-0.22085601000971128,-0.1880480323640128,-0.16977010696054962,-0.1680063529519348,-0.17186340154921903,-0.17427291880846563,-0.17579317547480344,-0.17631374231893765,-0.17143314157740153,-0.1626998168026942,-0.1481355525191394,-0.12023165607955892,-0.06709978347623773,0.025965390567234237,0.1694493119545493,0.3616585738068663,0.5483190565373754,0.6557192156252629,0.6825090418112649,0.6875789224978638,0.7143032178193961,0.7754779837565595,0.8506101411434621,0.8991073902090119,0.8841802594580443,0.7660428687912081,0.5640166432398677,0.39492077639878653,0.31566836734872816,0.3096864462540307,0.3483489280022905,0.39365176083501036,0.4254454646036632,0.4604987658845182,0.5058061674665122,0.5465126516278105,0.5806490767635647,0.58904290355965,0.5379019823030459,0.46096341690617265,0.39352055071415165,0.34830711909772477,0.31171412461020365,0.2734612636133892,0.24009560726175888,0.21774033215046637,0.20276529548120664,0.18810182032816503,0.17119600719147723,0.1395638268645398,0.09471932701842713,0.04173974496000121,-0.006196097312786778,-0.03918949850153176,-0.05647704756976373,-0.06656807219304432,-0.09317200916325441,-0.16931632831893206,-0.3313566118044472,-0.5166694122328052,-0.5721795677262669,-0.5656474222809924,-0.5630980287271046,-0.5722231198466285,-0.5871964709959027,-0.6073432415560425,-0.6329916605185029,-0.652592179771498,-0.6555521896374413,-0.6402415148147024,-0.6166886679149278,-0.5911358674753934,-0.5791208220669893,-0.5758298831936793,-0.55438460399263,-0.4893220163139024,-0.40084572149089104,-0.32830383891244475,-0.28753949692403263,-0.2698491459749408,-0.2660517838603365,-0.2727987817299082,-0.2858146239957535,-0.2911633992168907,-0.29011538432857265,-0.29697519644215037,-0.3291510900149223,-0.3759426813197395,-0.4280120846773038,-0.4660176251946957,-0.47091692655057066,-0.4337747695255468,-0.34939628255731875,-0.21171853479401345,-0.026228120839314664,0.17782615881098746,0.36399478491815473,0.48451691342352743,0.5162823407840949,0.4877437999304183,0.43628373488567956,0.39663110868638374,0.39037068558155363,0.41581757847962436,0.4680004776391974,0.5326289867321264,0.5920599832612973,0.6392563796088975,0.6667202955715077,0.6713159624345856,0.6584567449106439,0.6425152218061807,0.6470732742493259,0.6909223330560124,0.776997007178215,0.867318388211818,0.8529613991248441,0.7310733580666916,0.6171806442661492,0.5481549663889809,0.5067375287562648,0.46401108403877644,0.382984727538039,0.25025842743865984,0.13405509609080285,0.07271345973031908,0.054857702215756414,0.07494570609232404,0.10885941998589954,0.12333943595079508,0.07497096086846766,-0.020342124191820223,-0.14065957121866626,-0.27773921423426,-0.4124497965652003,-0.520530501714621,-0.5941120875550933,-0.637042954488859,-0.6623740913543446,-0.6846296398276464,-0.7112969755666005,-0.7493198097175121,-0.8007414309936203,-0.8558101662399911,-0.8939459605736653,-0.9070278976784402,-0.8923551415665314,-0.8586915130166547,-0.821889148371536,-0.794064397807274,-0.7724741862533044,-0.7487956045888111,-0.72091262188411,-0.6879085156648627,-0.657045620694637,-0.6318932824193532,-0.6027863968950661,-0.5684617169365952,-0.5409216949498988,-0.520175365285106,-0.5041453595732395,-0.48683588490969487,-0.47072716937402226,-0.445336768774585,-0.38486313652563114,-0.2884963651171212,-0.17543759190476427,-0.08406537471190156,-0.03213035432817337,-0.006708680071116451,0.010605049469022116,0.025952945995966713,0.0413498785974813,0.060987011463900016,0.09005967735997006,0.11901650114690004,0.13815341969370082,0.14946091375679535,0.16055580255417898,0.17905950431177625,0.22351749890385378,0.31128781871524713,0.4303163272091133,0.5561653314156135,0.6711352156211167,0.7568619543954824,0.8140774940731759,0.8529279802897383,0.8851585364084179,0.9053449763516801,0.9037407863882879,0.88213907215516,0.8503277693558028,0.8250967950912209,0.8083764292721975,0.7897960049033157,0.7721469529180948,0.7545128828641342,0.7314876648321895,0.6908365731364458,0.6305498458482822,0.5662965390261586,0.5125369209150447,0.4696207998625175,0.42696606337905846,0.3765127493642491,0.31212856068002853,0.23673084397058713,0.1598275594996812,0.09046909266602636,0.03776330317824329,-0.0061884637105235505,-0.058847981274812715,-0.11805715787673582,-0.17102252939323948,-0.2153295427356732,-0.24683296207770755,-0.2641106620488706,-0.27237391540543554,-0.2794008599257229,-0.28926389973284383,-0.3177830767814126,-0.36904846369618804,-0.43877322497466925,-0.5106908607459197,-0.5654250209084978,-0.598552814376502,-0.6262270821902888,-0.6617919293458622,-0.7049589993813117,-0.7438409911040771,-0.7596903481351662,-0.7395078099121317,-0.6885887369116538,-0.6311973422284148,-0.5866779508957825,-0.5631158875358516,-0.5544224507014763,-0.5448810906701622,-0.5130292945541896,-0.46193077729957976,-0.4149517931965431,-0.37731255206436015,-0.34845963855423473,-0.3202646066983411,-0.28765309610974227,-0.24291467660989227,-0.17591735532455433,-0.07294982276999466,0.06182876623115066,0.17478444150274483,0.2146480025627271,0.18728437404387513,0.11755347258187872,0.01676724227228136,-0.09436359317528774,-0.19763558037442958,-0.2655856122528575,-0.27420492612993846,-0.19490122776032345,0.01097266889846638,0.2930270738692772,0.4873725443664148,0.5577152889315312,0.5648393123434023,0.560857885575557,0.5737753613818034,0.6155061819989601,0.6817355539882901,0.7497900055204335,0.8042710076030094,0.8450896862906029,0.8696184959533515,0.8742399612331302,0.8614025104215783,0.8320674133682744,0.7852620592881904,0.7022696372466155,0.526484154721814,0.20389451668628722,-0.14257721520949335,-0.3012032271448053,-0.2975707485313179,-0.19313032030852986,-0.02734326520633918,0.14394048183519714,0.2878330714226673,0.39056823512755967,0.4540949441943731,0.49599051253763776,0.5230448149944049,0.5269205235374246,0.4693352916856055,0.30253528435325705,0.04750121802909045,-0.1522539995909622,-0.26096397468492455,-0.32599458936024267,-0.3799977014632925,-0.4404129766462327,-0.512409180609713,-0.5852938544428927,-0.6436693432686799,-0.6852223563864097,-0.706409743824338,-0.706274723424066,-0.691720678344918,-0.672770593344808,-0.6558815460345377,-0.6393793812556463,-0.6128181072636548,-0.5896951049061424,-0.6013417709772284,-0.627022072443394,-0.6286500847907478,-0.5934085949959589,-0.531512257037447,-0.45623540101940663,-0.3796353595918352,-0.31060937294832514,-0.2539106412272867,-0.21963178278186773,-0.21362727120201222,-0.22633995200160653,-0.23757837445453228,-0.2351225461330028,-0.2275339414461224,-0.23466633198235087,-0.2353360167765505,-0.20886413371369292,-0.17102668732560608,-0.13135811202727377,-0.08500493255083495,-0.010077423405611434,0.12752947883847146,0.37725028528065907,0.6520575351828322,0.7773379089570938,0.8058430014160849,0.8042010076231916,0.7928535418054273,0.778999411066731,0.7564095206828969,0.7221349594252654,0.6781508763589595,0.6337174331211222,0.6016159909131958,0.5885728199979491,0.5919985732347212,0.6001823811262402,0.6079935436139807,0.6186014508297959,0.6423337058582212,0.684010060995023,0.7233509768913179,0.727963569188436,0.6674608738404771,0.5293723742797369,0.36792796029525227,0.2445871002696642,0.17352833895500966,0.14063548199487283,0.1422342780689058,0.16835355464044865,0.19330815499316056,0.18566208839933607,0.1528777255887091,0.11962388547216835,0.09526980297866994,0.07541659059353804,0.041080516391309926,-0.054536791678343896,-0.20134682019069752,-0.25838236589264785,-0.2716660500305045,-0.2830965618270729,-0.29273228966831344,-0.30588000024641837,-0.32403518696900846,-0.3485384003879191,-0.3773484102813708,-0.3964074078025963,-0.4060773284346328,-0.4234081484242035,-0.45614011331131943,-0.5040577396448175,-0.5637054266883095,-0.6121156199230738,-0.6331309392317191,-0.6251882666313825,-0.6094334014642357,-0.6040022450177663,-0.6109835226532032,-0.6292725308686837,-0.6492056079929749,-0.660724215587106,-0.6529892273559267,-0.6264865343050202,-0.58932881517078,-0.5523909643369589,-0.5293216759003558,-0.5274170504899696,-0.5650586772669697,-0.6338969223152815,-0.6795520203294919,-0.6623126816261146,-0.5968404928889789,-0.5176720997523973,-0.4432828961336754,-0.36841171374745424,-0.29113039148368297,-0.2147059302219928,-0.1424041754980123,-0.0814439211725786,-0.03361770750843723,0.0034717777350371953,0.03049069855813622,0.049068591276023754,0.058473764157269556,0.06238265081987985,0.06802463616399093,0.0938461684234357,0.16698067815236162,0.3148894559936858,0.530839298472238,0.7200865060025942,0.8187882766608712,0.8582656547544469,0.8708952712184812,0.8620049638810651,0.8400422885682749,0.7986591602593763,0.731865895406288,0.6422534049583137,0.5372819460875642,0.4306758891128175,0.33037245645286967,0.24421193439387412,0.17950873989554658,0.15853896004155948,0.16682969678488999,0.16891952038400404,0.15292651605507293,0.12503372079692204,0.09448113133596166,0.06834269318629471,0.04887269875507166,0.04060516108674436,0.03865762795684026,0.027904721936485074,0.004254315122876919,-0.028653099500998574,-0.06331101481006111,-0.10144587079882442,-0.147717294914306,-0.1939482027441991,-0.2469929700353192,-0.30760337214619177,-0.37820373879612346,-0.44527957811245467,-0.4806532702083703,-0.47844205811369567,-0.44877043915444603,-0.40540675696258766,-0.37301311184341457,-0.35719695258940254,-0.36372514390149463,-0.3916243534605055,-0.4381288511618535,-0.4978702724627128,-0.5579121846141104,-0.5997618018327935,-0.6160926602154438,-0.6050948193897132,-0.5801860073638339,-0.5536693225368889,-0.5298434473652445,-0.5105715875962042,-0.5130727857888163,-0.5431058347174705,-0.570892335057497,-0.5445057886050816,-0.4544433225129721,-0.31415462600082966,-0.15531550656198342,0.002102438723469068,0.16028500364569018,0.2900362020349424,0.3620263162557397,0.3785297060547555,0.35820245647740273,0.299940443628034,0.20728168180787773,0.12169257777095326,0.08294278065016888,0.11014971894913991,0.1736923180983229,0.24211006891622677,0.2925572412056405,0.3105719040876029,0.30567543504467193,0.2955905778458523,0.30657792546212265,0.34859743658686887,0.419680140685228,0.506545822962094,0.5952173678995747,0.676092452185209,0.7552865280802411,0.832902686042771,0.885420336932814,0.9124271297103554,0.9222707334424718,0.9210201631476557,0.9159653120721524,0.8954338897652154,0.8394885978001495,0.742289985599433,0.6237674388148475,0.49557255359780616,0.3626606213904305,0.24203718085730924,0.1367590305973564,0.05323254533163643,0.012971090309684146,0.028293343065046304,0.06569930201536231,0.08599304354102476,0.06055151027748102,-0.09585558158561956,-0.32558398910385355,-0.4375975187262678,-0.48216806668135215,-0.5234164371724072,-0.5917088303674278,-0.6805315849103514,-0.7462322441951265,-0.7725252313309282,-0.7789218947701654,-0.7878490448907312,-0.8043939416410208,-0.8373521719032848,-0.8787870995948255,-0.9166968587211417,-0.9411746989998793,-0.9522021843862183,-0.9502552767623486,-0.936286946072777,-0.9065211415414727,-0.8576675568941058,-0.7925188665578857,-0.7374786407793281,-0.7112177634577128,-0.7066352958837347,-0.7086651404636911,-0.6983384401281799,-0.6604184084785205,-0.6009003976292413,-0.5494264804579381,-0.4999713872766415,-0.4230679832063039,-0.2950926760754549,-0.12023930537152773,0.05283257970935223,0.1926896732961147,0.29300215021054105,0.3452789334261343,0.34275260776477784,0.2696884501185877,0.16221618042984892,0.08662369613038605,0.0613990175974367,0.04850474754765487,0.05489179756172471,0.09875451359268417,0.18587963736786572,0.2858389192826842,0.3771668308494625,0.45653095440483976,0.5159072785451614,0.5447985354795041,0.5395267386759477,0.5075938807227289,0.47311416349747587,0.45832707432651176,0.46996941571520373,0.5094660923390824,0.576202401956945,0.6317435275209847,0.6634858128110199,0.6967130764059628,0.7441299452142616,0.7987140917690424,0.8429121525757689,0.8563031662575954,0.8275697136245077,0.7631015505385796,0.6688746817682811,0.5395137326198309,0.3715691421460708,0.204222641145742,0.07081681162431858,-0.025814392650150134,-0.09239632013486196,-0.13090315564337549,-0.14880592731663952,-0.15280731602191513,-0.1524072604702707,-0.15076312119109517,-0.15845478346892616,-0.17163570580240237,-0.16303415821049688,-0.13699803471500033,-0.10482132877942572,-0.08131759739185386,-0.09878239327396607,-0.22198289202604704,-0.4312249748858451,-0.5460112822149115,-0.580473579982781,-0.5613187216855715,-0.5058752823696849,-0.43665921578076083,-0.36974193769323876,-0.3185074506182031,-0.28868540509583046,-0.2753812137586312,-0.2742917825526214,-0.28731393030314595,-0.31816852833929005,-0.36845823161845903,-0.42050935163939507,-0.4301627105952709,-0.38704636382127694,-0.32892816076628717,-0.2944855118325285,-0.28795765058365985,-0.3009361356450487,-0.3161678761519571,-0.31806130386679793,-0.29907995537272053,-0.2508602847026075,-0.17861889948167978,-0.1023327052800684,-0.03584032748180912,0.020229467050426456,0.07299374100488772,0.11073631227637398,0.12012615497338534,0.11599607430157546,0.11056327928227141,0.11114097832938444,0.12895088835868512,0.1687788796546746,0.23672963208799305,0.32800542292866397,0.4234877704025183,0.5076082826057612,0.5703473431639952,0.616126362218558,0.647508485972895,0.6798087601976558,0.7160446748517675,0.7461844430057191,0.7454761336226204,0.7016891944311672,0.6504263269755235,0.6249183458772901,0.6260790259449462,0.641418176813062,0.6561682497414797,0.6573389472033146,0.6390811830331845,0.6036573882746229,0.5540132719164251,0.49213589521483764,0.4106769222593176,0.32000956072915093,0.25002161798408107,0.1972976275092828,0.13083178378423418,0.03166427809790164,-0.09275714656873224,-0.21607405090211082,-0.3052962281797638,-0.3318357381089447,-0.2801645155695716,-0.1644093394206634,-0.05913997907593441,-0.019330961791740008,-0.08626781101461228,-0.2414150831212808,-0.428628548211312,-0.6040399746525642,-0.7286905765011314,-0.7947910174437461,-0.8096237893397942,-0.7916338967351755,-0.7570690765130684,-0.7216663936330019,-0.694389183830855,-0.6829904002770876,-0.6927769359978901,-0.720606775301684,-0.7558173918215642,-0.7802310551221134,-0.7902776450304603,-0.7894691593804887,-0.7825760286041991,-0.7766082928563913,-0.7761096660106159,-0.7831315312234143,-0.7866373400172594,-0.7675992406419593,-0.7181209543834319,-0.6394989231308758,-0.5468125014719628,-0.45637474430320835,-0.38071098650702373,-0.33340059487671586,-0.3114463951233745,-0.3044790016221717,-0.3014010990125124,-0.2916726451657617,-0.27830882253238176,-0.2934022341481328,-0.3450984333530475,-0.39799106402975976,-0.41207455637913204,-0.34144326270472947,-0.1792620400079247,0.018886335192421753,0.1420853346025561,0.15787606877100374,0.10942130980921341,0.04353814890237269,-0.00179933004882862,-0.007303915812911212,0.0372314697974006,0.12887546464420616,0.22931289489282014,0.3117346958091851,0.36946175467640235,0.40327756287044797,0.4237907519430984,0.438389485459873,0.4525206699008706,0.46924393217821936,0.4920374135343112,0.5165617495117865,0.5278854993902717,0.5250083070847765,0.5256879202288987,0.5321028032519131,0.5436894105301768,0.5612220349196301,0.5889059064489465,0.626098912916891,0.6710341957653612,0.7173879855331446,0.7495891661267896,0.7435526449275439,0.6723486352832782,0.5566786430654306,0.45744787218615396,0.4006335652699157,0.3802905416611524,0.372126762468602,0.34461015113030813,0.29730763208599953,0.24695845750382336,0.20493299684486607,0.1655903406914113,0.11368809917356502,0.03207414815266743,-0.08934541028725974,-0.24889633356197455,-0.4164268977580418,-0.5590292657623953,-0.6653685537720957,-0.7370794670807661,-0.7831378268895473,-0.8125162571233083,-0.822094465854518,-0.8066098612878154,-0.7675400920416605,-0.7163625704145025,-0.6586998589988042,-0.5932698427686008,-0.5186589796950393,-0.45320327479519246,-0.3897705519486839,-0.3359379781203182,-0.3118051209815798,-0.3139647550706125,-0.32650893866137504,-0.3376188559874834,-0.32426340903002965,-0.2811978509582808,-0.22561790998136733,-0.17961522679720454,-0.14395493211781046,-0.11514531915151066,-0.09665302147054325,-0.09944368160975824,-0.13628901853602646,-0.19667419646016315,-0.24531944874637016,-0.253608344806577,-0.22508438569474676,-0.15720925710086303,-0.026897553590490005,0.16446128388174605,0.3135753147761066,0.3553493478119853,0.32938688922054526,0.2828848560135079,0.25041403020132375,0.24692313192513984,0.27422292826825084,0.3329233268965567,0.4199539582130334,0.5166751608074776,0.613454949145153,0.6919258578007601,0.7416181798169122,0.7610750571786407,0.7607060681822582,0.755266834466027,0.7546761507958393,0.7774556717634422,0.8248458444651325,0.8764069914015601,0.9161786581768835,0.9327733991208657,0.9242237288555081,0.9066498833816597,0.8960839995369753,0.8865982962942212,0.8701304685691655,0.8372208644935556,0.7720414234175796,0.665022598499055,0.5236337869110895,0.3957066347664994,0.3043492890059703,0.22196405664447666,0.12522472873653878,0.026468334016568795,-0.0593421343242068,-0.1318464113445058,-0.21868822946494587,-0.3143018335564729,-0.4018234161146622,-0.47398665854829714,-0.5531917375262158,-0.6461426914619903,-0.7278036904191232,-0.7658688569545085,-0.7616920807811036,-0.7380268626374449,-0.7161751922198771,-0.7009518838340868,-0.6888239918382186,-0.6765709750586162,-0.6670965945744218,-0.6683028157230446,-0.6880143463406774,-0.7269029131998764,-0.7740699741512845,-0.8041251416065883,-0.7869610478479052,-0.7230378560991284,-0.6418163218758149,-0.5605235036318833,-0.48949719187604923,-0.4348561505561778,-0.41120192640431436,-0.42579436888400873,-0.47157162481935994,-0.5165524983784264,-0.5351954215536741,-0.519279740565813,-0.4686227378981156,-0.3998627569092622,-0.31965924928615896,-0.21041196576301888,-0.026975080191566376,0.11902992813858528,0.1153829428419346,0.06268769623441868,0.0012040486474953073,-0.05611330827603442,-0.10602094281157143,-0.1495169827065134,-0.19575731310531425,-0.24246448180689434,-0.2794845656031345,-0.2870855038263661,-0.2584965145573841,-0.19686453758404895,-0.11570437404989127,-0.032094073509960096,0.04564896501334072,0.11340814315397266,0.1756609808354108,0.24343301600534104,0.3222354869152411,0.40307856191807817,0.4679754650306313,0.5101834137722732,0.5472872984214979,0.6032309097612122,0.695019374881818,0.7782114003711772,0.7069148985757375,0.5343286359566515,0.4157623626151504,0.3688826164171205,0.38877736687967507,0.4771878762179402,0.6226617166223205,0.7502967675022268,0.8001429809604632,0.78429225812146,0.7209086623989499,0.6173565993130441,0.4792064412521204,0.3313174464953361,0.2073455169909252,0.1254940039955363,0.07363983084283228,0.03565948939747871,-0.004362943196420992,-0.05166559763768317,-0.10863664605295038,-0.18716783647084895,-0.2886561017442464,-0.39871367902684823,-0.4932955076249077,-0.5571269100537317,-0.5946544241857169,-0.6103790105880627,-0.6032583964597565,-0.5770973522003656,-0.5457809218134062,-0.5199324348836057,-0.49829732480629024,-0.4813349012604862,-0.4664003018038486,-0.44906170323167427,-0.43065926765074325,-0.409306815092643,-0.38282406626628285,-0.34807281726183653,-0.30652701703864144,-0.259196842754941,-0.21013731369711305,-0.158119098191062,-0.10812088312292009,-0.07315883633073561,-0.05963393907784942,-0.05931898075372345,-0.058331124537205487,-0.04594979795350909,-0.014496472984435547,0.03066420759534082,0.06698138860131192,0.08904698053203187,0.10722699605787464,0.1342150203112426,0.1781336599230673,0.2672313670660671,0.39803020768334285,0.5338785460135416,0.6350008613084833,0.6890210650298187,0.7132513294915162,0.7308079221119023,0.7539115707962211,0.7835146781557798,0.8101684276591804,0.8296506136427724,0.8398516849746315,0.846575767731313,0.8553976779241744,0.8744514595422624,0.897444622259476,0.9159245168189148,0.9227653698787757,0.9133396876405259,0.8908093594349362,0.8639902384964908,0.8368781033477302,0.8106853711638711,0.7899273425286331,0.7735881434199594,0.7609472836666525,0.7421507289430817,0.7138728507743518,0.6670045150462589,0.5770615213937647,0.39858189492131474,0.1559249050047152,-0.06177034417425492,-0.2115947329669707,-0.29139122718206684,-0.34675932486113337,-0.41893847790034755,-0.47097470244648665,-0.4711686606445071,-0.4474106205492805,-0.44387859152605336,-0.465383847593602,-0.5113431875285347,-0.5889514659369751,-0.6868170192502454,-0.7587442277393981,-0.7722053697885732,-0.7414564509655092,-0.695732242726389,-0.6509056425099581,-0.6128369736147241,-0.583661283688545,-0.5607354878971333,-0.5410866422751789,-0.5261196654109922,-0.5042368271198195,-0.4704224522820349,-0.42826602232927646,-0.3856712298885109,-0.34626899072408984,-0.3161699741727796,-0.30949846434093153,-0.34648984571227054,-0.45097596526387285,-0.6008289900359066,-0.7026646405927296,-0.7235310282554127,-0.705498617401033,-0.6726212691416996,-0.6249653657642548,-0.5629239120076065,-0.5002878356810095,-0.4461785575853984,-0.39833568125846,-0.33690201607849396,-0.2646676333668762,-0.19405695709550833,-0.12240682030046274,-0.0223734780776133,0.08631043121309229,0.1180733666548456,0.10216643076383099,0.09397231149715904,0.12219227265724387,0.19271043433919066,0.2813796759029836,0.36568594215221106,0.4462657383214928,0.5269721732282133,0.6049606528342997,0.6569149347995101,0.675274975532628,0.6758577304774642,0.6812630177443548,0.7016747810052818,0.7330743726069613,0.7697268318248749,0.8162180287510344,0.8697408835674221,0.9054306269732636,0.8989313211331117,0.8654694231743237,0.8437257882318687,0.8415834216931987,0.833558377798516,0.8056492948584434,0.7633622558999135,0.708960684303965,0.6324885887107458,0.5231641745987783,0.38140847058930694,0.23084559978789077,0.09832579885983042,-0.004267777122742838,-0.0809960160850389,-0.1357064838747356,-0.1641999539070024,-0.16379318250293434,-0.1472309116035555,-0.13355609110011504,-0.1357080235360279,-0.1655524896710224,-0.24323294684782673,-0.38307678577608384,-0.548643909043621,-0.6845621254271146,-0.7854784998630111,-0.842378717724704,-0.8562093915201395,-0.8288862050919815,-0.7564860016807767,-0.6449440511370792,-0.536266893880811,-0.4750835494706978,-0.4722749120535102,-0.5173270766746376,-0.5831256715281097,-0.6444619908800664,-0.6860765700690181,-0.7034285314527994,-0.7000897675926272,-0.6886389971579653,-0.6725452079880551,-0.6405080229644436,-0.6068365212211345,-0.6020534996611778,-0.6378315321834817,-0.6948470289801364,-0.7337239663196936,-0.731570595755721,-0.7004192018565061,-0.6589527730322493,-0.6151178638385567,-0.5683158798878764,-0.4964540166022827,-0.38006658789138387,-0.19790209982215393,0.06049149159646003,0.3917587376663856,0.6429908329904453,0.7055185240318858,0.6900617686665665,0.6712427435436026,0.6816160128974604,0.7174579409381301,0.7448075223767361,0.7480446507159599,0.7396429445198284,0.7218926788169289,0.6977689912120767,0.6660530606909751,0.6215116931260031,0.5758961242206593,0.5445101020509024,0.5319785892773382,0.5299979484799117,0.5352770742500514,0.5500184030828761,0.573985721231543,0.6051962050041217,0.6402094628797688,0.65863156685089,0.6186520959484888,0.5018070825910323,0.319235497232644,0.12342063959002983,-0.020850879043774473,-0.09996015481062975,-0.13858077960189435,-0.16160788061321174,-0.17779721290647624,-0.19214074613812582,-0.21780515265925068,-0.2737321151911261,-0.36402709509125003,-0.4702810923311724,-0.5600661909707727,-0.6365398633929549,-0.7092543553983969,-0.7424624670312228,-0.7209716481151619,-0.6422664162652086,-0.5218074079423906,-0.3936440356677193,-0.2846329727594776,-0.21646651426206323,-0.1993744161430532,-0.2328349511190215,-0.30029410129571815,-0.3750287003310127,-0.4216957822887603,-0.440733238036663,-0.45364639377694144,-0.4757825872965464,-0.5097138778331842,-0.5556130740258323,-0.6059076709568308,-0.653673937931077,-0.689875291889532,-0.7142936335808872,-0.7346797853992233,-0.7509049017182617,-0.7617162044783826,-0.7587333098688726,-0.7391553486723434,-0.6983841811966237,-0.6396992255810714,-0.5620017971755894,-0.46417871164573765,-0.3387563601118746,-0.2044073093522322,-0.11367912234689258,-0.061874407437873265,-0.007475578319477047,0.06227819543539018,0.13431629366174114,0.19741414972251597,0.2577004067424537,0.30509485986030593,0.33567392684408803,0.3398718510320706,0.32211021770784026,0.2882811651083568,0.2476397092166524,0.2052652094832786,0.1984611987713743,0.2395440814963815,0.32095578049035234,0.44672171029492935,0.5894238903843895,0.7045370960314032,0.7722291191176195,0.8068992685735563,0.8251330452069221,0.8351205326123553,0.8362954600403492,0.8375640947336525,0.84281768349316,0.8433532880013657,0.8378593550748785,0.8400377581305187,0.8490896883635851,0.8618869493533361,0.869479486938585,0.8656503668243801,0.8392901473395943,0.7643110217133571,0.6263496710122151,0.47455288333131307,0.36785862099185723,0.32301069464858334,0.32060660663672563,0.32587703296219794,0.3040001250554432,0.24834894241698144,0.1821879316315966,0.12242906198706682,0.060306588267528126,-0.002128203781565102,-0.08047313026323538,-0.1742825493447511,-0.2806208345980054,-0.3785752799279123,-0.45223756357068556,-0.4816125505193647,-0.46904650521205754,-0.44978292393881775,-0.4667880104204373,-0.5234623736549456,-0.582758437674816,-0.6165426546985013,-0.6224074527558062,-0.6121588622846932,-0.597898041620137,-0.5883703538510303,-0.5905241123765622,-0.6021249189348716,-0.6164662076844207,-0.6298919554781756,-0.6350689797908908,-0.6342513445953145,-0.6322386077033119,-0.6257660412608408,-0.6142429797960623,-0.5998639859536413,-0.5869849674213026,-0.5810484515138588,-0.575596439166021,-0.5620925504230658,-0.5346120259660637,-0.4981693101557704,-0.4708327626628606,-0.4725323659641314,-0.5157919843623334,-0.564976483967882,-0.5766852027529403,-0.5411231394258446,-0.49574216140338456,-0.43647630467219733,-0.32554158966314434,-0.19242758442692381,-0.07545110410489439,0.03284335429243552,0.13164055596923346,0.20326253730074767,0.272285984409091,0.3889775986418137,0.5724513191602664,0.7572834133808726,0.7951229286616593,0.7120507501355136,0.6330369421710719,0.5885681278049251,0.5506666312892066,0.49303067325904415,0.41813758364792075,0.34304112316420643,0.2893257328177805,0.26193307458973203,0.251845707215284,0.258569134518548,0.2777123399081188,0.30134300079884463,0.31833385523430546,0.32235384157249947,0.31477039623716235,0.30499494397446797,0.30378183828760374,0.31974325502537604,0.3545623378903356,0.39272773971479613,0.42454343291278,0.4396728990087001,0.4122889142160885,0.25219635709842975,-0.14181060188154213,-0.5406694235606422,-0.8034838262211236,-0.8933802375768154,-0.8541018855435911,-0.7804979027354272,-0.7254980921298477,-0.6836123231461888,-0.6382977751115152,-0.5834595546619131,-0.5206784939278196,-0.4581756945084221,-0.40492538742822204,-0.36531916444919144,-0.331445083498765,-0.3025426932699569,-0.2833509722947814,-0.27952209433202385,-0.2896995416328952,-0.3020411603135708,-0.307026823686428,-0.30730952901258807,-0.304060761535747,-0.30708372541823875,-0.33257651554779555,-0.3846866219089265,-0.4623573680414598,-0.5643425260330771,-0.6651661288313133,-0.7107731768464813,-0.6894128339340195,-0.6227643869672294,-0.5167745407872628,-0.38999136867140594,-0.2827819069451159,-0.2124881186441542,-0.16125554608835957,-0.11841323782377502,-0.08194562105325835,-0.057749318359591954,-0.04520502732906924,-0.0291494882752819,0.006801100008078395,0.0661578187972444,0.13731551454705396,0.21091179426044984,0.28571547559578564,0.36439849455598117,0.45578733569753105,0.5680845417137156,0.6806627753649365,0.7703920779241556,0.8322759070907791,0.8728545023921239,0.8992175976528394,0.9112500154226998,0.9063642210034135,0.8909073331750049,0.8628757188209697,0.8155625940782036,0.752007864658789,0.698117960558789,0.6711785759066252,0.6755011636361403,0.7032870430397162,0.7443787127891083,0.7849479168301841,0.8217388772672509,0.8333291550921119,0.8076624479851244,0.7490808605473719,0.6743816902051304,0.6104287333293864,0.5802503084360777,0.5961731665696448,0.6536820559445209,0.7185973876119991,0.7598659340996889,0.7512775111095128,0.6719773451459218,0.48091380596145084,0.18499670886291958,-0.05711509413027975,-0.16800319891048682,-0.20152839771691333,-0.2519292067289235,-0.33385362356772963,-0.4055640122242983,-0.43573341887092104,-0.43878215079801297,-0.4407936303120407,-0.4621773034187947,-0.5217483820628266,-0.6046604749573112,-0.6945583153329049,-0.7781532072266957,-0.8316325254241951,-0.850421437118644,-0.8463824152699178,-0.8341285507040417,-0.8253683922818386,-0.8188009294905263,-0.8049564981674722,-0.7753225805826032,-0.7401604272187485,-0.710079830426709,-0.6907589538501762,-0.678829081752507,-0.6684452799606364,-0.6724218418842771,-0.6959323061039655,-0.7375562668507651,-0.7829304351670813,-0.8127433790583494,-0.8155402038357031,-0.7826118248357924,-0.7199726018278779,-0.6261313939824389,-0.5127075318468144,-0.394781972750474,-0.27653764006152476,-0.15155931186774746,-0.04392966461647139,0.03805385329956379,0.10853555376433562,0.18408671113150474,0.2840819288334377,0.3993273308402556,0.48378306174911995,0.505780070061181,0.48843254805565833,0.47664386196625846,0.4790903304227378,0.49658394308267756,0.5329116992412832,0.5874940210323446,0.6527055264435141,0.6938376934526583,0.6703526581681779,0.6138869394348337,0.5687012424470529,0.5419328729512891,0.5245140561817657,0.505715891222222,0.48013980318181065,0.44856824644402443,0.40507940914311713,0.34614295993702754,0.2783944715180631,0.21235825308878928,0.1622403408695812,0.14189047791003218,0.15280018556090957,0.17954249809690914,0.20411084611054395,0.21749423870080134,0.21539032523882343,0.19600766962547314,0.15626945842194928,0.09583163632851521,0.019819744275344546,-0.07954238524709155,-0.20948716648516513,-0.3753213052622359,-0.5412972512551726,-0.6102372294076915,-0.6235997454167087,-0.645382990741126,-0.6748092250408526,-0.7057223400783994,-0.7281999656736787,-0.7321756780780131,-0.6995506171582857,-0.6250786784160934,-0.5291376256218113,-0.44334866348700375,-0.3823969045058115,-0.3476877101016243,-0.33764698949817706,-0.34188197045633045,-0.35438085625512944,-0.3746569126120537,-0.40317156592992,-0.43651213155985685,-0.46818384213073005,-0.49070884692899547,-0.499556278214101,-0.4987729238341009,-0.4896340503040615,-0.4715375743831393,-0.4493031381363742,-0.4369839650938199,-0.4418097188482017,-0.44765975405813146,-0.4400912855358517,-0.4021358312110367,-0.3173471693023402,-0.1917226412620035,-0.04327289646832993,0.1223535881339107,0.2888636564464876,0.430566527382877,0.5160702437941551,0.5037439944340592,0.3861593730457541,0.29025591748340945,0.2973781286391341,0.38123305524299494,0.500732261190919,0.6295428163931793,0.7384121513865388,0.8037607994571698,0.8132604444165908,0.7846769418844339,0.7488024619327506,0.727166545630436,0.7233825907148681,0.7304972136680042,0.7327433355405314,0.7246308916280159,0.7071143616204755,0.6899350337018149,0.6854972952172509,0.7036325575712854,0.7453963505906841,0.7861726152832496,0.8120687893225326,0.8237184690463083,0.8165098248516419,0.7907008140248569,0.7634403963925309,0.7420715381215867,0.7153049665441973,0.6860318820464939,0.6585236236787141,0.6187581859512702,0.5610016854911791,0.4819803512856411,0.3805271242788901,0.21897835416836242,-0.02110984170829908,-0.2561650514204687,-0.4051557324845791,-0.4975897778853796,-0.5597714567379114,-0.6080338999721314,-0.6404331887686849,-0.6242836986011013,-0.49260399682533995,-0.31162395976477714,-0.20931306064621083,-0.18974139848046787,-0.23113350767065688,-0.3038807136719566,-0.367728689576982,-0.4019681488130556,-0.41210270250222614,-0.42296023663447535,-0.4409967328170905,-0.4665185400594262,-0.49540524170754113,-0.5267672401165906,-0.5554399842584177,-0.5816786620108536,-0.6050093325371524,-0.622998205752918,-0.6420722739663722,-0.6706816318998288,-0.7113411546730211,-0.7624288291519922,-0.8256736723421868,-0.8608266220116992,-0.8315335931452835,-0.7550183941875268,-0.6720698816053482,-0.6159953349475038,-0.608352318880137,-0.65834623142393,-0.7383984003768942,-0.7650137829957637,-0.6942130928044703,-0.5873871932552052,-0.4990578862994093,-0.4346324669289813,-0.37571557839020425,-0.2851810883988975,-0.16073267517188797,-0.039903107689494455,0.05590998072023734,0.15979681332521833,0.264092720878534,0.3498300607290133,0.41218588279506,0.4565704422529575,0.4852987817719439,0.505566367387622,0.5228237346802526,0.5460430832334601,0.5793913183714432,0.6140135498787278,0.6426336657173563,0.6578227409792615,0.6634258255522972,0.6700896989933244,0.6883653108272527,0.7020813909281588,0.69603000660272,0.6590833635178203,0.6089510589729372,0.5825139207398046,0.5917649700561292,0.6343006420488246,0.6917496041028218,0.7276975528694873,0.7287742311646573,0.6874609407376054,0.5996139968918127,0.47797866585887816,0.35849603576430683,0.2703383326237059,0.23202004599207707,0.2165002628240152,0.14423833096430175,-0.20282331758476185,-0.5821248108819145,-0.6062007403152606,-0.5824378985525722,-0.5472571937645251,-0.5007083022520689,-0.4537712675862196,-0.4224517710453985,-0.4134577155654951,-0.42100161986807005,-0.43481098743972507,-0.4502981876331593,-0.4659012700072844,-0.48061201757093114,-0.4899249962873178,-0.4906579334052001,-0.4836373797192592,-0.469122848156047,-0.44869912781078114,-0.4227476550999908,-0.3955696684221312,-0.3770271592834403,-0.3765972306151775,-0.39432558681814356,-0.4360588465375521,-0.5062174949097007,-0.5848491737827204,-0.6291244788731146,-0.5915660374902643,-0.49865384567852183,-0.4077496200876645,-0.3324039149458607,-0.2576307134163057,-0.17449369283906183,-0.09219804024078453,-0.024064636286262826,0.0241443579448554,0.07239101692717634,0.13380843772218146,0.2161477592518581,0.3036815633208962,0.3865557984604736,0.4564109844932291,0.5025430048977471,0.5181159183016524,0.5094037003971559,0.5041220709490211,0.5131400059795755,0.5375331209225496,0.5634968606585313,0.5775776416769812,0.5637539627540308,0.5276524708418165,0.4887492664427877,0.46521313612358156,0.4650415262341391,0.47893156760582384,0.4815465856122387,0.4555713500896438,0.40948669947290406,0.36412267855732056,0.33350862593350783,0.3256870170082876,0.35360858376694976,0.40525784448437996,0.4500629542932421,0.46553651737302304,0.44705693783222766,0.396114393950871,0.3219728932758504,0.24407229119783663,0.1910590918654584,0.16522642177999528,0.1603962430403717,0.1597385404632823,0.1592200395363593,0.15206802479083384,0.12613403388112554,0.08230757942403868,0.038650511426069345,0.007595054978187381,-0.01268986111564544,-0.04131481749909555,-0.09200727534364087,-0.15424035330103938,-0.21170659898407623,-0.25668567396015823,-0.29410843240360607,-0.3240066464573304,-0.34588606172383807,-0.3544466176073075,-0.3614258313995009,-0.3873916479101595,-0.4366662818116362,-0.5062801873805098,-0.5784412429008182,-0.6384356008388816,-0.6888063506274597,-0.7350400150301414,-0.7781848963243375,-0.8219789809283428,-0.8646151252469758,-0.8951794134312854,-0.9047207522642344,-0.893088791039642,-0.8594317686146766,-0.8060599832226601,-0.7435926970264938,-0.6867095221688382,-0.6217704996106075,-0.5362269432074296,-0.4577509828538051,-0.40488236476484213,-0.37217409054188283,-0.3528016711489601,-0.3433235718395827,-0.34761532462593986,-0.36411708032931045,-0.3834520197647178,-0.386600144512621,-0.3586456540210737,-0.27987565026117905,-0.10819480145945831,0.11553507893173127,0.2719236931525853,0.35890452313855126,0.406311706329718,0.429348562267436,0.4416361121383993,0.45040900130795297,0.4615990665307272,0.47871005587357357,0.49944872855620354,0.5227288059195697,0.5528132738038666,0.6006670584796302,0.6669481901342729,0.7266476594793823,0.7494512919930565,0.7523297406768978,0.7709676654866922,0.8141478001131923,0.8658924113680903,0.907497791776754,0.9298823463002497,0.9292318258721174,0.9093870044723699,0.8814228728604903,0.854097532220136,0.8264217490102725,0.7898764850963566,0.7516867013750308,0.7137823990044854,0.6506287411737732,0.5744423418736043,0.5046873608148941,0.4187868574210106,0.2999273675452116,0.18465104831527113,0.0890002643406727,-0.0014434438303003287,-0.0908724140615876,-0.16547680917183794,-0.23882142885089108,-0.3218907100577021,-0.43452639868488036,-0.5698400429700756,-0.6893702529005108,-0.7597253615388985,-0.7941694796128488,-0.8103657054574015,-0.8111497167096128,-0.7999393923388135,-0.7780741152848036,-0.7493474883474315,-0.7151590438885554,-0.6774584866709799,-0.6275043518012196,-0.5696105816401474,-0.5181757698618249,-0.48742774046471765,-0.4745593533440528,-0.4678072781035544,-0.465499246364429,-0.4799909643902808,-0.51821802798033,-0.5728286385600904,-0.6205644294270222,-0.6417204261327762,-0.6421947709670315,-0.6262717060413263,-0.5978519438584795,-0.5750175680809232,-0.5712903617522872,-0.5919782418271253,-0.6288825370767639,-0.669263330359386,-0.6821273183423683,-0.6370864700774341,-0.5316664596009741,-0.35603312622317757,-0.11269342552811465,0.154283802598327,0.3822369988040875,0.5227152323107377,0.5900019119077495,0.619567583088131,0.6386555365449224,0.6648950793861826,0.716738160459602,0.7895762665568692,0.8500593470343383,0.8707800487797991,0.8649944963884324,0.851335454038425,0.8367685278071274,0.8266863362316786,0.8263427167861536,0.8155299668910757,0.7773698109724437,0.7297023799660702,0.7006528038795047,0.6992337590027989,0.717395693134097,0.7308785111926044,0.7228654863064696,0.6832345898721615,0.6044778033875733,0.49166491244975363,0.3453156726577526,0.19495660274806073,0.0792258825835622,0.01325936990116217,-0.011459889311462532,-0.007960781458278148,-0.001847129622903519,-0.03386708090964977,-0.08435160949726066,-0.10037230464755499,-0.07724212482641875,-0.04818144968995717,-0.054546797235807416,-0.1123193251023226,-0.2060873100679644,-0.3108922942542562,-0.4090205677471028,-0.49043095446588825,-0.5500704848146648,-0.5867051365868701,-0.6042877960091346,-0.6050863435441551,-0.5935972618361441,-0.5704005024095736,-0.5385471377545125,-0.5055220978287311,-0.4723825213871697,-0.4420272193982368,-0.40927166095023354,-0.3675537097919765,-0.31086134904014434,-0.25269644491365256,-0.20321315104581927,-0.18037551930417187,-0.18925512329483837,-0.22392906726529305,-0.273213218321722,-0.32876111730980867,-0.39977171818383705,-0.47661681367322173,-0.513820418060337,-0.48103127173006227,-0.39318921557180203,-0.2982711019837451,-0.22223450334560096,-0.16583139987426293,-0.12256371692504694,-0.09254758071516543,-0.07723663886671733,-0.07206463761143188,-0.0723834068880074,-0.07584815750179394,-0.08196748468506185,-0.08884943558010074,-0.0939417734638698,-0.09211925672972433,-0.07526893372135617,-0.03694612633624978,0.03499919483719438,0.15021959189764209,0.30793574350785446,0.4894148378566946,0.6464037370086436,0.7541232404744923,0.8239331022065581,0.8612351224262476,0.8589757774051857,0.7966185159870882,0.6736478764922169,0.5363783416777261,0.43192475999846547,0.37653795626045194,0.35533452770649854,0.34858669296195904,0.3427765677758741,0.32899554396637726,0.30713949445885214,0.28420190986185134,0.2656711813996052,0.25814586797244243,0.26321813477020695,0.28153262237812526,0.30184261931452944,0.30646070368875544,0.2841578562708922,0.2324072583075505,0.1699552131787078,0.11166443370431879,0.06929377729402066,0.04707835050152436,0.03501288921529964,0.010226009529135237,-0.05408549473722026,-0.16957297478203243,-0.28086420677477547,-0.30774484759387094,-0.27331384130549086,-0.2230636043181793,-0.18459810471772994,-0.1689763555092627,-0.18711479244367957,-0.22925021939967563,-0.27824479161626064,-0.32351537202600833,-0.36250762700186895,-0.38699006071152464,-0.37682791602785926,-0.329505610736708,-0.27697597489601855,-0.25861748908589954,-0.2928834086674814,-0.3787101109236887,-0.48703702300325374,-0.5796528060452354,-0.6373287231429648,-0.6536132082033312,-0.6350647916189215,-0.5989988002053505,-0.5568966862031893,-0.5137140483761081,-0.4606619471028565,-0.3873160706814029,-0.30096302173549355,-0.2120964455915044,-0.13460200183945312,-0.07608770832705515,-0.03390907416290019,-0.0009418949141818713,0.03931403135313741,0.131621432716854,0.26881296554666895,0.3676918675822591,0.4130625917451996,0.46604504832168014,0.5309749141060262,0.5355564375226194,0.47757454787418785,0.4210800893979967,0.3872840978063496,0.36806343287946247,0.3543033433069851,0.340005330220215,0.33198987039376887,0.3531266190269488,0.40874784208312553,0.4863366136581911,0.5738416603091212,0.6450769094957128,0.6896984342222383,0.7155307783051864,0.7331234711066549,0.7537134796614661,0.7702257811959313,0.7752620295759395,0.7713513242760551,0.7479628766763802,0.6878213097238132,0.5923210600937981,0.46031985201620546,0.2980398945529332,0.12150677125871502,-0.0312963125482688,-0.13368923416234665,-0.1874527465145228,-0.21571900784768172,-0.2387898371173963,-0.26362993714526445,-0.30724187317095625,-0.37603434757322896,-0.4758983072732807,-0.5471115329226743,-0.4950759089135847,-0.42685641224728305,-0.40187427730658487,-0.39124085785697416,-0.3677728670688469,-0.34520377174281297,-0.3544008887059888,-0.3979301343362485,-0.45860186558149785,-0.5110395365694478,-0.5516718732111457,-0.5698648852775082,-0.5659239122145847,-0.5468713796920693,-0.5204686590142981,-0.4869474680103771,-0.45601720183551303,-0.43931286806774617,-0.43964668565118736,-0.4582254966850487,-0.4910422703519244,-0.535442246015411,-0.5927101953683829,-0.6647203953620976,-0.74559545158886,-0.8074332028882368,-0.8263792013783456,-0.8082839466525702,-0.776731728769843,-0.7480768000031318,-0.7234678174636406,-0.6809988794206229,-0.5808011964957496,-0.3572738383658394,-0.05451491759956528,0.13996846851961825,0.22374797159908036,0.2800201771686544,0.3358067208904499,0.3802367227601154,0.4121085335333686,0.42711016248822753,0.424779822704643,0.4111141961268824,0.39186673183734144,0.37224111772884977,0.3587078274919288,0.36359681088636836,0.3984517430239531,0.4683722242678019,0.5525589489870679,0.6054319888365681,0.580201503816202,0.5239976361573242,0.48449189661021025,0.4512880515188825,0.4168511539298032,0.3784992421865133,0.3351859666761179,0.3037354940786588,0.29913077734672056,0.32940215072997775,0.40079423033075445,0.49906991128479955,0.5688411189181014,0.5742268939455941,0.5303742203051843,0.4708660264969641,0.4183000779724717,0.3812311025925064,0.3625382263942705,0.36241660846097923,0.37163935017162686,0.3653777057905681,0.3322385043062385,0.28420122748298815,0.23286254101365525,0.1444613800813426,-0.04596115800694598,-0.29411538831957795,-0.41388190268086344,-0.4213981216470883,-0.3938084421352551,-0.3728368212000382,-0.3691717655862585,-0.3762710041137289,-0.3879787339263923,-0.4129708595778454,-0.4614131020202806,-0.5365674527926263,-0.6148357493790106,-0.6664747294181639,-0.6935195695096251,-0.727790226479877,-0.7878821749441468,-0.8407609375552958,-0.8095376616999321,-0.7097206283699969,-0.6259353657243107,-0.5839835535941508,-0.5732241975999601,-0.5767452813900951,-0.5756321697029279,-0.5516265037719974,-0.5066506142053483,-0.4622576648936216,-0.42486115000696784,-0.38979293384660013,-0.3433343163335041,-0.28817302228406527,-0.23101912989890905,-0.17728509958474198,-0.12975163246737856,-0.09250889256319186,-0.06286877526156724,-0.045046292933504165,-0.036972362051242075,-0.03169549189291939,0.00037075883154311724,0.09172753040670376,0.22597196456113502,0.35250058953518415,0.4284638285854617,0.4479540399660104,0.44250819938535507,0.44533928324244254,0.482294602430902,0.5700501636067142,0.6858048791835776,0.7401897957930267,0.6927950377859723,0.6025201271796299,0.5241454612450136,0.4862151046960088,0.48647957608366194,0.5152567580539507,0.5545121721931688,0.5799605341467259,0.5787580307074889,0.5559780638953153,0.518403867335674,0.4815181126033741,0.4606248282808604,0.4541081275196208,0.4517091006498534,0.44815438765448823,0.4436417388409908,0.44660924904281807,0.4689675378486777,0.49240056810544647,0.5033623522581103,0.4919549316503132,0.4407437058531865,0.3368791547028303,0.1832696398218974,0.006195485000875509,-0.15270969982771515,-0.2688927963426523,-0.3332625165906164,-0.3627034839558047,-0.38540512309787245,-0.42003245915164206,-0.46969953137679454,-0.5450599613302771,-0.6491422413978948,-0.7610478044462748,-0.8375481519904918,-0.8570858946029208,-0.8445700743282112,-0.8229516460945334,-0.805321252111546,-0.7988320085675922,-0.8000109811402765,-0.7988984010321436,-0.790367531056811,-0.7821839224036982,-0.7915453129209524,-0.8194273031630459,-0.8400174875003658,-0.8355806658181373,-0.814778694320026,-0.7874222184543952,-0.762456733306777,-0.7340565509436864,-0.6983797008709861,-0.6537693676139134,-0.6075353628023725,-0.5662471757121158,-0.5155487610949764,-0.43292488489011455,-0.29314269181058994,-0.16113047987004286,-0.10404933180868525,-0.09281663000807784,-0.09984021387043306,-0.10876492116814326,-0.11444954127843296,-0.11718498071779138,-0.11727049309334064,-0.11222241308572677,-0.09244034327026517,-0.05396958540014151,-0.0024525907256015347,0.05976282577000347,0.1357887658864105,0.22399814104479665,0.3059112790826081,0.3661719210706199,0.40116003299395536,0.42091671913862977,0.4467947547544555,0.4987760005818138,0.5804849057696189,0.6608427410853505,0.7025766386820297,0.7042132566804776,0.6818431965488939,0.6539487677610587,0.6294048632069311,0.6100148865149092,0.5913490415223519,0.5792232159139028,0.5719074657894527,0.5768915393471911,0.6049233463601903,0.6457680217335028,0.678357098253292,0.6880699460939885,0.6809631244040872,0.6657719686600353,0.6429567192639319,0.6132360276457028,0.5918487430479242,0.5830568792671618,0.5708360864363637,0.5250458771249933,0.4336426918992337,0.30170282586499003,0.1444879823861249,-0.019758534947896075,-0.16528127111530425,-0.2817419672021025,-0.36393203731819024,-0.41678271310549775,-0.4561299855221168,-0.5098582981284193,-0.5831914806372626,-0.6590690731831174,-0.6994556275404925,-0.6872407009239164,-0.6318299585997935,-0.5757843611433465,-0.5435867878775387,-0.5369761750834118,-0.5555460667395064,-0.5955579129950651,-0.6443082265309791,-0.6798882542668785,-0.6939888274559312,-0.6973291272230621,-0.6980942202857556,-0.7027991793590084,-0.7163340278182148,-0.7307594632111589,-0.7316240224213599,-0.7050170958296175,-0.654190144959602,-0.5948911056700351,-0.5341846148974436,-0.4718322303318252,-0.40784351784531464,-0.3497047682139344,-0.30789147411213114,-0.2923412184163473,-0.307832182936429,-0.32823966291211354,-0.32667820084158905,-0.3022960666150754,-0.2590795768246768,-0.19671408007764232,-0.10445396178550831,0.04539101370201398,0.257020219046147,0.47704568410176185,0.6430327361571283,0.7489130528439087,0.8033418714145428,0.8251212585541722,0.82973197754969,0.8358121040180276,0.8508610926083655,0.8703569692246121,0.8875964154503434,0.8962774735305294,0.897547308991201,0.8949218862244906,0.8849595648435878,0.8519928664285528,0.7905855620206362,0.7131875125793412,0.6376186429154088,0.5813247556288658,0.5559356471329534,0.5176379406263784,0.42759512552758555,0.3411116672593152,0.3138556631475554,0.33080586086326724,0.3693494354373126,0.4162912400282092,0.45651350635605026,0.4666648140518391,0.43648631805097,0.37570439166515046,0.319013781000052,0.29486766630820155,0.2992555830591432,0.3135609094282396,0.32217156083040266,0.30839131085591054,0.25189293107954525,0.15820357984068753,0.04378177072306101,-0.057113743661862774,-0.1558523695078004,-0.2711425749402894,-0.3931241714711171,-0.4661693914811421,-0.4810463751759451,-0.46495387587502296,-0.43408708106691446,-0.4036721320026191,-0.3826888539251233,-0.3818723348257796,-0.4083816387980824,-0.4603679416393683,-0.5307027413274598,-0.5979203544703926,-0.6193165965013282,-0.5660386547075665,-0.48772108717917173,-0.4429354722245062,-0.4453132727285803,-0.48634479844091655,-0.5509358184954866,-0.6130760059907228,-0.6431803385709006,-0.6192437175968512,-0.5448787294150138,-0.45105762433077956,-0.36825908472085694,-0.311741483737272,-0.2795456424059988,-0.26733998203388054,-0.27940403686522064,-0.32296617171674824,-0.40515556925820356,-0.4950136427261849,-0.4862280269726746,-0.35372573683429154,-0.17753879124483746,-0.007651023061136282,0.12066169817942778,0.18713450237667287,0.20089556464070468,0.20368288025840306,0.22904974483161747,0.29368260435556515,0.4057834726967923,0.526965810636519,0.6046961203288731,0.6264598337706954,0.6047195700745174,0.5555841465900774,0.49950085873859,0.4647731465074939,0.4583584030919241,0.4633228852597276,0.4652582452629741,0.46263005925498046,0.4546417392694886,0.44216178657138766,0.43268658455984116,0.42835301304360157,0.4297013351013578,0.43673732174201646,0.44495393447237447,0.44075839911012793,0.4218498903888913,0.3910515298445631,0.3408900015369464,0.2590993148582469,0.17994975770763025,0.136015247674448,0.10147718518475556,0.06411848444213626,0.028215265249716334,-0.004603179335077376,-0.051054162544947636,-0.13848033279034666,-0.31381458425857733,-0.49427350208755005,-0.5599951731199739,-0.5464719107613485,-0.5127298858103528,-0.4875778703494992,-0.4654992377616888,-0.4372108385567853,-0.4155527827666209,-0.4128900957903307,-0.4312555400881389,-0.46819779285036484,-0.5068958771683514,-0.5343052228895533,-0.560516357032391,-0.5896990885690496,-0.619254474095105,-0.6413683243875926,-0.6618504065957653,-0.6731814682001361,-0.6535292424746393,-0.5929400831507623,-0.4996090826963625,-0.39145262862405006,-0.2870671704840952,-0.2096196138354381,-0.16688723520573862,-0.16297048344595666,-0.18530833556900392,-0.22395800459346524,-0.27021701162526995,-0.31419924081932654,-0.35349956996959436,-0.38357594671692463,-0.3944651616184779,-0.3817847221406457,-0.35273214454505264,-0.3218932681361056,-0.2744458705604371,-0.1869728570179248,-0.06147403492567573,0.07692210174055518,0.19484751221430896,0.2796047303716622,0.32756134652033614,0.3472275668931953,0.34510697104726756,0.324924280134428,0.30221943065754237,0.28846876256128373,0.28989548757477307,0.2914350315884577,0.287786475673664,0.2820875910299849,0.2778985885410526,0.28030927462047245,0.2957784215473359,0.321527210053342,0.3479857836921719,0.3566831358304539,0.3565315459990517,0.3664058618415103,0.40577553624815826,0.4799231886486715,0.5797415059378525,0.6864291297779029,0.7686194210265325,0.7986390021330511,0.7756307606101474,0.7056924555023393,0.6025977495024202,0.4947163481472833,0.40927918822767084,0.3456758500018169,0.29900056050369456,0.2562335764854606,0.21211418850426952,0.16712972589765787,0.12927167194628394,0.09273634260810061,0.04501819296718995,-0.030230282842187706,-0.13805955244059434,-0.26124140561530357,-0.35891886895982295,-0.411944553719508,-0.43836724964536594,-0.4743296054639987,-0.5316786259034788,-0.5916793582227025,-0.6402032097105944,-0.6760239980809104,-0.6944078569121325,-0.6933680798065182,-0.6879499835414731,-0.6911722215912126,-0.7055852449059082,-0.723300419604853,-0.7471132778816537,-0.773833153619546,-0.7993644511236918,-0.810434303775113,-0.7922911251984358,-0.7333469519944391,-0.6412977871766311,-0.5544243752210379,-0.505039225484886,-0.5068821417799196,-0.5561834743375709,-0.6190321092648727,-0.6479447894043443,-0.6114474199500617,-0.49307534993203417,-0.33370784717271307,-0.20616922727412465,-0.13030201071204095,-0.08727631645908883,-0.05126672826102545,-0.016131759071148336,0.02585677544015817,0.08557636491512795,0.10816548229004863,0.06832513097264885,0.054857588754520896,0.06970243353284153,0.12215538963246535,0.21385965349797836,0.3274725136285251,0.431341682863637,0.49384340567485707,0.5060234570054084,0.4811554360864412,0.4348599297414136,0.3804690810912568,0.33183541614920736,0.2947394844487704,0.27315752952211114,0.27463074075526905,0.298549437247124,0.32572152167648455,0.34321706473585506,0.3536192913800902,0.3690632153167456,0.3977276783812549,0.4377482158526538,0.47825923059396036,0.505634834492887,0.5129208695721452,0.5132937565666846,0.5306633872305595,0.5769464286498288,0.6441367470639686,0.7070940731764552,0.7409577924042938,0.7336165618545029,0.6915262775660931,0.5996772386991849,0.4054894171777105,0.09438805177716832,-0.20452097145933212,-0.36477841045910375,-0.43421802523993797,-0.47211610214259087,-0.49712318877478734,-0.5104405455315781,-0.508252057462931,-0.494385992563671,-0.47623079762225057,-0.46449929758583774,-0.45943230285908615,-0.45734539571844013,-0.46228711685041896,-0.4820102723757711,-0.5212646031785091,-0.5793144943646491,-0.6539052409941999,-0.732833099956741,-0.7997427584035617,-0.8426082726190365,-0.8620036618027298,-0.862189089193622,-0.8416624740955495,-0.7956480847305215,-0.7286364679217977,-0.6597214578101277,-0.6076571378121823,-0.5821044673697717,-0.5755993587709692,-0.5710687988878583,-0.5564769224260112,-0.5051845231466213,-0.36978308534741644,-0.19615971672194077,-0.06767744280370257,-0.0013962585019736185,0.030763403513809615,0.05088648717783663,0.06553976270081437,0.08619729084372713,0.13180499976358692,0.20678620722084495,0.3115253991181408,0.42191757958554454,0.5207652572425155,0.5990417850498619,0.6541329817711108,0.6970172158508273,0.7371402862870478,0.7736313509095817,0.8034153562037277,0.8209348716319396,0.8210517355220001,0.8066402161336397,0.7883193518299111,0.7800205507514945,0.7887245611595223,0.8047055568681376,0.7992827914486288,0.753639415092124,0.7020786168473702,0.7051244314811985,0.7556798710692463,0.7931235740728705,0.7907169993169942,0.757097797629488,0.7165269861539862,0.6843814786302748,0.6509370187747457,0.6047144861195988,0.5575436741164789,0.5170555370610614,0.4864405150274074,0.4627597134948134,0.45219786177466653,0.463897587095796,0.47629335295551395,0.39342695665825506,0.24407270446138402,0.11193582590200779,0.0023090465095479784,-0.09752294669891637,-0.2069978610698908,-0.32930523126304156,-0.46658062652483845,-0.5999142776640667,-0.7170450100013904,-0.802416072388618,-0.85852775099774,-0.8974451434974069,-0.9201454464488984,-0.9268053225277894,-0.9219170656459047,-0.9027509311204454,-0.8636692027527284,-0.8065546245422273,-0.7481653957410704,-0.7022711410659032,-0.6669303513309717,-0.6411554711906766,-0.6295778422417434,-0.6384965243583427,-0.6640600422069814,-0.6979938955799758,-0.7305005445497104,-0.7565622382722195,-0.768052599894663,-0.7572661848508815,-0.7240296963819596,-0.6774920465499268,-0.6259364373015026,-0.5528186332080401,-0.4516013818963904,-0.328784076723722,-0.20475129150423696,-0.09322497814005719,-0.005100451567893306,0.055556954771884354,0.08283089230915386,0.0802985939555912,0.06286503485390327,0.04278823531183005,0.024758015382771566,0.029645269762371935,0.07457568576739484,0.15314383385653701,0.25453717575689805,0.35926370956012804,0.4503800253064246,0.5204223951272173,0.571721176632315,0.6012997936291045,0.6145009260935609,0.6167466570662756,0.6324121929202489,0.6743092101812387,0.7087333553736701,0.7104798974739799,0.6667784531429258,0.5814968845176496,0.4758027616610188,0.37921673187948457,0.3084481396108002,0.2598298700021017,0.23056953173132536,0.21763303693366234,0.21674651189509564,0.23340024723815136,0.26622899134001826,0.2990544850908465,0.320881072316139,0.3355665250828617,0.3379150086985622,0.3167299389911145,0.251276076684745,0.1285183222914133,-0.03694771941026252,-0.17618083852824018,-0.2424185401633158,-0.25767749581891847,-0.24629500112048763,-0.23343468735017975,-0.2437834773794439,-0.28432775317494874,-0.32365766823641695,-0.33412992124863805,-0.34547914361541787,-0.39033977500632394,-0.4557998862018445,-0.4897322349204768,-0.4718947969440448,-0.4354889228099502,-0.40727903402960774,-0.3889028796018555,-0.37949826381001867,-0.38386365996622235,-0.3977258250587254,-0.41401073397770427,-0.42221850656230464,-0.4121308625184715,-0.3897168307961523,-0.36165963391055145,-0.3312430141242639,-0.30294217695261644,-0.2934002875685785,-0.30126468910822624,-0.32389567722348156,-0.35749726495705636,-0.3731941375448667,-0.3592167197861569,-0.3058244392224449,-0.21743525727990454,-0.1155983421175482,-0.03651209154606395,-0.003363154374633194,-0.006770744731573596,-0.03330456235116992,-0.06760908722340277,-0.08737777499716348,-0.0715561706203022,-0.031514905631626046,0.01603856358245516,0.0676287980684132,0.12479855042473983,0.1969106169255086,0.27973404697701665,0.3586378625868449,0.42190243359020513,0.46828556895694573,0.5023835917895927,0.5199040541773939,0.5132705803330603,0.49899422815753275,0.4885585361400172,0.4758962406628833,0.44416126774789966,0.3873937348753979,0.33119259442887206,0.30447146271248265,0.3064817715091315,0.335162454011324,0.3868790286558308,0.4524639993506948,0.5217295719721848
